0.008403
0.003950
0.007833
0.007986
0.009117
0.001984
0.003359
0.007685
0.002785
0.005544
0.004779
0.006292
0.003654
0.005139
0.009523
0.009163
0.006361
0.007176
0.001425
0.006074
0.000173
0.002436
0.001381
0.008044
0.001575
0.004015
0.001307
0.001097
0.009989
0.002190
0.005134
0.008393
0.006130
0.002967
0.006379
0.005248
0.004941
0.009728
0.002932
0.007716
0.005272
0.007701
0.004008
0.008916
0.002840
0.003531
0.008079
0.009191
0.000707
0.009494
0.005265
0.000870
0.001930
0.006636
0.008903
0.003495
0.000651
0.000210
0.004582
0.000640
0.002390
0.009707
0.009023
0.008511
0.002674
0.005402
0.003758
0.007605
0.005130
0.006681
0.005321
0.000402
0.004382
0.009319
0.009309
0.007212
0.002850
0.007388
0.006403
0.003547
0.006882
0.001668
0.004407
0.008802
0.008294
0.003310
0.002297
0.008935
0.003510
0.006870
0.009565
0.005891
0.006576
0.008588
0.004401
0.009240
0.003990
0.008150
0.006845
0.009111
0.004830
0.002166
0.009503
0.009202
0.001485
0.008812
0.006414
0.004325
0.006200
0.002818
0.007862
0.003082
0.004476
0.002269
0.001883
0.002770
0.005569
0.004171
0.001704
0.009069
0.001041
0.001269
0.004959
0.007607
0.009848
0.009351
0.006848
0.003838
0.007500
0.003693
0.002949
0.002330
0.005849
0.002452
0.001532
0.007324
0.001263
0.007937
0.001649
0.007453
0.000755
0.009502
0.000535
0.005220
0.001770
0.002408
0.007980
0.007329
0.006569
0.009674
0.006398
0.007600
0.000944
0.001358
0.005207
0.000792
0.000708
0.002055
0.004620
0.008199
0.005737
0.007558
0.000529
0.001586
0.010000
0.002051
0.008901
0.001263
0.009978
0.000550
0.008707
0.000733
0.000052
0.009231
0.005943
0.001812
0.001640
0.003923
0.009131
0.008199
0.003597
0.005529
0.005799
0.004531
0.006877
0.001005
0.005313
0.007575
0.003050
0.009922
0.005774
0.008777
0.007481
0.006293
0.000364
0.007481
0.008334
0.009255
0.008734
0.008312
0.009795
0.007441
0.009035
0.009836
0.006672
0.004978
0.001648
0.008302
0.008891
0.000779
0.006501
0.002488
0.006299
0.002299
0.007009
0.003176
0.003294
0.002322
0.000751
0.006334
0.002244
0.006515
0.005112
0.009715
0.002808
0.005466
0.007195
0.001142
0.004720
0.005929
0.009444
0.004515
0.003370
0.008478
0.004351
0.000042
0.003456
0.005989
0.008334
0.002347
0.006758
0.004835
0.004825
0.003057
0.007124
0.001834
0.006222
0.000418
0.004146
0.006963
0.006743
0.006380
0.003478
0.001854
0.006095
0.006275
0.007310
0.003290
0.007407
0.002030
0.009210
0.006851
0.006535
0.002580
0.005329
0.000886
0.002612
0.008775
0.006864
0.000946
0.001122
0.003622
0.005771
0.005936
0.006669
0.002895
0.007760
0.002891
0.003303
0.001906
0.009844
0.000046
0.008276
0.003321
0.001890
0.004371
0.009587
0.009190
0.007651
0.006994
0.001220
0.006861
0.003844
0.007745
0.009431
0.009164
0.008621
0.002043
0.007939
0.005485
0.002980
0.009050
0.009097
0.008741
0.004986
0.005766
0.001636
0.002746
0.008647
0.004929
0.004642
0.008491
0.004965
0.002918
0.001812
0.006845
0.007278
0.001399
0.006035
0.004929
0.008383
0.007245
0.001790
0.002227
0.004990
0.001221
0.001391
0.003611
0.003255
0.009320
0.009086
0.006225
0.008370
0.008183
0.004966
0.003356
0.003949
0.006592
0.006093
0.002596
0.001521
0.000735
0.001087
0.006476
0.003642
0.002890
0.003321
0.000921
0.004279
0.009346
0.005840
0.002662
0.006591
0.007620
0.004879
0.001581
0.008832
0.006260
0.005182
0.002086
0.005580
0.004268
0.008301
0.003950
0.002451
0.003267
0.007296
0.006390
0.009849
0.003389
0.008977
0.001369
0.004114
0.000064
0.007835
0.007746
0.002944
0.001156
0.008657
0.007213
0.000501
0.004497
0.009865
0.007082
0.002117
0.004744
0.008653
0.000948
0.001005
0.003835
0.003025
0.006575
0.008093
0.001326
0.000525
0.000544
0.004583
0.007811
0.006924
0.004431
0.001200
0.005900
0.005791
0.005304
0.005955
0.003626
0.003050
0.008888
0.004771
0.001707
0.006101
0.005262
0.006193
0.005966
0.002344
0.008300
0.000710
0.000997
0.009238
0.001705
0.004823
0.002263
0.008269
0.002915
0.003578
0.008784
0.003449
0.008151
0.006595
0.000373
0.002582
0.007785
0.006263
0.008363
0.003088
0.002218
0.001988
0.006128
0.001106
0.006749
0.007825
0.007197
0.002012
0.004018
0.003163
0.004346
0.002318
0.003864
0.005333
0.001556
0.005558
0.000156
0.003808
0.003828
0.003061
0.007377
0.002612
0.006500
0.005528
0.009197
0.006863
0.008100
0.006982
0.003126
0.006462
0.000070
0.005334
0.008441
0.006188
0.006430
0.005190
0.004013
0.003628
0.007191
0.008021
0.006781
0.001537
0.000339
0.000645
0.006860
0.001884
0.006193
0.007006
0.005683
0.000021
0.000067
0.003059
0.002623
0.006557
0.008577
0.001820
0.003420
0.006677
0.008791
0.006537
0.003139
0.008851
0.001871
0.001580
0.005040
0.008291
0.006760
0.009043
0.001919
0.003951
0.007064
0.008691
0.005478
0.007392
0.009326
0.002339
0.009266
0.005519
0.009335
0.004949
0.005530
0.009392
0.007998
0.008143
0.005949
0.006575
0.009953
0.009359
0.003252
0.008744
0.005896
0.006381
0.007596
0.007756
0.007951
0.002635
0.006048
0.004711
0.001678
0.007957
0.008652
0.008731
0.006647
0.004131
0.006124
0.005973
0.006460
0.005390
0.001492
0.005794
0.000339
0.007012
0.005186
0.008328
0.005155
0.001135
0.004903
0.005108
0.000495
0.008145
0.003853
0.006380
0.004527
0.001448
0.004137
0.002478
0.004074
0.000184
0.007179
0.005741
0.008131
0.005831
0.004473
0.004779
0.009952
0.000597
0.000752
0.006411
0.005977
0.002234
0.002206
0.006306
0.009236
0.007382
0.004634
0.004391
0.008507
0.009527
0.009490
0.008992
0.007672
0.003342
0.005372
0.002199
0.004781
0.009499
0.004667
0.008844
0.009673
0.001846
0.004586
0.007804
0.007667
0.009049
0.002583
0.007619
0.009635
0.003325
0.004030
0.005612
0.005549
0.006225
0.001918
0.004785
0.003607
0.006542
0.009166
0.002115
0.006069
0.008656
0.001107
0.003742
0.001998
0.006469
0.005931
0.006769
0.005967
0.000598
0.005613
0.005641
0.002434
0.000199
0.003445
0.000101
0.009238
0.006018
0.007709
0.008873
0.009333
0.001739
0.004485
0.004882
0.007954
0.006394
0.009657
0.001562
0.002936
0.008823
0.003667
0.008995
0.007479
0.004763
0.002737
0.009467
0.001232
0.008658
0.006236
0.007189
0.009246
0.001849
0.002830
0.001680
0.002038
0.006265
0.001771
0.001275
0.002283
0.009470
0.000149
0.001617
0.001209
0.004624
0.006489
0.009153
0.001018
0.006146
0.000715
0.003944
0.004969
0.004371
0.002939
0.002448
0.009125
0.005666
0.001915
0.000357
0.004324
0.008141
0.007536
0.003570
0.009980
0.000366
0.005240
0.002017
0.006621
0.007001
0.003283
0.008895
0.006471
0.003421
0.000511
0.007669
0.008035
0.006990
0.006822
0.009043
0.003136
0.007527
0.002986
0.008096
0.001899
0.005915
0.000544
0.001024
0.001581
0.002449
0.001370
0.005895
0.000590
0.008897
0.009456
0.000570
0.009253
0.004696
0.002577
0.005874
0.001697
0.005850
0.004769
0.008157
0.009261
0.005270
0.005827
0.007297
0.002260
0.002649
0.006340
0.005386
0.000176
0.009316
0.003482
0.002065
0.005231
0.004016
0.003079
0.006802
0.006455
0.004439
0.002698
0.007035
0.003336
0.002153
0.007594
0.002589
0.006839
0.000172
0.008453
0.008526
0.006012
0.003222
0.006683
0.005273
0.008482
0.002510
0.002570
0.000742
0.005149
0.008899
0.006118
0.005315
0.008215
0.009590
0.007370
0.003446
0.003606
0.000449
0.000248
0.000061
0.004878
0.002936
0.007086
0.008203
0.005079
0.004680
0.000792
0.001918
0.004842
0.009235
0.000444
0.000853
0.002456
0.007116
0.006116
0.000938
0.009616
0.008676
0.001669
0.004765
0.007575
0.007777
0.000080
0.005790
0.007367
0.007440
0.009226
0.000973
0.007879
0.009465
0.001024
0.002756
0.002401
0.008099
0.000959
0.007470
0.002779
0.001741
0.009378
0.007611
0.000976
0.009811
0.008454
0.003422
0.006928
0.004571
0.004350
0.006544
0.003247
0.006009
0.001308
0.000822
0.003786
0.001378
0.006602
0.001153
0.008808
0.005829
0.002117
0.006687
0.005294
0.003130
0.009433
0.007684
0.001230
0.000392
0.005154
0.003999
0.002124
0.004532
0.001610
0.003089
0.004343
0.000064
0.006501
0.001271
0.004625
0.000851
0.007805
0.007861
0.006850
0.009103
0.008673
0.000636
0.000481
0.005275
0.001780
0.009279
0.001104
0.003886
0.005966
0.006388
0.007006
0.005399
0.004072
0.008226
0.005781
0.009216
0.002225
0.007895
0.003748
0.003825
0.000984
0.008082
0.003879
0.007475
0.009342
0.008494
0.008316
0.007147
0.006356
0.005166
0.006250
0.005029
0.005792
0.006722
0.000304
0.007562
0.006001
0.001399
0.001448
0.001967
0.007776
0.008444
0.007356
0.001848
0.006670
0.003137
0.001065
0.008885
0.001031
0.004803
0.002711
0.002005
0.002884
0.006580
0.009471
0.002227
0.005074
0.007787
0.009364
0.001430
0.002953
0.005614
0.006449
0.008735
0.002336
0.006743
0.006297
0.008327
0.008132
0.007735
0.000294
0.005908
0.006180
0.007640
0.007747
0.002850
0.000777
0.008801
0.001735
0.001798
0.003604
0.004436
0.003793
0.006479
0.001016
0.003264
0.008696
0.006080
0.001051
0.008060
0.007500
0.003994
0.003674
0.003948
0.002729
0.006000
0.000692
0.009016
0.004328
0.008814
0.006752
0.004612
0.004722
0.002931
0.002252
0.002468
0.005771
0.003019
0.001270
0.007497
0.004807
0.004864
0.001933
0.008590
0.001343
0.002939
0.001854
0.000038
0.009009
0.002895
0.008088
0.006508
0.006878
0.001762
0.000457
0.009598
0.007753
0.001139
0.008614
0.002080
0.009942
0.005366
0.006682
0.004664
0.008287
0.008924
0.007122
0.004059
0.001943
0.008381
0.001556
0.006740
0.003245
0.003478
0.005330
0.004578
0.006407
0.007174
0.004606
0.005416
0.000068
0.002694
0.001924
0.006937
0.004447
0.002371
0.006534
0.002199
0.003500
0.005148
0.004270
0.003442
0.000514
0.000952
0.008095
0.008791
0.009867
0.005217
0.002850
0.001810
0.003599
0.004396
0.008539
0.006834
0.007864
0.003869
0.001412
0.004271
0.001043
0.006008
0.009677
0.001101
0.008692
0.001602
0.008028
0.003139
0.003963
0.004562
0.005328
0.007453
0.009701
0.009588
0.000894
0.000215
0.000540
0.008980
0.008996
0.000407
0.004197
0.001846
0.002206
0.007786
0.006232
0.000746
0.004620
0.004096
0.004605
0.006022
0.008357
0.005638
0.002030
0.008034
0.006729
0.000723
0.009626
0.004757
0.003851
0.003589
0.009309
0.009169
0.001041
0.009010
0.008757
0.001926
0.009215
0.009287
0.000906
0.008211
0.009684
0.005093
0.000057
0.001891
0.002879
0.006279
0.002626
0.007489
0.000375
0.007221
0.003512
0.008722
0.002859
0.005532
0.006756
0.009578
0.006244
0.006382
0.004334
0.000096
0.009960
0.003644
0.009255
0.001002
0.002654
0.008012
0.002918
0.001868
0.007300
0.003813
0.000079
0.006984
0.008896
0.000127
0.008865
0.001775
0.006396
0.001491
0.009255
0.006760
0.008702
0.002766
0.005482
0.001560
0.008288
0.002238
0.001138
0.004532
0.008609
0.005462
0.004618
0.008570
0.009096
0.003873
0.009562
0.001750
0.001885
0.002479
0.003608
0.009175
0.006283
0.003678
0.006159
0.005179
0.003794
0.005023
0.006944
0.000190
0.006504
0.006199
0.006940
0.005206
0.008955
0.002422
0.006756
0.007243
0.004649
0.007884
0.001775
0.003259
0.003347
0.006383
0.001828
0.002443
0.000256
0.001390
0.004182
0.002131
0.003859
0.007780
0.001305
0.000141
0.001458
0.007454
0.005310
0.005242
0.002477
0.002254
0.005422
0.008972
0.008443
0.002362
0.004178
0.007397
0.004774
0.000934
0.004640
0.009413
0.008808
0.006405
0.002672
0.002155
0.002787
0.004490
0.004588
0.003033
0.005870
0.008761
0.005153
0.009718
0.006541
0.006449
0.009850
0.007989
0.003903
0.005160
0.003231
0.006370
0.007404
0.008643
0.005342
0.005847
0.001005
0.009509
0.003244
0.005769
0.000443
0.007874
0.005182
0.009242
0.004279
0.007844
0.001397
0.007056
0.002333
0.005975
0.000089
0.008193
0.004736
0.005232
0.007911
0.001277
0.001681
0.007761
0.009256
0.005574
0.002921
0.002487
0.001944
0.000326
0.001130
0.007275
0.006163
0.002126
0.006785
0.009397
0.007885
0.007218
0.007271
0.003067
0.006460
0.001550
0.000910
0.007847
0.008596
0.003234
0.003822
0.008675
0.001427
0.008548
0.003907
0.009328
0.009815
0.005577
0.007089
0.009071
0.001151
0.000010
0.001558
0.003085
0.000326
0.002678
0.000360
0.006479
0.004794
0.007135
0.005876
0.002679
0.004353
0.003147
0.005735
0.000813
0.004687
0.006636
0.008650
0.003283
0.009860
0.002472
0.001958
0.001286
0.001020
0.005854
0.000614
0.000835
0.001431
0.007693
0.009896
0.002572
0.007694
0.001453
0.005647
0.008010
0.004121
0.005997
0.004489
0.008905
0.003132
0.000365
0.001584
0.007475
0.003502
0.007309
0.008278
0.008179
0.003945
0.006928
0.001462
0.003805
0.009390
0.003410
0.005081
0.000410
0.009254
0.005685
0.001235
0.000685
0.003378
0.001131
0.003248
0.001072
0.002574
0.008885
0.009071
0.006686
0.004882
0.003560
0.005591
0.008003
0.003915
0.007165
0.005478
0.007407
0.004474
0.003756
0.005586
0.008410
0.000684
0.007039
0.002215
0.000074
0.000448
0.007286
0.000475
0.009692
0.002971
0.001700
0.000378
0.006339
0.002821
0.003616
0.007401
0.005385
0.002500
0.006472
0.002071
0.007372
0.000032
0.007652
0.005375
0.003937
0.004816
0.000853
0.001344
0.009281
0.004599
0.006921
0.007690
0.005273
0.003959
0.009895
0.005337
0.004398
0.007181
0.005802
0.004090
0.000151
0.007492
0.004458
0.006480
0.000313
0.008063
0.003881
0.005688
0.000564
0.000353
0.007749
0.007925
0.000375
0.005400
0.003300
0.004302
0.000217
0.004143
0.005636
0.009488
0.008732
0.002557
0.007178
0.004005
0.006506
0.007073
0.009332
0.000903
0.004253
0.005134
0.004983
0.004395
0.002626
0.009431
0.000875
0.002929
0.007495
0.004746
0.008607
0.008048
0.005089
0.006356
0.005974
0.005453
0.001757
0.009264
0.009745
0.001963
0.003407
0.005381
0.001451
0.002139
0.007928
0.008619
0.006134
0.004433
0.005692
0.005467
0.005327
0.009935
0.000601
0.000310
0.004330
0.003217
0.009732
0.005195
0.006136
0.007227
0.009931
0.004744
0.005275
0.005020
0.001100
0.001248
0.000473
0.002846
0.000512
0.000218
0.004800
0.003909
0.005590
0.006241
0.006038
0.003517
0.004860
0.002172
0.007941
0.000552
0.007629
0.003268
0.000487
0.008220
0.003568
0.004807
0.001437
0.003300
0.009992
0.007564
0.000526
0.009924
0.002308
0.005791
0.004943
0.003397
0.007030
0.005407
0.006234
0.007532
0.005615
0.001033
0.001441
0.001205
0.007264
0.007469
0.004712
0.002124
0.009631
0.002653
0.002666
0.007260
0.005911
0.003142
0.005481
0.009469
0.007940
0.006908
0.002768
0.007932
0.004472
0.003285
0.007856
0.006770
0.009066
0.002799
0.000167
0.006096
0.008196
0.006390
0.003628
0.003811
0.007414
0.005058
0.005005
0.004678
0.002527
0.009707
0.006792
0.002159
0.002360
0.009448
0.009409
0.008261
0.002590
0.004890
0.007729
0.000530
0.001798
0.000498
0.008452
0.006260
0.003773
0.006307
0.003029
0.002839
0.009096
0.003186
0.008924
0.007292
0.009567
0.002552
0.001102
0.006980
0.007600
0.006097
0.001659
0.000127
0.005805
0.008440
0.002276
0.008155
0.007888
0.001685
0.006415
0.000478
0.006564
0.004145
0.000998
0.008352
0.004633
0.009439
0.004612
0.008395
0.005746
0.007631
0.001234
0.004843
0.000817
0.000158
0.002134
0.000384
0.002700
0.003227
0.007354
0.000300
0.009314
0.009003
0.000417
0.005119
0.007443
0.002683
0.003274
0.005331
0.004358
0.009679
0.005799
0.000922
0.003824
0.006787
0.009264
0.008446
0.006226
0.003876
0.006841
0.001972
0.001507
0.008065
0.006805
0.002314
0.008213
0.008929
0.002688
0.000913
0.002156
0.000042
0.001203
0.001470
0.009035
0.001610
0.006579
0.006478
0.004283
0.009842
0.001809
0.008631
0.009521
0.007598
0.009543
0.003345
0.004385
0.008807
0.001791
0.000611
0.002683
0.008623
0.002573
0.004181
0.006688
0.009368
0.006485
0.004901
0.008297
0.009163
0.005804
0.000453
0.009196
0.006996
0.001913
0.008231
0.008596
0.008482
0.004709
0.002879
0.008324
0.006508
0.001509
0.007845
0.004106
0.001052
0.001190
0.008481
0.009849
0.002971
0.009082
0.002533
0.001594
0.001655
0.006704
0.008272
0.001023
0.003189
0.003173
0.009311
0.002352
0.008967
0.009754
0.001548
0.005964
0.001667
0.009768
0.004560
0.000149
0.004477
0.007429
0.008463
0.000984
0.008928
0.006308
0.005080
0.009971
0.007488
0.003562
0.009820
0.000459
0.002644
0.002353
0.002044
0.004289
0.009046
0.000316
0.005302
0.002235
0.003479
0.004613
0.004577
0.002447
0.004367
0.006115
0.008400
0.006024
0.005883
0.002960
0.006163
0.000360
0.000389
0.004626
0.001334
0.009307
0.000934
0.006405
0.009278
0.008412
0.009956
0.009098
0.008861
0.002600
0.001451
0.000905
0.006879
0.000497
0.001211
0.002181
0.002722
0.004681
0.006784
0.007289
0.007117
0.001151
0.003404
0.005518
0.007165
0.009277
0.008468
0.003328
0.009627
0.008847
0.007945
0.000961
0.008154
0.008868
0.007356
0.007432
0.007280
0.007312
0.006529
0.006142
0.009902
0.007970
0.007037
0.006780
0.008457
0.008238
0.008951
0.001179
0.002919
0.005735
0.008458
0.000036
0.006876
0.001862
0.005544
0.004041
0.001139
0.004011
0.007360
0.000765
0.002858
0.005304
0.001716
0.001012
0.004173
0.009062
0.008433
0.001453
0.006374
0.004963
0.007585
0.006276
0.002933
0.004622
0.003056
0.001389
0.002861
0.002007
0.002558
0.005770
0.007732
0.001016
0.005796
0.004608
0.002868
0.001340
0.008640
0.003997
0.005341
0.006000
0.004752
0.008189
0.001304
0.006459
0.009191
0.005467
0.005521
0.007624
0.006910
0.001895
0.002587
0.004496
0.008161
0.005509
0.009108
0.001217
0.006889
0.001969
0.003215
0.009437
0.007729
0.000947
0.000453
0.003525
0.005545
0.003311
0.004854
0.004185
0.007298
0.000195
0.000185
0.002050
0.008374
0.001479
0.008498
0.007565
0.006936
0.004019
0.005189
0.003847
0.005904
0.007766
0.008332
0.004065
0.003275
0.007440
0.005272
0.000164
0.009399
0.008477
0.009591
0.007128
0.009414
0.000045
0.000653
0.004959
0.003346
0.005497
0.009134
0.000643
0.005682
0.009309
0.002683
0.004057
0.000789
0.001182
0.001622
0.007715
0.005191
0.006801
0.001561
0.001095
0.004567
0.009884
0.005150
0.007832
0.007324
0.000422
0.007987
0.006723
0.008889
0.007578
0.003852
0.008303
0.007613
0.004494
0.003262
0.000958
0.009981
0.002396
0.001592
0.005664
0.001706
0.004265
0.009711
0.002484
0.005436
0.001333
0.000199
0.000627
0.008124
0.001750
0.001712
0.002691
0.001634
0.006852
0.000523
0.008948
0.007264
0.008500
0.005672
0.006154
0.006078
0.009513
0.004456
0.003691
0.004007
0.007708
0.004639
0.003989
0.000105
0.006221
0.009643
0.001800
0.000485
0.009354
0.004275
0.005912
0.000686
0.004464
0.006529
0.008800
0.006204
0.008231
0.001491
0.007828
0.005083
0.002004
0.006777
0.002347
0.000504
0.002448
0.008491
0.006572
0.001961
0.002947
0.000263
0.005959
0.000655
0.004892
0.009938
0.000750
0.001113
0.009581
0.002540
0.001589
0.008934
0.006805
0.007490
0.009611
0.001269
0.004019
0.008411
0.007463
0.002249
0.009891
0.005292
0.007322
0.001896
0.002068
0.009659
0.002390
0.004507
0.008150
0.008952
0.006458
0.001097
0.009206
0.002417
0.001742
0.004098
0.002355
0.002482
0.005201
0.001935
0.005012
0.006780
0.000870
0.001817
0.004270
0.000480
0.003076
0.008279
0.008881
0.000539
0.000528
0.008772
0.005821
0.007840
0.000668
0.007879
0.007499
0.003048
0.002386
0.005649
0.002000
0.008834
0.006736
0.001206
0.001251
0.008468
0.005294
0.003596
0.000950
0.000495
0.005521
0.005952
0.007265
0.006381
0.007759
0.001535
0.006851
0.000835
0.009803
0.005732
0.001364
0.000332
0.004504
0.007175
0.008162
0.005162
0.005055
0.005661
0.008200
0.007431
0.001310
0.000200
0.006265
0.008036
0.001395
0.007506
0.006504
0.006679
0.001102
0.007444
0.007164
0.006613
0.003396
0.004428
0.002994
0.001155
0.005953
0.009835
0.001980
0.005756
0.005567
0.003334
0.006078
0.000071
0.000509
0.004240
0.005223
0.005553
0.009891
0.003423
0.002984
0.001201
0.003612
0.009239
0.009227
0.004998
0.006745
0.005732
0.001677
0.007836
0.003176
0.008830
0.004449
0.006562
0.003259
0.007433
0.007706
0.009202
0.007268
0.009676
0.004958
0.002836
0.003010
0.001036
0.002897
0.003509
0.005265
0.008110
0.009052
0.005156
0.001533
0.002036
0.006347
0.005135
0.001275
0.005574
0.000133
0.008009
0.001306
0.001800
0.005845
0.004472
0.000630
0.000295
0.001033
0.003879
0.007718
0.008730
0.003081
0.004987
0.008406
0.008029
0.007812
0.001415
0.009054
0.000709
0.004914
0.004320
0.008809
0.003966
0.009466
0.000341
0.005992
0.005813
0.005466
0.007256
0.001387
0.005589
0.005265
0.002683
0.007379
0.001111
0.007145
0.007999
0.001395
0.008169
0.001878
0.009104
0.006898
0.004948
0.004090
0.005304
0.002977
0.001902
0.006709
0.002031
0.002601
0.001623
0.006341
0.001409
0.005579
0.005807
0.001741
0.001571
0.001620
0.007197
0.008817
0.002997
0.002786
0.004083
0.005671
0.000165
0.005183
0.002816
0.008153
0.006569
0.000984
0.000031
0.005672
0.007872
0.004969
0.009752
0.003176
0.007936
0.001655
0.009876
0.009957
0.004245
0.001499
0.006298
0.005645
0.007068
0.002105
0.007375
0.008629
0.003715
0.004572
0.007446
0.006702
0.007348
0.001529
0.002373
0.007503
0.006702
0.005178
0.005656
0.003271
0.006152
0.005677
0.008934
0.004025
0.000647
0.008686
0.007191
0.008573
0.000341
0.007067
0.008530
0.004576
0.008556
0.004829
0.000221
0.005624
0.006924
0.007586
0.004253
0.000639
0.002158
0.001699
0.007331
0.009496
0.003219
0.009693
0.006999
0.009911
0.004872
0.002655
0.003182
0.001024
0.008323
0.002116
0.005039
0.008959
0.000802
0.002230
0.007532
0.001133
0.009287
0.006062
0.005699
0.007842
0.000891
0.005909
0.003466
0.007805
0.003495
0.007709
0.008434
0.005644
0.009399
0.005765
0.005140
0.002617
0.005458
0.002139
0.002528
0.000330
0.004784
0.005700
0.001344
0.003107
0.007806
0.006373
0.002066
0.008598
0.008593
0.009588
0.009721
0.007879
0.005651
0.005419
0.005722
0.006532
0.001329
0.009178
0.004337
0.004814
0.006887
0.002771
0.000458
0.006286
0.008525
0.005587
0.008893
0.003983
0.007716
0.001421
0.004303
0.002500
0.007111
0.005637
0.005597
0.004917
0.002010
0.007653
0.003516
0.000602
0.007241
0.003236
0.008472
0.002892
0.008646
0.004194
0.009414
0.009964
0.003372
0.003750
0.004778
0.000259
0.006511
0.005226
0.006534
0.005036
0.000813
0.005427
0.009010
0.008519
0.006838
0.003313
0.001020
0.003949
0.008940
0.006606
0.008856
0.000950
0.004259
0.002371
0.001542
0.001500
0.005598
0.000014
0.004382
0.004244
0.004198
0.003796
0.004208
0.007559
0.007536
0.008976
0.007808
0.004047
0.004202
0.004343
0.009074
0.005006
0.009760
0.008084
0.003525
0.006597
0.001397
0.004535
0.000546
0.000337
0.001141
0.009392
0.001277
0.005390
0.001763
0.002809
0.006881
0.007351
0.002813
0.001263
0.001594
0.007001
0.005049
0.005792
0.004560
0.002585
0.004769
0.002368
0.006623
0.008961
0.006701
0.005696
0.003967
0.006460
0.003780
0.007482
0.003058
0.005167
0.002016
0.003594
0.005494
0.003147
0.002986
0.006761
0.008528
0.004739
0.009560
0.005408
0.002090
0.002373
0.006662
0.003674
0.009364
0.001711
0.009457
0.003924
0.004286
0.004226
0.006282
0.000908
0.003187
0.002983
0.006595
0.007144
0.009434
0.000375
0.004626
0.002491
0.005531
0.006632
0.006075
0.001025
0.009770
0.009051
0.007776
0.008297
0.003789
0.007336
0.003706
0.005869
0.009699
0.000367
0.009533
0.009063
0.002068
0.008990
0.002987
0.006344
0.003215
0.009259
0.007242
0.006392
0.002242
0.003836
0.003536
0.001676
0.004201
0.008152
0.004157
0.009722
0.004784
0.000233
0.000747
0.004553
0.009273
0.008514
0.002851
0.003063
0.005849
0.006546
0.008922
0.005548
0.006904
0.008455
0.004611
0.008962
0.007445
0.007587
0.005305
0.000660
0.006846
0.002547
0.007042
0.009078
0.006373
0.000578
0.000754
0.000574
0.008720
0.004902
0.000296
0.003504
0.005124
0.001034
0.008047
0.004397
0.009537
0.000898
0.007450
0.005387
0.007434
0.006371
0.000935
0.004338
0.004826
0.005536
0.003300
0.002271
0.003123
0.008595
0.002921
0.009959
0.001142
0.009953
0.009038
0.007505
0.000531
0.009782
0.008069
0.009241
0.004684
0.008355
0.002745
0.009798
0.009379
0.000792
0.004195
0.008916
0.001679
0.001645
0.004303
0.009104
0.008006
0.005228
0.003442
0.002833
0.000763
0.006731
0.005094
0.003876
0.005326
0.008004
0.003835
0.006457
0.007957
0.002873
0.003962
0.008479
0.002655
0.002031
0.007720
0.007328
0.000386
0.000464
0.007126
0.009755
0.001246
0.001321
0.008671
0.002915
0.002956
0.002974
0.002019
0.000962
0.008192
0.005450
0.003785
0.008945
0.002181
0.008869
0.002821
0.007497
0.006873
0.006647
0.003954
0.004830
0.009509
0.007907
0.003309
0.002164
0.009928
0.001029
0.009483
0.000314
0.001483
0.006609
0.000069
0.002718
0.007920
0.008730
0.005623
0.000876
0.001704
0.007632
0.001828
0.009886
0.003082
0.005603
0.008831
0.005254
0.004472
0.001652
0.002751
0.001345
0.008289
0.006695
0.006165
0.007798
0.004602
0.009464
0.009953
0.004530
0.000493
0.009435
0.004833
0.001966
0.006044
0.004893
0.004674
0.003964
0.003623
0.000297
0.004829
0.005317
0.007919
0.006648
0.005203
0.001002
0.002251
0.004035
0.006245
0.006713
0.005677
0.008986
0.008048
0.003966
0.005681
0.004214
0.001764
0.000283
0.003678
0.001717
0.004802
0.004161
0.001152
0.009626
0.006117
0.007186
0.004518
0.000791
0.001149
0.008131
0.001078
0.005969
0.003448
0.008987
0.002617
0.008642
0.009979
0.004858
0.002676
0.006224
0.001571
0.008343
0.005210
0.009609
0.002309
0.000890
0.003823
0.004063
0.001163
0.007491
0.005770
0.005955
0.001652
0.006912
0.005581
0.007759
0.004098
0.000099
0.008539
0.005237
0.008220
0.009607
0.001206
0.001668
0.008594
0.003813
0.000309
0.008573
0.008661
0.002975
0.004797
0.000231
0.001318
0.009997
0.009831
0.003618
0.000887
0.003653
0.007671
0.002040
0.001144
0.003441
0.007985
0.002786
0.000353
0.003566
0.000545
0.004442
0.003654
0.009074
0.009669
0.001874
0.008681
0.000875
0.003532
0.007275
0.004678
0.003831
0.005848
0.003339
0.006796
0.000645
0.003560
0.008105
0.000642
0.003391
0.001722
0.001519
0.007034
0.009383
0.003549
0.008168
0.002824
0.001534
0.000954
0.003168
0.005089
0.001489
0.007599
0.008734
0.000563
0.007268
0.000607
0.009234
0.008134
0.004129
0.006510
0.002812
0.007950
0.002358
0.006141
0.004746
0.002993
0.009691
0.002850
0.003625
0.003082
0.004562
0.005134
0.000116
0.003946
0.008673
0.008274
0.006760
0.000206
0.009219
0.009918
0.005286
0.000708
0.007517
0.004019
0.001261
0.004785
0.004616
0.000496
0.002919
0.008735
0.006996
0.005721
0.006685
0.009344
0.001861
0.001431
0.002337
0.001552
0.004271
0.005952
0.004624
0.008824
0.001086
0.004730
0.002769
0.009749
0.003005
0.009519
0.009945
0.002224
0.009437
0.005231
0.002922
0.006953
0.009240
0.004173
0.001739
0.003856
0.004659
0.004647
0.002592
0.001655
0.000368
0.009267
0.000999
0.002219
0.000697
0.003326
0.003762
0.004959
0.009268
0.008376
0.003782
0.000355
0.003107
0.006541
0.000103
0.006101
0.006060
0.000049
0.008315
0.005497
0.005269
0.001237
0.002450
0.004509
0.005400
0.004179
0.008355
0.000059
0.008816
0.000947
0.001704
0.009175
0.000213
0.002693
0.001394
0.000901
0.006009
0.005146
0.005849
0.005277
0.003522
0.009622
0.005622
0.006619
0.006163
0.005715
0.002720
0.002223
0.005754
0.001035
0.007710
0.001023
0.002261
0.000160
0.005522
0.007652
0.004329
0.003877
0.007701
0.003146
0.004813
0.009395
0.002320
0.005017
0.002088
0.003704
0.005907
0.008087
0.008840
0.001757
0.003364
0.002362
0.001378
0.008975
0.008971
0.007531
0.004690
0.001691
0.009744
0.000444
0.002715
0.007454
0.001456
0.004967
0.007605
0.006968
0.002618
0.001934
0.000845
0.000319
0.005070
0.005648
0.009704
0.007380
0.000665
0.001793
0.001084
0.006563
0.009869
0.009914
0.008309
0.003233
0.002276
0.009678
0.002208
0.001247
0.007209
0.006889
0.002928
0.006953
0.007322
0.005633
0.004407
0.008769
0.000600
0.002012
0.005737
0.003208
0.003936
0.006572
0.003518
0.008995
0.002220
0.003222
0.006375
0.002875
0.005005
0.007449
0.009428
0.004874
0.007364
0.007737
0.008097
0.009630
0.007415
0.000305
0.000877
0.004624
0.007184
0.003795
0.001576
0.004506
0.009418
0.005974
0.003275
0.000018
0.007975
0.009002
0.003216
0.001911
0.005573
0.006723
0.000906
0.007784
0.009936
0.007272
0.000659
0.004940
0.004721
0.000087
0.009804
0.002085
0.007814
0.007901
0.001715
0.005229
0.008196
0.002582
0.009843
0.005380
0.006366
0.001419
0.009876
0.005784
0.007383
0.003151
0.005792
0.005358
0.002152
0.008998
0.007259
0.007716
0.005721
0.008156
0.005500
0.005657
0.005428
0.006149
0.000597
0.000149
0.006226
0.000401
0.002223
0.004040
0.008292
0.003928
0.009260
0.006488
0.006500
0.009102
0.001868
0.002866
0.000522
0.001744
0.008640
0.007894
0.004885
0.004432
0.003253
0.007027
0.003430
0.000512
0.004743
0.009141
0.008658
0.000243
0.004798
0.004086
0.006382
0.005385
0.004224
0.002608
0.005776
0.006437
0.006638
0.004068
0.000365
0.005897
0.000556
0.006855
0.005000
0.002414
0.009711
0.005511
0.004148
0.008351
0.003406
0.009023
0.002783
0.006648
0.006050
0.006203
0.007151
0.000794
0.005345
0.005808
0.001027
0.000143
0.009884
0.007399
0.005519
0.004108
0.009996
0.001295
0.000546
0.006634
0.005353
0.000901
0.002532
0.005899
0.007746
0.007522
0.008304
0.007457
0.003033
0.002452
0.005808
0.006429
0.001475
0.008581
0.003077
0.007515
0.004785
0.000228
0.008299
0.000130
0.006026
0.009316
0.000263
0.005910
0.006715
0.005771
0.000018
0.006711
0.007056
0.000554
0.003345
0.002410
0.001445
0.005867
0.008299
0.009181
0.003389
0.006602
0.006637
0.006412
0.009044
0.002445
0.002840
0.000519
0.001026
0.005908
0.008025
0.005801
0.006125
0.006324
0.005921
0.002152
0.005640
0.006173
0.008052
0.002355
0.001945
0.008060
0.009055
0.008991
0.008604
0.002401
0.001401
0.000049
0.008258
0.009690
0.009219
0.001646
0.006292
0.005856
0.008048
0.005336
0.008292
0.000888
0.005845
0.009308
0.006786
0.003870
0.005109
0.002911
0.000194
0.001029
0.005053
0.005824
0.007193
0.003105
0.008168
0.009128
0.001165
0.007224
0.008119
0.009758
0.009614
0.009510
0.009797
0.007872
0.009199
0.009016
0.009508
0.005492
0.004872
0.007556
0.000828
0.003164
0.008435
0.006663
0.002472
0.005221
0.000533
0.007571
0.008122
0.000717
0.008590
0.003175
0.006531
0.005783
0.006269
0.004699
0.004911
0.007424
0.001923
0.003030
0.007182
0.001538
0.002540
0.006979
0.009400
0.001739
0.005995
0.008908
0.007221
0.000868
0.006465
0.008039
0.004022
0.004899
0.004702
0.006484
0.000120
0.005226
0.004055
0.008232
0.005933
0.002645
0.001407
0.002464
0.008418
0.007666
0.007153
0.003329
0.005090
0.009067
0.006349
0.002273
0.000604
0.008879
0.009242
0.009994
0.000618
0.005237
0.008902
0.007829
0.006095
0.005367
0.005867
0.000116
0.000266
0.000569
0.006590
0.000376
0.005785
0.000645
0.008598
0.001718
0.003280
0.009995
0.004172
0.001698
0.007661
0.001325
0.005017
0.002751
0.000392
0.001366
0.005014
0.000986
0.000244
0.004256
0.000980
0.000852
0.009483
0.009873
0.008671
0.005577
0.005240
0.004538
0.005684
0.005496
0.005097
0.002274
0.005863
0.000882
0.002908
0.004461
0.002589
0.006178
0.004456
0.006751
0.007865
0.002117
0.008066
0.002882
0.004859
0.008448
0.004238
0.009862
0.009424
0.004472
0.004118
0.000405
0.005314
0.003601
0.000278
0.003985
0.009168
0.005507
0.008512
0.004852
0.001004
0.003609
0.007115
0.006856
0.004481
0.000023
0.001317
0.007061
0.006191
0.005763
0.003812
0.004056
0.007870
0.001878
0.006928
0.002729
0.000326
0.001166
0.002591
0.009741
0.005629
0.006699
0.000145
0.000943
0.000300
0.000413
0.004917
0.009458
0.005910
0.003430
0.004310
0.006904
0.007029
0.001425
0.003760
0.001511
0.001438
0.005067
0.008561
0.007619
0.000830
0.002373
0.001675
0.008690
0.004241
0.008594
0.001419
0.004557
0.009750
0.004000
0.004298
0.005379
0.000699
0.004433
0.006311
0.000990
0.004836
0.001229
0.000448
0.000746
0.004649
0.004747
0.007640
0.001678
0.006162
0.001401
0.003179
0.007590
0.006458
0.001740
0.005209
0.007279
0.004103
0.006875
0.005969
0.008333
0.005468
0.007378
0.002890
0.005219
0.001378
0.007178
0.000597
0.002068
0.001611
0.006899
0.003047
0.006437
0.008118
0.003485
0.007173
0.002767
0.008223
0.004814
0.004435
0.004385
0.006205
0.007604
0.001975
0.002663
0.009334
0.007175
0.009931
0.003437
0.004049
0.005900
0.001770
0.009508
0.003279
0.004650
0.004726
0.004647
0.001828
0.005314
0.006705
0.003429
0.002212
0.009742
0.009856
0.000330
0.003227
0.007029
0.003087
0.001450
0.001843
0.007512
0.005825
0.008038
0.005115
0.007790
0.000700
0.004449
0.004965
0.000632
0.007876
0.009004
0.006522
0.009636
0.008512
0.009791
0.004286
0.003238
0.004438
0.006104
0.008541
0.001142
0.009524
0.000754
0.000885
0.009380
0.001074
0.004102
0.006409
0.004151
0.005542
0.008242
0.001662
0.001367
0.006280
0.006767
0.009148
0.006970
0.001216
0.004112
0.007592
0.009082
0.003116
0.004114
0.008718
0.001628
0.003905
0.003004
0.004856
0.008333
0.009098
0.003397
0.009465
0.008622
0.004141
0.000350
0.008001
0.005205
0.004442
0.004410
0.009345
0.009975
0.002652
0.001007
0.001342
0.008922
0.007765
0.000490
0.005893
0.008971
0.004592
0.003485
0.008053
0.007698
0.007589
0.006771
0.009316
0.001494
0.009764
0.004172
0.009817
0.008862
0.007559
0.009282
0.007484
0.001700
0.009622
0.005485
0.006895
0.004064
0.009885
0.006240
0.004038
0.002538
0.007238
0.005370
0.001460
0.005003
0.005850
0.007342
0.003974
0.000442
0.000827
0.002027
0.008130
0.008406
0.008788
0.007446
0.009890
0.008552
0.001618
0.009706
0.007414
0.009167
0.008988
0.004898
0.000867
0.008610
0.000383
0.007753
0.002674
0.000268
0.003993
0.006702
0.002796
0.001231
0.002072
0.004246
0.006224
0.007912
0.001588
0.000198
0.008344
0.002405
0.002215
0.006474
0.000811
0.001002
0.003920
0.000701
0.009544
0.005528
0.000407
0.006958
0.004696
0.009385
0.001856
0.005553
0.007995
0.002230
0.003306
0.000668
0.002488
0.007289
0.007360
0.005274
0.008510
0.009422
0.009509
0.004733
0.007334
0.001097
0.004921
0.005678
0.003492
0.007125
0.002152
0.004293
0.008117
0.006062
0.004984
0.007662
0.001591
0.005381
0.004620
0.006276
0.004766
0.006466
0.001829
0.002761
0.008686
0.005125
0.003419
0.001174
0.002414
0.000780
0.006438
0.000923
0.000202
0.005947
0.005646
0.007526
0.007034
0.000567
0.003205
0.000526
0.007682
0.005347
0.004809
0.005800
0.001409
0.009783
0.003462
0.002989
0.005163
0.008072
0.009256
0.009919
0.004538
0.001085
0.002680
0.003224
0.006200
0.006089
0.004388
0.008604
0.006859
0.000826
0.009517
0.007051
0.006762
0.005163
0.004577
0.003796
0.005720
0.007772
0.004312
0.003403
0.003118
0.009111
0.009193
0.004517
0.008894
0.002654
0.007497
0.004057
0.000726
0.006752
0.003976
0.005254
0.007828
0.006646
0.008468
0.004028
0.002735
0.002856
0.002631
0.009583
0.003671
0.002148
0.006634
0.000434
0.007301
0.001211
0.004220
0.003021
0.008972
0.008523
0.006414
0.002091
0.007634
0.005606
0.006598
0.006527
0.008250
0.004095
0.000584
0.008966
0.000847
0.004550
0.004220
0.008665
0.001196
0.002688
0.002692
0.003921
0.005533
0.005313
0.003504
0.009195
0.007451
0.000138
0.009619
0.004752
0.001339
0.003839
0.007763
0.000311
0.002362
0.004176
0.002392
0.009985
0.009773
0.008980
0.006513
0.008023
0.003075
0.007087
0.006989
0.003912
0.001637
0.001208
0.002576
0.002824
0.003886
0.005258
0.006735
0.009409
0.000572
0.000239
0.008604
0.008013
0.000367
0.008223
0.002764
0.001696
0.002062
0.000527
0.001997
0.004414
0.004693
0.004380
0.004399
0.004466
0.003360
0.000912
0.002489
0.006424
0.007989
0.009468
0.000336
0.009616
0.000676
0.002902
0.002440
0.004552
0.008151
0.009165
0.003961
0.008712
0.009394
0.002566
0.006725
0.009751
0.000789
0.009479
0.001447
0.002841
0.009997
0.003434
0.007245
0.004690
0.007804
0.001644
0.009146
0.001163
0.002546
0.001635
0.007577
0.000534
0.001102
0.007903
0.000151
0.001768
0.000806
0.002581
0.006310
0.008946
0.001745
0.000272
0.007659
0.001139
0.002827
0.004384
0.000889
0.003606
0.003863
0.002326
0.006437
0.003860
0.005750
0.003682
0.008540
0.003554
0.005316
0.007686
0.004707
0.007851
0.009311
0.002285
0.008376
0.000413
0.000188
0.008516
0.002172
0.000984
0.001097
0.008472
0.009920
0.002832
0.008733
0.007579
0.003961
0.001561
0.001963
0.004841
0.005157
0.005816
0.007157
0.001594
0.009666
0.002908
0.005266
0.008206
0.006452
0.000582
0.005892
0.001159
0.008424
0.005203
0.003434
0.006800
0.005606
0.003612
0.005316
0.007768
0.004586
0.006403
0.006240
0.004506
0.009226
0.004973
0.002085
0.003187
0.006524
0.004038
0.008018
0.001681
0.009844
0.005175
0.003265
0.009510
0.008073
0.008522
0.007716
0.004524
0.009094
0.003608
0.005673
0.007518
0.008801
0.009097
0.004318
0.004408
0.002709
0.009624
0.002176
0.007285
0.006027
0.008405
0.001791
0.005253
0.003379
0.003866
0.008430
0.009893
0.007894
0.006448
0.001574
0.007738
0.001623
0.004829
0.007248
0.009686
0.003351
0.004965
0.004210
0.002445
0.008563
0.009873
0.009953
0.007364
0.008971
0.004271
0.001772
0.001680
0.003894
0.003938
0.008955
0.009912
0.002343
0.000747
0.005165
0.005712
0.004603
0.003595
0.005605
0.002497
0.000043
0.007168
0.000236
0.001656
0.001997
0.007474
0.001342
0.005338
0.002439
0.005542
0.007773
0.001001
0.005415
0.007726
0.008356
0.004386
0.001997
0.000128
0.006056
0.005881
0.004056
0.005012
0.005793
0.006389
0.005748
0.000958
0.002101
0.000351
0.004542
0.007695
0.002839
0.004575
0.004864
0.003065
0.006221
0.006851
0.000539
0.007553
0.002189
0.002967
0.003095
0.009952
0.003959
0.008500
0.007678
0.002315
0.002886
0.009665
0.002432
0.008932
0.005547
0.006478
0.003944
0.001340
0.002867
0.009682
0.002287
0.004957
0.000034
0.006819
0.002653
0.002863
0.001394
0.007506
0.005917
0.007605
0.004357
0.006446
0.005158
0.006536
0.009403
0.008243
0.006489
0.003362
0.006743
0.004167
0.005667
0.009619
0.003832
0.008089
0.008551
0.009369
0.004567
