0.007589
0.006327
0.007754
0.005573
0.000706
0.004719
0.009522
0.008319
0.001509
0.006144
0.002923
0.009901
0.003717
0.003784
0.001419
0.003077
0.006002
0.006708
0.008518
0.003781
0.002135
0.009134
0.004893
0.009181
0.001580
0.004509
0.009920
0.002121
0.008294
0.000776
0.005507
0.005883
0.007093
0.003262
0.001457
0.007790
0.007971
0.000978
0.006109
0.009469
0.007112
0.009022
0.009370
0.000829
0.002806
0.000789
0.003896
0.008798
0.007488
0.002415
0.002579
0.009613
0.001549
0.007462
0.008795
0.003119
0.001972
0.008715
0.005231
0.000266
0.009481
0.000738
0.006139
0.006574
0.003989
0.007585
0.004364
0.001960
0.008554
0.000473
0.001429
0.005666
0.009486
0.000800
0.006485
0.002292
0.001579
0.000381
0.001090
0.009057
0.002786
0.003659
0.008670
0.004325
0.001122
0.007464
0.007434
0.003083
0.006179
0.002665
0.003339
0.005660
0.003393
0.009468
0.002235
0.007372
0.007053
0.006589
0.009322
0.005607
0.007052
0.000752
0.001273
0.006538
0.001541
0.007748
0.008819
0.003110
0.008120
0.009899
0.002167
0.000906
0.003558
0.000837
0.005221
0.004669
0.008291
0.002655
0.007743
0.004470
0.005310
0.001081
0.000130
0.008692
0.000549
0.002355
0.006065
0.007592
0.008934
0.005387
0.003199
0.005985
0.006128
0.004463
0.002523
0.007660
0.002211
0.001342
0.000770
0.000331
0.001241
0.002927
0.001227
0.004789
0.003754
0.006437
0.009448
0.002045
0.009082
0.007191
0.006505
0.004392
0.008262
0.006625
0.003084
0.008801
0.008970
0.009139
0.006394
0.007903
0.004526
0.009583
0.003889
0.000654
0.004046
0.006402
0.008304
0.006247
0.007734
0.009064
0.006568
0.008965
0.001990
0.007785
0.003753
0.005734
0.004222
0.003201
0.007768
0.003304
0.000392
0.004273
0.007685
0.008645
0.000898
0.000769
0.007446
0.009857
0.009898
0.003840
0.007760
0.004424
0.003423
0.001649
0.005068
0.007459
0.008040
0.003371
0.003706
0.005774
0.002435
0.000274
0.004739
0.004415
0.008049
0.008482
0.000149
0.002270
0.001683
0.007908
0.005564
0.002066
0.002181
0.003249
0.000710
0.003068
0.004009
0.008146
0.002926
0.003907
0.001986
0.000686
0.008321
0.005399
0.002325
0.003388
0.002858
0.000365
0.006750
0.006555
0.006129
0.009175
0.006819
0.000868
0.003590
0.004868
0.009340
0.003729
0.007128
0.001023
0.001637
0.002692
0.003079
0.003807
0.005932
0.003779
0.006865
0.009930
0.001925
0.009781
0.003837
0.003901
0.000467
0.002158
0.009290
0.002782
0.005537
0.002149
0.003137
0.002286
0.008693
0.009257
0.001461
0.005512
0.000125
0.005041
0.000380
0.009455
0.008760
0.007498
0.000478
0.000396
0.000190
0.003547
0.004193
0.006112
0.007316
0.001059
0.006042
0.009231
0.000840
0.009869
0.003133
0.001297
0.002027
0.002423
0.004069
0.007554
0.004562
0.007196
0.009830
0.003255
0.006453
0.001291
0.008757
0.006567
0.006322
0.009126
0.006022
0.005081
0.006624
0.006490
0.005468
0.006804
0.000037
0.009651
0.002916
0.007343
0.000710
0.008948
0.006574
0.001539
0.008817
0.009697
0.002826
0.000844
0.002120
0.006885
0.008388
0.006672
0.004081
0.008219
0.009916
0.000534
0.009500
0.008673
0.007091
0.005822
0.007799
0.003113
0.000903
0.004424
0.009593
0.006361
0.001228
0.009620
0.006012
0.004133
0.006962
0.006711
0.003081
0.003537
0.008240
0.001898
0.003234
0.001067
0.002732
0.005344
0.007941
0.001121
0.002015
0.002022
0.009329
0.001932
0.002546
0.008829
0.000605
0.009627
0.004651
0.008394
0.002740
0.005544
0.002818
0.002332
0.001905
0.004035
0.001952
0.007907
0.008158
0.008904
0.004618
0.001239
0.002441
0.002858
0.003127
0.005664
0.003915
0.005849
0.001008
0.001856
0.006960
0.003013
0.003869
0.006289
0.004935
0.006405
0.005118
0.005529
0.006031
0.009759
0.003923
0.008761
0.005303
0.006731
0.001093
0.007198
0.000766
0.003035
0.005105
0.008914
0.001940
0.009713
0.000153
0.004370
0.002571
0.003270
0.000035
0.006476
0.009109
0.001033
0.008322
0.006069
0.004036
0.002191
0.002358
0.008960
0.008585
0.007466
0.004490
0.004617
0.007225
0.008403
0.003378
0.002529
0.005134
0.004461
0.009717
0.005889
0.007486
0.004822
0.004804
0.009416
0.004534
0.004947
0.003786
0.007095
0.008207
0.003811
0.003571
0.007316
0.004834
0.001893
0.003385
0.008860
0.004073
0.005733
0.007820
0.002659
0.003199
0.002310
0.007265
0.000425
0.000712
0.000643
0.002943
0.005836
0.005094
0.002660
0.001725
0.002580
0.007472
0.006519
0.001996
0.002006
0.001466
0.005772
0.009091
0.009663
0.009573
0.002662
0.006979
0.004406
0.004545
0.000364
0.003266
0.008608
0.006087
0.001086
0.001267
0.009276
0.003385
0.008522
0.009691
0.004088
0.009155
0.002634
0.009914
0.004248
0.005284
0.001639
0.006818
0.002756
0.008148
0.008804
0.004752
0.009604
0.004575
0.003843
0.009267
0.004148
0.006496
0.006246
0.008544
0.001040
0.006601
0.001810
0.009639
0.002688
0.002886
0.000905
0.001964
0.006261
0.009417
0.001655
0.000349
0.008572
0.004280
0.000262
0.002820
0.009554
0.001892
0.009628
0.002310
0.000040
0.008432
0.007052
0.009634
0.003007
0.000896
0.008901
0.007145
0.007381
0.005148
0.005690
0.008412
0.001749
0.007490
0.008050
0.004427
0.000376
0.008946
0.006381
0.006627
0.008363
0.008026
0.006966
0.006935
0.002306
0.007218
0.009745
0.001860
0.009100
0.009373
0.004160
0.009130
0.007805
0.001212
0.008764
0.000813
0.002098
0.007665
0.007948
0.009469
0.002813
0.003638
0.007881
0.004552
0.001128
0.005931
0.008968
0.001494
0.004877
0.005349
0.008111
0.003240
0.003376
0.005077
0.000175
0.005672
0.002296
0.009910
0.007522
0.001396
0.009284
0.001683
0.000526
0.007089
0.002885
0.009280
0.007892
0.004973
0.006945
0.005840
0.004443
0.009748
0.009468
0.002324
0.004300
0.000596
0.008245
0.003269
0.002080
0.003123
0.008608
0.000191
0.006353
0.001984
0.005258
0.006518
0.007646
0.007544
0.006428
0.005168
0.008929
0.005712
0.006841
0.009445
0.002801
0.009716
0.008725
0.000693
0.004689
0.005670
0.006523
0.009122
0.005418
0.005992
0.001446
0.009708
0.006578
0.009681
0.002977
0.008648
0.002804
0.001585
0.008829
0.009146
0.003559
0.004088
0.005664
0.001205
0.001631
0.002092
0.006363
0.000561
0.007794
0.003204
0.009996
0.000594
0.002920
0.008720
0.001277
0.007599
0.004390
0.007790
0.006721
0.009798
0.003782
0.008157
0.009506
0.000360
0.007838
0.002483
0.008998
0.000642
0.004058
0.007827
0.009778
0.007607
0.001915
0.005442
0.008802
0.003536
0.007524
0.005166
0.004087
0.005318
0.008360
0.004083
0.005902
0.001280
0.002803
0.007169
0.008870
0.007183
0.004960
0.005591
0.006981
0.008732
0.003748
0.006487
0.009082
0.001586
0.008960
0.008080
0.002217
0.003019
0.005907
0.001995
0.000626
0.007812
0.007427
0.009418
0.001348
0.004951
0.004584
0.005425
0.000269
0.002944
0.009498
0.006161
0.004214
0.002301
0.003330
0.003084
0.009474
0.008280
0.008665
0.006454
0.007012
0.002412
0.002941
0.006094
0.003988
0.001902
0.004173
0.006195
0.004910
0.000080
0.008180
0.005526
0.007882
0.005607
0.004944
0.009220
0.000558
0.009519
0.004645
0.000817
0.002463
0.004143
0.006968
0.006667
0.006434
0.000298
0.009741
0.005907
0.008569
0.008406
0.002361
0.005581
0.000818
0.005293
0.001674
0.004796
0.007185
0.005838
0.000991
0.002095
0.005908
0.009161
0.007611
0.003790
0.004768
0.002556
0.003010
0.005317
0.002074
0.007645
0.006124
0.004527
0.001788
0.003092
0.001194
0.008211
0.003380
0.000935
0.004119
0.001949
0.009331
0.006470
0.007519
0.000150
0.001763
0.009184
0.004936
0.008937
0.005021
0.005917
0.001032
0.000929
0.005078
0.008633
0.004709
0.009837
0.001189
0.007709
0.005154
0.003253
0.005354
0.001278
0.007770
0.007132
0.004360
0.008954
0.005344
0.007730
0.009879
0.009452
0.009669
0.009210
0.005922
0.007188
0.009350
0.007675
0.006372
0.004286
0.006612
0.001393
0.000203
0.007635
0.002312
0.005272
0.006268
0.007010
0.005109
0.007447
0.004719
0.000262
0.000700
0.000073
0.001530
0.008460
0.007195
0.005880
0.007414
0.002539
0.003609
0.007293
0.001991
0.003278
0.006504
0.007903
0.000466
0.005854
0.005578
0.006828
0.000140
0.002190
0.008210
0.000333
0.009815
0.000522
0.005595
0.006083
0.007522
0.000703
0.003530
0.002242
0.000956
0.004221
0.002305
0.002475
0.002681
0.009490
0.008345
0.000095
0.002029
0.001954
0.007379
0.004010
0.005223
0.003883
0.001913
0.005679
0.009727
0.007481
0.002506
0.009857
0.009662
0.000717
0.000190
0.009477
0.001229
0.005775
0.005560
0.008741
0.006468
0.009080
0.000982
0.007413
0.003301
0.003277
0.009879
0.005972
0.002768
0.008224
0.006058
0.004787
0.000178
0.003437
0.008787
0.005391
0.007310
0.000701
0.001070
0.007037
0.008172
0.003566
0.006893
0.007833
0.004273
0.007073
0.007310
0.005491
0.002848
0.002870
0.004232
0.009305
0.001950
0.005204
0.006719
0.005241
0.008472
0.006597
0.001214
0.001240
0.004821
0.007262
0.006017
0.004990
0.000699
0.004804
0.000380
0.007998
0.005494
0.001440
0.005035
0.003666
0.004996
0.001928
0.001500
0.009258
0.008992
0.008800
0.004749
0.001839
0.001670
0.008971
0.001145
0.003610
0.004176
0.007854
0.008841
0.002647
0.004451
0.000055
0.003877
0.009262
0.007307
0.009884
0.004252
0.007996
0.004687
0.004622
0.005994
0.000182
0.006052
0.001030
0.003838
0.001048
0.002948
0.005328
0.000306
0.001940
0.004128
0.005046
0.003769
0.005787
0.004017
0.004904
0.009387
0.008183
0.002758
0.008229
0.000830
0.007199
0.008274
0.004697
0.006461
0.005581
0.004581
0.000713
0.003577
0.009258
0.005325
0.009562
0.009430
0.001377
0.000591
0.003269
0.002415
0.003529
0.008587
0.002711
0.005459
0.002714
0.007747
0.009218
0.008492
0.001764
0.004122
0.007879
0.009937
0.006869
0.006108
0.000767
0.004068
0.004382
0.005455
0.000529
0.009953
0.000036
0.001231
0.003531
0.009284
0.006546
0.003092
0.008714
0.007913
0.003674
0.001983
0.000328
0.007193
0.000569
0.003030
0.002652
0.003274
0.000777
0.001870
0.001765
0.002531
0.005981
0.009634
0.002468
0.002851
0.005742
0.003225
0.006909
0.000124
0.008670
0.007427
0.000077
0.008695
0.008649
0.003598
0.007979
0.005195
0.006680
0.006693
0.003109
0.000354
0.008666
0.003427
0.007537
0.009226
0.006447
0.000188
0.002499
0.007213
0.002048
0.004255
0.009734
0.008019
0.003889
0.002202
0.000870
0.009621
0.005417
0.007769
0.009735
0.004087
0.005196
0.009803
0.002782
0.003845
0.003401
0.000761
0.009030
0.000081
0.007444
0.002138
0.000425
0.006110
0.005555
0.007952
0.005336
0.002002
0.008130
0.007825
0.009206
0.000178
0.002080
0.008940
0.008187
0.005959
0.001142
0.009047
0.005580
0.006549
0.006816
0.005315
0.000636
0.002012
0.005118
0.003407
0.005847
0.008508
0.004158
0.004877
0.008579
0.001602
0.007005
0.008994
0.007702
0.002560
0.006946
0.003038
0.004553
0.005076
0.000863
0.003758
0.005244
0.002932
0.002698
0.003431
0.008881
0.003830
0.002478
0.004460
0.000379
0.009284
0.009766
0.001005
0.001296
0.004883
0.004402
0.007133
0.003392
0.008550
0.002010
0.001971
0.000152
0.009005
0.000965
0.007844
0.001565
0.007901
0.000882
0.006108
0.002977
0.001734
0.009856
0.008211
0.004657
0.002554
0.001642
0.003537
0.006375
0.004110
0.007988
0.006744
0.003395
0.007753
0.007739
0.004681
0.002637
0.002141
0.001814
0.006019
0.000691
0.003814
0.007980
0.000833
0.002818
0.008935
0.008667
0.004373
0.006836
0.009538
0.000481
0.009803
0.001273
0.000337
0.008014
0.005919
0.002881
0.009645
0.009447
0.009246
0.003755
0.007435
0.005990
0.007140
0.005188
0.003728
0.001821
0.007815
0.005859
0.003625
0.003834
0.006540
0.007428
0.001813
0.007362
0.000246
0.000749
0.006029
0.004610
0.007575
0.005567
0.005080
0.007378
0.006830
0.005407
0.005392
0.002749
0.008278
0.005037
0.002196
0.007524
0.008782
0.009621
0.003514
0.005922
0.004809
0.007232
0.007733
0.002624
0.003091
0.001358
0.006448
0.009621
0.008776
0.008251
0.006983
0.009013
0.008989
0.003012
0.003622
0.006564
0.008569
0.008692
0.003942
0.005399
0.004100
0.009324
0.008138
0.002378
0.004361
0.000334
0.009892
0.003143
0.009944
0.003406
0.009055
0.004753
0.000637
0.006788
0.007367
0.003718
0.008136
0.003815
0.003339
0.006912
0.002066
0.000322
0.005925
0.001055
0.003324
0.009537
0.007609
0.001892
0.008229
0.001551
0.007281
0.002329
0.000875
0.005419
0.004697
0.005225
0.005743
0.004589
0.008358
0.005687
0.007984
0.007413
0.000440
0.008611
0.004201
0.007798
0.002330
0.002337
0.001612
0.005659
0.009239
0.003668
0.005971
0.005164
0.004713
0.009284
0.004701
0.002322
0.001177
0.002930
0.003863
0.008448
0.005249
0.004728
0.003867
0.009935
0.009943
0.009599
0.004524
0.008302
0.005286
0.002508
0.005715
0.005717
0.001120
0.009906
0.003514
0.003439
0.002244
0.005116
0.009088
0.001483
0.008774
0.005059
0.006637
0.003487
0.004343
0.001337
0.005799
0.005510
0.004257
0.009652
0.003958
0.009496
0.004380
0.007815
0.009431
0.004323
0.007415
0.003955
0.002625
0.002701
0.006453
0.008330
0.008408
0.007562
0.008237
0.001922
0.001002
0.000480
0.007029
0.000090
0.001953
0.005803
0.005139
0.008580
0.009280
0.009472
0.009907
0.005079
0.004983
0.004164
0.004731
0.008931
0.003659
0.009101
0.006746
0.003090
0.003424
0.004161
0.007035
0.006039
0.006852
0.003488
0.004369
0.005260
0.001051
0.002606
0.007172
0.002042
0.003076
0.004200
0.002122
0.005019
0.009993
0.007251
0.003599
0.009273
0.006724
0.003505
0.004351
0.001707
0.007659
0.009072
0.000637
0.001318
0.008173
0.007374
0.004398
0.001596
0.001534
0.001433
0.007625
0.008376
0.004911
0.001994
0.003636
0.005952
0.004590
0.000807
0.007984
0.007656
0.004998
0.000107
0.002675
0.004990
0.007348
0.006264
0.004263
0.004072
0.009759
0.008605
0.005769
0.007418
0.007677
0.006396
0.008726
0.005849
0.003770
0.003124
0.007436
0.005294
0.004548
0.005061
0.003670
0.009449
0.007045
0.007296
0.005401
0.001636
0.008093
0.003386
0.009282
0.003091
0.003482
0.001957
0.008071
0.000831
0.008211
0.002334
0.004893
0.007970
0.000939
0.000661
0.005388
0.008605
0.007047
0.004115
0.004455
0.000817
0.007229
0.001890
0.006101
0.001777
0.006941
0.009761
0.001226
0.003986
0.007057
0.006617
0.005612
0.005150
0.009993
0.004894
0.008230
0.003475
0.006841
0.006301
0.004295
0.005053
0.008625
0.009178
0.003023
0.009554
0.009829
0.008402
0.008159
0.006876
0.002516
0.002614
0.007683
0.009735
0.004494
0.003784
0.001512
0.001435
0.003545
0.002728
0.005412
0.000601
0.009335
0.001024
0.005741
0.009327
0.005908
0.003971
0.002802
0.002749
0.000272
0.007087
0.007792
0.008887
0.006265
0.000815
0.008441
0.006094
0.009207
0.006601
0.002971
0.001723
0.009205
0.000654
0.001458
0.003699
0.004428
0.002959
0.005124
0.007963
0.005677
0.000536
0.008554
0.005012
0.001549
0.004295
0.004339
0.007447
0.008256
0.007131
0.000197
0.008518
0.004218
0.007978
0.007405
0.000483
0.008783
0.005847
0.006567
0.007990
0.002448
0.009528
0.009703
0.001653
0.000182
0.001160
0.005341
0.004600
0.004110
0.000466
0.002562
0.009777
0.000991
0.001116
0.004789
0.002531
0.005401
0.009117
0.009968
0.003657
0.006248
0.000164
0.002175
0.000466
0.008133
0.009571
0.000939
0.006916
0.005418
0.007497
0.004906
0.007855
0.007025
0.004609
0.009498
0.007196
0.005759
0.004839
0.001796
0.009859
0.005295
0.004348
0.009636
0.006276
0.005455
0.004425
0.008797
0.000856
0.003542
0.008765
0.004503
0.009780
0.008919
0.006669
0.000247
0.007052
0.006240
0.001176
0.003968
0.001657
0.008662
0.008865
0.009503
0.005687
0.003474
0.009001
0.002883
0.009223
0.003840
0.004669
0.009082
0.009125
0.009008
0.008718
0.005401
0.004462
0.003143
0.004198
0.005308
0.006675
0.002963
0.009802
0.006456
0.001882
0.006470
0.006692
0.008924
0.002710
0.007858
0.002893
0.004357
0.006520
0.001757
0.003860
0.002207
0.005221
0.002860
0.005081
0.004444
0.006690
0.009740
0.003527
0.005815
0.008748
0.002245
0.001216
0.003210
0.005378
0.005404
0.008509
0.002054
0.008357
0.008310
0.008500
0.000239
0.004780
0.005192
0.009153
0.007480
0.003050
0.002045
0.001838
0.009560
0.003793
0.005687
0.001768
0.009004
0.008538
0.006839
0.003448
0.005228
0.006579
0.006965
0.001044
0.005327
0.009200
0.002250
0.008527
0.004578
0.007644
0.007035
0.006621
0.006001
0.005345
0.005121
0.006230
0.000126
0.000313
0.005383
0.007596
0.003353
0.007419
0.009424
0.002913
0.001212
0.005111
0.004671
0.000215
0.003649
0.001510
0.003654
0.008868
0.008078
0.000618
0.009901
0.003405
0.009808
0.002151
0.001931
0.004386
0.009785
0.008957
0.001007
0.005787
0.004302
0.006118
0.002017
0.004418
0.006421
0.007390
0.002014
0.009763
0.004809
0.001438
0.002677
0.006011
0.006539
0.007338
0.006216
0.000188
0.008837
0.009860
0.009046
0.006915
0.000478
0.008947
0.000320
0.000286
0.001098
0.002242
0.004661
0.000884
0.001198
0.005658
0.006660
0.005490
0.001776
0.008667
0.009898
0.008187
0.006058
0.001912
0.007950
0.000867
0.003340
0.000627
0.006867
0.009869
0.007955
0.003083
0.000057
0.006792
0.002943
0.009093
0.003707
0.003411
0.008040
0.004017
0.003687
0.009128
0.006249
0.008338
0.000012
0.007437
0.003996
0.006662
0.002927
0.005763
0.005329
0.002825
0.003950
0.001387
0.004728
0.001900
0.002244
0.008058
0.002517
0.009101
0.007927
0.000472
0.002184
0.007974
0.007254
0.005117
0.007068
0.000961
0.008518
0.005108
0.004968
0.002205
0.004236
0.001216
0.000542
0.004238
0.008643
0.004529
0.000900
0.001570
0.000291
0.006219
0.004385
0.004231
0.007596
0.009103
0.006121
0.009830
0.007161
0.008628
0.008931
0.005087
0.009090
0.001116
0.003062
0.006344
0.006223
0.000129
0.007294
0.004741
0.005227
0.002262
0.006935
0.009453
0.003468
0.007468
0.003691
0.002111
0.001996
0.004581
0.003671
0.002278
0.000800
0.008046
0.006499
0.008387
0.007149
0.002620
0.008217
0.004310
0.001248
0.007148
0.009387
0.000338
0.008254
0.002449
0.006672
0.004476
0.002568
0.003966
0.009207
0.007785
0.006218
0.006142
0.007239
0.009676
0.003610
0.000929
0.001787
0.005597
0.005500
0.005447
0.007864
0.006290
0.003494
0.004363
0.004677
0.000643
0.006973
0.002894
0.004942
0.008211
0.000042
0.004329
0.008539
0.008285
0.006768
0.005211
0.002762
0.009326
0.009167
0.001969
0.007112
0.005384
0.008101
0.004350
0.005060
0.001711
0.005270
0.006836
0.007298
0.000770
0.002284
0.005162
0.007050
0.005767
0.009515
0.001727
0.006400
0.006488
0.004611
0.001343
0.004699
0.004642
0.005662
0.003238
0.002928
0.002430
0.008439
0.005679
0.001756
0.007605
0.007638
0.008858
0.002989
0.005739
0.003209
0.008039
0.007441
0.008468
0.004875
0.004739
0.009228
0.007149
0.009891
0.006278
0.002917
0.009406
0.007995
0.009307
0.005894
0.002606
0.000649
0.000593
0.007238
0.006301
0.003821
0.000166
0.008721
0.002260
0.005835
0.000478
0.009855
0.003474
0.009326
0.002844
0.009203
0.002535
0.000883
0.006644
0.001003
0.005749
0.001383
0.000231
0.002898
0.001274
0.006500
0.005804
0.000680
0.004495
0.005111
0.006564
0.007091
0.005751
0.007147
0.004330
0.002052
0.000968
0.004486
0.000773
0.003218
0.000321
0.001241
0.003073
0.003785
0.000568
0.005907
0.002988
0.003092
0.006780
0.009622
0.004085
0.002529
0.001005
0.004307
0.005416
0.002269
0.000807
0.001221
0.002938
0.005292
0.006322
0.009492
0.002383
0.002073
0.006640
0.006703
0.004115
0.007598
0.001189
0.004878
0.000816
0.001500
0.006110
0.003879
0.005276
0.006667
0.009776
0.008254
0.009750
0.006557
0.007876
0.003835
0.009075
0.008871
0.008132
0.004492
0.001140
0.008928
0.005703
0.004068
0.004220
0.002025
0.003560
0.006593
0.004087
0.000200
0.003297
0.008192
0.007788
0.004476
0.003070
0.008594
0.005966
0.009170
0.002474
0.001242
0.005837
0.002250
0.009485
0.005587
0.008797
0.007362
0.009412
0.007872
0.006233
0.007543
0.002364
0.007363
0.006472
0.008057
0.001430
0.000692
0.000082
0.004981
0.007276
0.004159
0.005171
0.000572
0.002351
0.002959
0.005038
0.005411
0.001553
0.001004
0.004581
0.004016
0.002235
0.000418
0.006257
0.001721
0.005995
0.005053
0.009072
0.005406
0.002926
0.005305
0.002950
0.005280
0.002668
0.009412
0.003337
0.004088
0.000104
0.003408
0.009059
0.007369
0.007557
0.004229
0.007932
0.009899
0.007178
0.002969
0.005310
0.008721
0.003963
0.009881
0.002737
0.006188
0.000299
0.008984
0.007898
0.006284
0.004037
0.006971
0.001690
0.006953
0.002276
0.004630
0.002233
0.004933
0.004042
0.005560
0.009011
0.004135
0.008958
0.008070
0.001505
0.006516
0.002300
0.009426
0.006414
0.009467
0.002396
0.001724
0.008188
0.006348
0.001605
0.000925
0.002536
0.001894
0.009899
0.000435
0.008168
0.003937
0.007395
0.009848
0.000890
0.009661
0.004478
0.003113
0.004594
0.008510
0.008663
0.003606
0.002645
0.007621
0.001676
0.004140
0.004137
0.003965
0.003567
0.000551
0.003433
0.005952
0.002265
0.001621
0.002301
0.003860
0.002536
0.004827
0.005745
0.002436
0.005251
0.003913
0.006362
0.002647
0.003761
0.007242
0.002308
0.008229
0.000355
0.006892
0.006739
0.009007
0.000498
0.009374
0.006628
0.002164
0.003515
0.000765
0.006119
0.007071
0.001306
0.009542
0.003024
0.003561
0.001163
0.005314
0.007411
0.003689
0.000141
0.003155
0.006115
0.005382
0.007058
0.002477
0.008019
0.000819
0.009709
0.000327
0.009038
0.000063
0.007209
0.005777
0.009061
0.007697
0.005152
0.005689
0.009850
0.008657
0.006443
0.005970
0.005728
0.007739
0.005511
0.008741
0.001299
0.006664
0.004056
0.008700
0.000353
0.004186
0.001855
0.006458
0.009559
0.008903
0.008925
0.007577
0.009712
0.008634
0.007894
0.008751
0.008688
0.005103
0.004528
0.007748
0.002800
0.009670
0.003437
0.002650
0.008326
0.009870
0.008610
0.004054
0.007609
0.004121
0.002796
0.008898
0.000785
0.006842
0.007598
0.001129
0.001028
0.009443
0.007577
0.000587
0.008347
0.006503
0.008154
0.008059
0.005137
0.006048
0.006809
0.003825
0.001151
0.001337
0.001573
0.003941
0.001007
0.005000
0.006581
0.009324
0.004870
0.005191
0.003378
0.002478
0.009302
0.006164
0.001376
0.000087
0.003006
0.008964
0.001206
0.004024
0.008407
0.008773
0.004600
0.006754
0.005276
0.002754
0.004812
0.000413
0.008792
0.001622
0.004228
0.009933
0.002949
0.005790
0.003874
0.003947
0.000790
0.000455
0.003271
0.005650
0.005636
0.006639
0.008118
0.004938
0.002803
0.009484
0.005015
0.005799
0.008448
0.006211
0.009812
0.006855
0.004985
0.004412
0.003609
0.000261
0.007157
0.008411
0.000663
0.005949
0.000033
0.004881
0.005882
0.002973
0.000672
0.009747
0.006909
0.001452
0.000202
0.000180
0.007091
0.005828
0.006809
0.005209
0.000766
0.009602
0.004694
0.005771
0.005401
0.003142
0.001982
0.005213
0.009987
0.006956
0.009615
0.003596
0.007207
0.006772
0.002007
0.007860
0.002721
0.002030
0.002741
0.008593
0.004993
0.003403
0.008339
0.001902
0.004845
0.008531
0.002072
0.001936
0.004359
0.008871
0.007136
0.005114
0.008473
0.001829
0.000885
0.003874
0.004961
0.002857
0.009077
0.004947
0.009803
0.008692
0.008533
0.007010
0.005464
0.000540
0.004870
0.008174
0.002560
0.007602
0.006767
0.007543
0.001005
0.005106
0.009435
0.005839
0.003637
0.001507
0.007765
0.007986
0.000378
0.004901
0.003101
0.008842
0.006720
0.003976
0.002715
0.001681
0.006823
0.001792
0.006618
0.006626
0.000484
0.005151
0.003636
0.005937
0.005681
0.008496
0.004112
0.008231
0.006097
0.000878
0.005774
0.007092
0.005975
0.005209
0.002931
0.009602
0.006706
0.000697
0.007588
0.007074
0.005588
0.000689
0.005916
0.002308
0.004655
0.008621
0.003979
0.001477
0.000413
0.000598
0.008093
0.000887
0.005739
0.001729
0.006814
0.001420
0.000225
0.000926
0.009641
0.006312
0.001794
0.005415
0.003404
0.007759
0.000623
0.006325
0.007361
0.007319
0.007012
0.004949
0.004394
0.002600
0.005628
0.000310
0.004898
0.000283
0.008921
0.008867
0.001751
0.009324
0.009455
0.009834
0.000211
0.005194
0.001563
0.007015
0.006603
0.001777
0.007931
0.006244
0.008079
0.009715
0.001659
0.001483
0.007474
0.002272
0.007799
0.004835
0.009581
0.004811
0.009774
0.003975
0.007400
0.005403
0.004275
0.002298
0.005676
0.003195
0.001166
0.007416
0.002519
0.000620
0.007250
0.002720
0.005804
0.008803
0.009726
0.002407
0.000580
0.007657
0.008642
0.008649
0.007372
0.000301
0.000132
0.004846
0.002563
0.007921
0.009671
0.002144
0.002732
0.009446
0.006109
0.000132
0.004849
0.000384
0.002420
0.000524
0.003569
0.003576
0.007931
0.006078
0.004186
0.005181
0.008789
0.009980
0.003983
0.008514
0.002387
0.004553
0.006171
0.001029
0.003202
0.003543
0.001319
0.003324
0.008379
0.003872
0.001245
0.008051
0.006006
0.003967
0.007497
0.002115
0.004089
0.002345
0.002489
0.006499
0.002860
0.006048
0.000075
0.000790
0.002126
0.004251
0.005961
0.000915
0.004231
0.009934
0.009419
0.006608
0.004487
0.005590
0.007627
0.007679
0.009123
0.008936
0.001004
0.007502
0.002807
0.002239
0.005552
0.008803
0.006196
0.003049
0.000918
0.000285
0.005384
0.003397
0.006774
0.008233
0.009435
0.006839
0.009014
0.001561
0.001090
0.004975
0.002466
0.005311
0.004909
0.001885
0.001919
0.009386
0.007465
0.009536
0.007065
0.006587
0.008472
0.008059
0.004089
0.001279
0.000298
0.009631
0.000082
0.006484
0.002680
0.000991
0.006759
0.008053
0.004378
0.003533
0.006287
0.003813
0.000372
0.005300
0.005364
0.001453
0.000275
0.007820
0.006754
0.005174
0.009695
0.008664
0.004560
0.007160
0.008200
0.001625
0.003748
0.006671
0.009674
0.007826
0.007940
0.009962
0.007457
0.008012
0.006446
0.000137
0.008993
0.003205
0.008180
0.003371
0.006728
0.004467
0.007174
0.007090
0.009757
0.002538
0.008533
0.000032
0.000359
0.005287
0.005196
0.000054
0.003950
0.009746
0.007204
0.002150
0.001371
0.000952
0.008811
0.001045
0.008768
0.006751
0.001007
0.006226
0.004763
0.007443
0.006353
0.003756
0.000648
0.004533
0.007117
0.007366
0.008990
0.004291
0.004456
0.008747
0.006819
0.002988
0.008769
0.007168
0.008265
0.003965
0.007212
0.002215
0.003711
0.004416
0.004355
0.005073
0.005358
0.003166
0.006108
0.004127
0.009907
0.007105
0.000352
0.004671
0.004548
0.006695
0.008417
0.005186
0.001228
0.005534
0.002552
0.000218
0.009815
0.006997
0.008955
0.006634
0.009976
0.007724
0.003802
0.008240
0.001690
0.001014
0.000456
0.005391
0.005420
0.004801
0.000464
0.000778
0.007957
0.006562
0.004895
0.007864
0.003667
0.005237
0.002534
0.008205
0.001932
0.000951
0.003391
0.003150
0.006476
0.005932
0.003358
0.006291
0.002930
0.002313
0.002925
0.002905
0.000037
0.006717
0.001146
0.001717
0.007721
0.001592
0.007098
0.003141
0.006382
0.007552
0.003909
0.004339
0.004114
0.008794
0.002202
0.007770
0.004031
0.004727
0.005975
0.005953
0.005668
0.009356
0.009093
0.002144
0.005288
0.002450
0.008425
0.008208
0.004753
0.001350
0.001113
0.004780
0.008057
0.002249
0.006486
0.005779
0.003831
0.003584
0.008910
0.000213
0.001136
0.002819
0.004542
0.005240
0.001613
0.006734
0.003010
0.005634
0.001461
0.008975
0.001587
0.007120
0.008330
0.000680
0.009254
0.003618
0.003120
0.007679
0.001826
0.007863
0.009019
0.002930
0.002643
0.007076
0.005169
0.009119
0.002855
0.008990
0.002704
0.001765
0.009193
0.003830
0.004574
0.003735
0.009060
0.006177
0.000469
0.002070
0.001811
0.001921
0.001045
0.003388
0.009030
0.009365
0.004058
0.008284
0.002983
0.007168
0.005962
0.004800
0.005031
0.004981
0.007720
0.007664
0.002057
0.002889
0.006783
0.004902
0.001879
0.009476
0.006657
0.001073
0.003306
0.001231
0.004798
0.002366
0.007398
0.005257
0.004426
0.009200
0.007168
0.005460
0.002588
0.006198
0.004825
0.006636
0.004482
0.007799
0.003804
0.000444
0.002599
0.008825
0.005415
0.000319
0.006489
0.007462
0.003198
0.003272
0.002365
0.005067
0.002748
0.009012
0.006130
0.006045
0.000243
0.000928
0.008401
0.007631
0.006175
0.002827
0.006831
0.003343
0.008277
0.009409
0.009531
0.003102
0.006045
0.004013
0.000901
0.009839
0.004447
0.003490
0.008664
0.009852
0.003798
0.005153
0.007315
0.006986
0.008415
0.009669
0.002053
0.001163
0.008681
0.008173
0.007198
0.008914
0.009091
0.005599
0.006545
0.005267
0.008415
0.003376
0.008600
0.006692
0.002785
0.008131
0.009785
0.008820
0.002144
0.000686
0.008659
0.006582
0.004166
0.007324
0.006434
0.007954
0.002477
0.003749
0.004940
0.000892
0.003418
0.006983
0.002045
0.002100
0.005156
0.009233
0.001014
0.004248
0.004832
0.007549
0.009504
0.003247
0.000925
0.008104
0.009929
0.003700
0.006236
0.009714
0.002520
0.008370
0.000399
0.001179
0.004952
0.004555
0.008493
0.001386
0.002509
0.000970
0.005125
0.007439
0.001853
0.008533
0.004422
0.003888
0.000633
0.009568
0.003121
0.001636
0.003816
0.007943
0.009175
0.003321
0.001190
0.000099
0.001425
0.001119
0.003789
0.007651
0.000833
0.006299
0.006021
0.001222
0.007468
0.000973
0.005767
0.005961
0.002349
0.008266
0.006922
0.007463
0.005705
0.008764
0.005996
0.000127
0.002652
0.006619
0.009685
0.005763
0.008245
0.003501
0.003706
0.007420
0.006812
0.004887
0.007510
0.008227
0.005996
0.001299
0.005877
0.006819
0.007588
0.001898
0.008031
0.005056
0.002861
0.003798
0.001017
0.005199
0.002064
0.007929
0.002662
0.007758
0.006693
0.008649
0.007875
0.009335
0.005268
0.007560
0.005098
0.003513
0.001062
0.008795
0.000933
0.007864
0.003681
0.008433
0.006090
0.009667
0.009722
0.001968
0.006486
0.007309
0.003856
0.004516
0.002365
0.006706
0.008304
0.003372
0.001905
0.000368
0.001300
0.004558
0.008117
0.007983
0.003207
0.005992
0.007318
0.008465
0.003552
0.002416
0.001978
0.004604
0.001211
0.002901
0.002467
0.004882
0.001334
0.008548
0.004549
0.001056
0.000515
0.001035
0.008355
0.004361
0.005541
0.000720
0.001067
0.003846
0.004082
0.002963
0.004204
0.005372
0.007511
0.002320
0.003355
0.000717
0.008302
0.000673
0.009172
0.001854
0.003080
0.001150
0.006448
0.004281
0.004042
0.008905
0.009153
0.005366
0.007453
0.003703
0.006412
0.007958
0.004728
0.004767
0.002319
0.000269
0.005477
0.003376
0.004105
0.009549
0.006329
0.008299
0.004921
0.003840
0.000619
0.008267
0.004547
0.008911
0.008930
0.003719
0.000765
0.002010
0.004860
0.007203
0.006281
0.008891
0.006108
0.005434
0.004258
0.003560
0.009127
0.000670
0.001518
0.003855
0.005427
0.003827
0.004114
0.000904
0.007193
0.008209
0.000453
0.003522
0.006508
0.005364
0.007352
0.007117
0.003631
0.001899
0.006028
0.002561
0.005608
0.006782
0.004561
0.000468
0.003985
0.000841
0.009349
0.000093
0.006266
0.003607
0.003643
0.005393
0.004266
0.005151
0.009237
0.009683
0.008968
0.003351
0.000587
0.006161
0.001560
0.001030
0.009674
0.008058
0.006383
0.007025
0.005174
0.000014
0.008914
0.001202
0.002565
0.004522
0.007974
0.007115
0.004980
0.001959
0.007947
0.004329
0.002042
0.004212
0.007926
0.005675
0.009595
0.002192
0.000826
0.008832
0.001875
0.009784
0.002183
0.002452
0.005945
0.003733
0.003472
0.005619
0.001791
0.009845
0.002644
0.006955
0.009849
0.001559
0.008147
0.002413
0.006071
0.006122
0.009519
0.001051
0.008071
0.007465
0.005371
0.000113
0.001677
0.003296
0.005778
0.001272
0.005479
0.006593
0.000104
0.007344
0.006377
0.002277
0.009786
0.002322
0.006000
0.003257
0.007931
0.007781
0.003102
0.000576
0.004736
0.002951
0.002124
0.002884
0.005355
0.008185
0.008995
0.004873
0.009227
0.007066
0.002338
0.004597
0.007169
0.004005
0.007884
0.002947
0.005267
0.003362
0.009530
0.005361
0.000706
0.005907
0.007628
0.000492
0.008220
0.003628
0.003739
0.006151
0.001409
0.006831
0.006717
0.006135
0.009772
0.008831
0.009009
0.005127
0.007016
0.008004
0.009990
0.006243
0.005070
0.002328
0.000840
0.002239
0.006324
0.008714
0.005176
0.001591
0.002076
0.004706
0.006942
0.002772
0.000613
0.004569
0.003254
0.008823
0.008187
0.006982
0.004974
0.009586
0.003813
0.001690
0.005721
0.003586
0.000521
0.004730
0.008702
0.007527
0.002734
0.008692
0.003770
0.007794
0.001020
0.004600
0.000033
0.007333
0.003314
0.005199
0.008914
0.005380
0.009895
0.005856
0.008142
0.000508
0.000425
0.001396
0.009320
0.008602
0.008368
0.004294
0.008188
0.002182
0.005974
0.003909
0.005757
0.006485
0.008629
0.004459
0.004012
0.001362
0.003151
0.007772
0.009146
0.004161
0.002373
0.009169
0.001495
0.005677
0.004368
0.000409
0.001057
0.004263
0.006255
0.009190
0.004760
0.006670
0.000585
0.004081
0.005273
0.008944
0.008364
0.003461
0.001125
0.004338
0.007360
0.006872
0.000823
0.005989
0.001332
0.004825
0.007341
0.004473
0.002597
0.006487
0.008624
0.004960
0.005657
0.000119
0.000637
0.000025
0.000518
0.001684
0.004278
0.006763
0.000874
0.009028
0.003433
0.001449
0.003109
0.008696
0.000393
0.001473
0.002157
0.001508
0.005801
0.009507
0.008371
0.006614
0.005495
0.009692
0.001439
0.002836
0.004165
0.004026
0.009314
0.002789
0.008976
0.004971
0.002898
0.009603
0.004986
0.003406
0.001287
0.009253
0.000169
0.002152
0.008282
0.003592
0.003591
0.001390
0.002288
0.003974
0.002853
0.004435
0.005472
0.008644
0.003942
0.003843
0.005258
0.009427
0.003535
0.006687
0.002263
0.007690
0.000713
0.001577
0.000480
0.009679
0.006538
0.003368
0.009283
0.001523
0.006764
0.000570
0.000777
0.006923
0.002712
0.009048
0.000516
0.006293
0.000439
0.002794
0.000267
0.003282
0.007219
0.005729
0.001926
0.001160
0.009562
0.007174
0.000588
0.003097
0.003862
0.002841
0.000788
0.004565
0.004408
0.001257
0.004245
0.000946
0.004616
0.003527
0.002459
0.001380
0.004087
0.003226
0.008293
0.006789
0.002274
0.008799
0.003081
0.002703
0.001592
0.003338
0.005974
0.008801
0.009057
0.007890
0.009952
0.008619
0.005065
0.000539
0.001716
0.008916
0.003370
0.002494
0.003481
0.007768
0.003741
0.007716
0.008704
0.008347
0.001243
0.001163
0.009716
0.005320
0.004378
0.008009
0.002109
0.006642
0.006808
0.005181
0.009335
0.008390
0.008509
0.005309
0.007191
0.007566
0.003200
0.007143
0.006185
0.008254
0.007672
0.007891
0.007171
0.001042
0.000384
0.000652
0.008800
0.004115
0.008358
0.007503
0.002462
0.009592
0.008656
0.002178
0.004912
0.003034
0.000187
0.007011
0.009667
0.006985
0.002192
0.009002
0.005375
0.000701
0.004311
0.002566
0.008256
0.007501
0.009699
0.004441
0.005755
0.007371
0.002332
0.002926
0.008403
0.002706
0.003569
0.007202
0.006811
0.001927
0.004705
0.009263
0.001519
0.003361
0.001441
0.006421
0.006386
0.001618
0.003432
0.006053
0.008593
0.005614
0.005055
0.003969
0.006304
0.009356
0.006525
0.004561
0.006857
0.006224
0.008992
0.002612
0.003595
0.001324
0.005529
0.001998
0.004020
0.009087
0.009190
0.000831
0.001015
0.003896
0.000094
0.002523
0.007247
0.001525
0.008934
0.003633
0.003133
0.002366
0.009676
0.001727
0.007969
0.004730
0.005686
0.004274
0.004086
0.002211
0.008824
0.000943
0.008425
0.007816
0.003545
0.002020
0.009130
0.009064
0.004008
0.003149
0.008151
0.003198
0.003970
0.009156
0.007084
0.004054
0.001679
0.004331
0.005569
0.000613
0.007954
0.008692
0.002969
0.007629
0.000419
0.000938
0.002359
0.006095
0.005202
0.006435
0.008296
0.004026
0.007368
0.006721
0.001842
0.000913
0.008731
0.000972
0.009967
0.002739
0.004112
0.008118
0.005927
0.008072
0.007274
0.003011
0.002126
0.008944
0.007332
0.007685
0.009547
0.005286
0.006378
0.002516
0.002915
0.006787
0.003444
0.005264
0.002882
0.008636
0.001699
0.001177
0.002662
0.009057
0.007888
0.004494
0.009960
0.006619
0.005457
0.009927
0.009348
0.009558
0.008046
0.005275
0.007630
0.005320
0.008276
0.009746
0.004264
0.005609
0.007431
0.003811
0.000894
0.003809
0.006316
0.003799
0.000596
0.009750
0.009053
0.003468
0.008386
0.000752
0.004635
0.001048
0.009799
0.002523
0.005533
0.009760
0.009132
0.000989
0.009687
0.008479
0.000548
0.007733
0.003755
0.008168
0.003053
0.002031
0.007914
0.007307
0.007630
0.005345
0.001117
0.008514
0.009144
0.007424
0.002313
0.009730
0.007174
0.001366
0.003198
0.005561
0.002108
0.007822
0.006599
0.001907
0.000345
0.002132
0.001667
0.009467
0.003111
0.001354
0.007946
0.003649
0.009077
0.001701
0.001816
0.002130
0.003722
0.009720
0.009427
0.001352
0.005065
0.000545
0.009856
0.004209
0.007958
0.002169
0.003939
0.005133
0.003524
0.007127
0.000693
0.005622
0.004949
0.007282
0.007520
0.005284
0.009404
0.009177
0.004751
0.002515
0.000531
0.002698
0.006154
0.009598
0.004389
0.007961
0.001729
0.008101
0.007681
0.001156
0.009443
0.002746
0.001690
0.009299
0.006945
0.009639
0.001467
0.000884
0.004772
0.004982
0.008001
0.005455
0.000604
0.002950
0.002738
0.008114
0.008225
0.002142
0.007291
0.002976
0.004647
0.007812
0.005664
0.000802
0.007410
0.000052
0.008752
0.009129
0.008143
0.006433
0.000285
0.007586
0.009169
0.001965
0.006884
0.006114
0.001604
0.008342
0.006988
0.006365
0.003324
0.004989
0.001820
0.003918
0.007929
0.004548
0.002032
0.006154
0.006680
0.009313
0.009120
0.001327
0.007125
0.004783
0.002119
0.004536
0.004825
0.000871
0.003665
0.002968
0.007294
0.003939
0.000554
0.006463
0.005894
0.007428
0.002577
0.007488
0.005770
0.009555
0.003853
0.009084
0.004544
0.005664
0.003002
0.002473
0.000212
0.005025
0.008617
0.006882
0.004338
0.007737
0.008199
0.001463
0.002520
0.000318
0.005989
0.007336
0.001179
0.009643
0.000304
0.008463
0.003583
0.000848
0.004926
0.009467
0.008266
0.007493
0.006955
0.004036
0.007047
0.000808
0.003120
0.001591
0.006462
0.006113
0.004054
0.006664
0.001137
0.002671
0.003546
0.005465
0.000408
0.001745
0.006918
0.002918
0.002053
0.002907
0.000254
0.003222
0.002550
0.000548
0.001685
0.006123
0.001385
0.006601
0.005590
0.009642
0.004093
0.002545
0.003678
0.001141
0.003343
0.006788
0.002722
0.009796
0.002901
0.006766
0.006459
0.004028
0.009428
0.009995
0.009483
0.009826
0.001740
0.006401
0.002745
0.003783
0.009298
0.002989
0.006994
0.001848
0.003526
0.008669
0.007961
0.004902
0.005269
0.003551
0.004543
0.009353
0.006086
0.008211
0.000493
0.009419
0.005000
0.003205
0.009214
0.007891
0.009961
0.005674
0.001919
0.009389
0.005669
0.001401
0.009215
0.007399
0.007792
0.001960
0.001182
