0.004854
0.004765
0.001870
0.005514
0.009024
0.009853
0.004596
0.000669
0.006003
0.003937
0.005040
0.009796
0.008350
0.003329
0.001520
0.002710
0.004508
0.002348
0.007203
0.005883
0.007710
0.005928
0.009975
0.009390
0.006155
0.009307
0.003404
0.009061
0.000520
0.001411
0.000674
0.005364
0.006167
0.002535
0.000878
0.005190
0.002387
0.005464
0.005849
0.008381
0.009391
0.000889
0.008176
0.007741
0.004208
0.009686
0.000451
0.008706
0.002034
0.007644
0.004589
0.009734
0.003572
0.004564
0.009125
0.009717
0.003871
0.002528
0.008778
0.004381
0.003929
0.009442
0.009735
0.000096
0.001977
0.000613
0.005276
0.004355
0.006067
0.001125
0.002735
0.005458
0.002004
0.000911
0.003199
0.006202
0.000597
0.003640
0.004908
0.002622
0.001283
0.009487
0.002356
0.004845
0.004052
0.001481
0.004562
0.007912
0.003999
0.003340
0.002293
0.007919
0.002783
0.002028
0.008005
0.004750
0.002630
0.003281
0.009094
0.008687
0.004396
0.001830
0.004144
0.006390
0.002731
0.007333
0.002592
0.003318
0.000973
0.007490
0.005930
0.002246
0.006977
0.008276
0.007081
0.001029
0.009747
0.001643
0.008931
0.003746
0.004973
0.001224
0.001665
0.007746
0.003242
0.009659
0.002496
0.005863
0.002940
0.001590
0.004550
0.007327
0.003410
0.008684
0.003717
0.006131
0.006017
0.006298
0.009439
0.006980
0.003788
0.005369
0.009216
0.000766
0.003645
0.006297
0.001785
0.003392
0.007930
0.000716
0.007128
0.002904
0.001930
0.008783
0.000650
0.005163
0.008442
0.003136
0.001025
0.001382
0.004716
0.005565
0.008699
0.008116
0.004249
0.002415
0.004247
0.000266
0.008704
0.003686
0.007237
0.002492
0.009045
0.006453
0.003248
0.002690
0.002750
0.005023
0.006072
0.000681
0.005728
0.003200
0.003574
0.007649
0.001983
0.004214
0.002811
0.000425
0.007340
0.003827
0.001797
0.002056
0.009382
0.000496
0.000172
0.003631
0.002902
0.004409
0.003887
0.001606
0.008085
0.001124
0.004088
0.007130
0.007566
0.007326
0.009811
0.000317
0.002348
0.005883
0.000987
0.008067
0.009073
0.004551
0.005716
0.001056
0.008756
0.008517
0.001471
0.006096
0.002343
0.003259
0.008142
0.001725
0.003745
0.008304
0.005346
0.006637
0.002713
0.009223
0.008232
0.000798
0.000347
0.002320
0.007919
0.007903
0.009636
0.007729
0.008210
0.001985
0.003612
0.009187
0.000052
0.002685
0.003738
0.005757
0.003732
0.002494
0.004274
0.005193
0.008580
0.006607
0.008441
0.006721
0.008323
0.002186
0.005025
0.003669
0.008813
0.007728
0.002892
0.007045
0.008517
0.003228
0.009356
0.006435
0.001132
0.008992
0.004164
0.009331
0.000977
0.007767
0.008518
0.001018
0.000452
0.002256
0.006765
0.004173
0.004740
0.001039
0.009356
0.003320
0.007637
0.007797
0.000041
0.005959
0.009974
0.005056
0.009618
0.008787
0.002785
0.002509
0.005832
0.001302
0.005728
0.005187
0.007727
0.006849
0.004179
0.001891
0.006180
0.005145
0.009648
0.004699
0.006154
0.000100
0.006945
0.002919
0.004263
0.001685
0.003948
0.003619
0.004995
0.001584
0.001417
0.005026
0.007534
0.001390
0.000082
0.007151
0.000177
0.002857
0.009651
0.005999
0.004149
0.005378
0.001186
0.001876
0.002228
0.005355
0.003757
0.008398
0.000500
0.003405
0.003097
0.006644
0.003494
0.000042
0.009553
0.007747
0.001717
0.003500
0.001367
0.006702
0.005075
0.002773
0.001728
0.002609
0.004154
0.001800
0.009750
0.004321
0.004647
0.009401
0.000319
0.008786
0.004779
0.001495
0.000662
0.006996
0.006840
0.004409
0.005395
0.007330
0.007803
0.008481
0.003974
0.001298
0.008513
0.003526
0.009035
0.000229
0.007017
0.000402
0.006921
0.002092
0.003165
0.008638
0.004690
0.007309
0.000438
0.004440
0.001630
0.005075
0.003841
0.001939
0.003861
0.008610
0.003424
0.004513
0.005606
0.000263
0.008912
0.001001
0.007583
0.006715
0.009472
0.001557
0.008002
0.007985
0.005073
0.007038
0.008204
0.002090
0.007429
0.005125
0.004171
0.000594
0.003763
0.008852
0.007893
0.004192
0.003292
0.009513
0.009257
0.007123
0.001452
0.003119
0.005733
0.004866
0.007622
0.001339
0.005119
0.006533
0.002330
0.002702
0.003248
0.001801
0.004249
0.001251
0.009776
0.009313
0.008278
0.007980
0.001402
0.005708
0.003105
0.005564
0.006292
0.006858
0.004416
0.004185
0.001050
0.007698
0.003698
0.000307
0.004820
0.005140
0.003415
0.000553
0.009996
0.001037
0.001882
0.005115
0.007560
0.004201
0.007807
0.000809
0.005993
0.002056
0.002049
0.005769
0.001369
0.000328
0.003749
0.002761
0.006025
0.006844
0.008315
0.002317
0.003702
0.002731
0.006493
0.004741
0.000428
0.000191
0.005038
0.005239
0.005321
0.008443
0.005782
0.005316
0.009470
0.007653
0.000431
0.007031
0.001855
0.008228
0.007829
0.007838
0.000284
0.009869
0.003606
0.001643
0.000196
0.007345
0.004394
0.006212
0.004189
0.002709
0.008519
0.007880
0.005430
0.005011
0.002622
0.005848
0.005192
0.007650
0.001087
0.000513
0.006093
0.006859
0.005819
0.005563
0.004512
0.006240
0.002593
0.006357
0.004468
0.000423
0.004194
0.004742
0.000291
0.007791
0.006375
0.000478
0.005136
0.000769
0.006679
0.009315
0.003468
0.005198
0.007195
0.008888
0.000209
0.009807
0.004737
0.005391
0.007456
0.005814
0.005894
0.003549
0.002672
0.001713
0.009102
0.007174
0.007943
0.001695
0.003530
0.002411
0.002108
0.007715
0.007144
0.002389
0.005505
0.003519
0.002857
0.000641
0.004278
0.009526
0.009946
0.007736
0.004724
0.007141
0.006625
0.004923
0.006947
0.001361
0.000314
0.004403
0.007165
0.006198
0.007942
0.009827
0.007901
0.007044
0.007001
0.005845
0.008730
0.000531
0.008246
0.000838
0.008236
0.005390
0.003217
0.003741
0.008899
0.006064
0.004372
0.003177
0.005590
0.004318
0.000913
0.000314
0.001458
0.007528
0.005227
0.008396
0.008880
0.005532
0.002799
0.006044
0.001730
0.000741
0.005871
0.009621
0.007776
0.002872
0.005466
0.006506
0.003394
0.003713
0.007333
0.001629
0.009093
0.000551
0.005361
0.007992
0.006605
0.009723
0.001168
0.002195
0.004040
0.002072
0.002500
0.005489
0.009590
0.007717
0.003884
0.008469
0.003249
0.006673
0.004514
0.004969
0.007405
0.000385
0.004590
0.005180
0.003248
0.000057
0.001686
0.006631
0.003759
0.009009
0.008251
0.002852
0.009550
0.003611
0.000844
0.006155
0.003334
0.002002
0.008340
0.007364
0.004064
0.000840
0.002853
0.003654
0.008547
0.006727
0.002124
0.001796
0.003400
0.006628
0.006754
0.000805
0.007003
0.001345
0.005975
0.000251
0.001391
0.007651
0.006872
0.005141
0.006660
0.005122
0.007983
0.006210
0.008724
0.008817
0.002365
0.002057
0.000819
0.000705
0.009412
0.004874
0.001535
0.002265
0.008518
0.000082
0.008982
0.000641
0.001867
0.002382
0.007259
0.008612
0.003177
0.004262
0.009946
0.009142
0.004502
0.001338
0.006793
0.001374
0.006468
0.003453
0.006486
0.004451
0.009653
0.005210
0.003268
0.002018
0.007257
0.004078
0.002713
0.006669
0.008941
0.004238
0.008924
0.007459
0.004310
0.007906
0.008091
0.006167
0.000288
0.005350
0.004779
0.003455
0.009601
0.004725
0.002597
0.004104
0.006053
0.009380
0.005468
0.002521
0.002833
0.001954
0.006963
0.002486
0.007154
0.000231
0.004495
0.004412
0.004299
0.007198
0.001081
0.003240
0.001436
0.009995
0.000700
0.005736
0.007900
0.008780
0.001903
0.008178
0.004130
0.006672
0.001633
0.003731
0.001397
0.004220
0.007825
0.007440
0.003600
0.003293
0.009951
0.006423
0.005237
0.006913
0.008899
0.002391
0.007134
0.003394
0.006792
0.001433
0.000592
0.007863
0.004664
0.002019
0.007858
0.005353
0.007745
0.005758
0.004134
0.009638
0.003937
0.008253
0.006310
0.005560
0.001984
0.007697
0.009770
0.009799
0.005136
0.003370
0.003092
0.005087
0.009783
0.008319
0.002000
0.008683
0.000710
0.009124
0.002077
0.007492
0.000558
0.002659
0.005355
0.005211
0.004667
0.003213
0.000565
0.002412
0.008961
0.004688
0.002050
0.002898
0.002941
0.008349
0.008448
0.004916
0.006046
0.008218
0.004715
0.001182
0.001588
0.007797
0.006259
0.001371
0.006116
0.008249
0.000054
0.006816
0.007373
0.002120
0.004308
0.007921
0.004769
0.009653
0.003132
0.009426
0.002866
0.003687
0.001838
0.001827
0.008365
0.003878
0.004715
0.001306
0.002228
0.003163
0.006212
0.008264
0.001380
0.000927
0.009436
0.002958
0.008714
0.005695
0.004320
0.004830
0.003944
0.004363
0.001646
0.001317
0.006473
0.005944
0.009229
0.001242
0.005596
0.002361
0.000669
0.008452
0.006038
0.002497
0.000278
0.004403
0.006365
0.004983
0.005699
0.008583
0.008136
0.001911
0.006847
0.009506
0.002828
0.006283
0.002464
0.001542
0.001978
0.006774
0.006363
0.005912
0.001137
0.007999
0.007219
0.007600
0.003942
0.006448
0.008833
0.009528
0.008799
0.009492
0.007980
0.004836
0.001989
0.008248
0.009229
0.008344
0.003231
0.004928
0.006928
0.001367
0.006828
0.003775
0.000873
0.009646
0.000057
0.003328
0.001189
0.002025
0.000102
0.007541
0.007927
0.001229
0.005540
0.005146
0.008819
0.009472
0.001594
0.007652
0.009001
0.000393
0.007144
0.006981
0.005219
0.009123
0.005229
0.004448
0.007467
0.008450
0.009366
0.004395
0.009807
0.006194
0.008159
0.000680
0.005840
0.008207
0.003998
0.007019
0.000232
0.004090
0.004560
0.008149
0.005308
0.000100
0.003296
0.004127
0.009562
0.004880
0.001779
0.008563
0.005263
0.008913
0.005544
0.000482
0.008036
0.000773
0.004921
0.005503
0.009213
0.004287
0.009887
0.009020
0.000481
0.008047
0.009691
0.006311
0.006253
0.003689
0.003330
0.006475
0.007768
0.007880
0.004624
0.003076
0.007971
0.007910
0.007194
0.007533
0.002790
0.008963
0.006096
0.008043
0.007876
0.001640
0.008515
0.005912
0.002402
0.003436
0.001415
0.001615
0.007712
0.001303
0.000636
0.008183
0.009339
0.000327
0.004494
0.005592
0.004005
0.007814
0.002067
0.001774
0.005695
0.006682
0.004840
0.003665
0.004592
0.002034
0.001198
0.007372
0.000997
0.007285
0.005415
0.008864
0.008914
0.003930
0.004776
0.001317
0.007356
0.006181
0.002922
0.005068
0.007474
0.003548
0.003251
0.006813
0.003864
0.007735
0.002405
0.007859
0.005550
0.004463
0.009623
0.001244
0.001144
0.004463
0.004900
0.005726
0.006487
0.006088
0.003098
0.007474
0.003372
0.008502
0.006338
0.002287
0.002432
0.001114
0.003593
0.009778
0.007286
0.006505
0.004846
0.004759
0.000053
0.008087
0.001572
0.003907
0.005822
0.003967
0.001766
0.001371
0.008420
0.001389
0.002606
0.009554
0.005842
0.007495
0.005280
0.002329
0.003583
0.008368
0.009794
0.006946
0.006870
0.006132
0.009222
0.009292
0.007237
0.002816
0.009070
0.004522
0.009311
0.003915
0.009272
0.009353
0.002002
0.000844
0.003260
0.007814
0.004801
0.005016
0.009175
0.003221
0.006395
0.001781
0.002775
0.002238
0.009266
0.008046
0.004557
0.002850
0.006414
0.004351
0.009785
0.003284
0.000483
0.009008
0.002576
0.007710
0.001823
0.001646
0.002232
0.001134
0.005551
0.001504
0.000487
0.007543
0.002338
0.003738
0.005357
0.007129
0.008744
0.004533
0.000350
0.005139
0.006304
0.003115
0.007367
0.005570
0.001161
0.001924
0.008410
0.007565
0.006265
0.008195
0.000848
0.006738
0.007203
0.003414
0.004448
0.009017
0.005050
0.006670
0.000151
0.000601
0.008164
0.000628
0.008135
0.000501
0.004356
0.003492
0.007620
0.003099
0.008015
0.007960
0.008228
0.004319
0.001076
0.005595
0.009879
0.002226
0.007509
0.008289
0.009781
0.003773
0.006484
0.000629
0.000511
0.003687
0.004034
0.004949
0.002704
0.009074
0.001619
0.002845
0.009665
0.009772
0.003463
0.007800
0.000273
0.007809
0.001292
0.007884
0.000908
0.009297
0.005844
0.009126
0.003615
0.006909
0.004722
0.003494
0.009126
0.002230
0.001783
0.008907
0.005994
0.008257
0.009526
0.006495
0.001944
0.003560
0.001444
0.004638
0.002634
0.003053
0.007473
0.002299
0.002825
0.000936
0.000100
0.003088
0.008735
0.001382
0.000972
0.009633
0.000678
0.006806
0.008759
0.004284
0.003715
0.003481
0.007768
0.002841
0.005701
0.009541
0.001748
0.001695
0.007798
0.001274
0.008180
0.009732
0.004824
0.009614
0.004371
0.007448
0.002666
0.001844
0.009738
0.005481
0.002770
0.009827
0.008559
0.001505
0.001209
0.009521
0.001137
0.001877
0.006327
0.009887
0.006151
0.000042
0.003367
0.003919
0.002873
0.009059
0.003460
0.004611
0.000753
0.001258
0.005875
0.008923
0.000990
0.000699
0.008537
0.005351
0.008137
0.001203
0.007185
0.007875
0.006674
0.009945
0.007702
0.005233
0.001450
0.008901
0.004754
0.002577
0.000779
0.001081
0.002464
0.006920
0.001113
0.005821
0.000839
0.003976
0.004880
0.004289
0.008576
0.005623
0.005536
0.004451
0.004546
0.006516
0.005140
0.003083
0.001867
0.003277
0.004276
0.009042
0.001152
0.000950
0.008987
0.008844
0.006173
0.000437
0.007745
0.000927
0.003004
0.008514
0.001998
0.005458
0.005434
0.003101
0.001279
0.006262
0.007066
0.006149
0.000551
0.005643
0.001773
0.006077
0.000094
0.006309
0.002594
0.005224
0.009382
0.004451
0.008491
0.003658
0.003494
0.009632
0.004598
0.002481
0.008476
0.000771
0.002908
0.006222
0.001688
0.005902
0.004735
0.003675
0.001360
0.000169
0.006766
0.002630
0.006422
0.003833
0.008769
0.006963
0.009466
0.000542
0.003040
0.009549
0.006841
0.005624
0.004773
0.006223
0.000075
0.003263
0.009871
0.003559
0.002896
0.004469
0.006030
0.001372
0.005229
0.008928
0.007584
0.006907
0.004830
0.002319
0.000582
0.006180
0.002478
0.007339
0.008800
0.008890
0.001172
0.007569
0.005853
0.000637
0.008101
0.008883
0.000186
0.004942
0.004506
0.004949
0.001165
0.004572
0.008203
0.001036
0.008120
0.001098
0.005495
0.004150
0.002460
0.000724
0.003077
0.000044
0.007621
0.007897
0.002353
0.008194
0.004077
0.004821
0.005532
0.002877
0.003711
0.006694
0.000447
0.009554
0.007321
0.008538
0.008436
0.007497
0.003480
0.002943
0.002447
0.004635
0.007504
0.000649
0.005661
0.005625
0.001737
0.001156
0.009764
0.004188
0.001870
0.002842
0.004222
0.009481
0.000739
0.006565
0.007675
0.004806
0.001386
0.003207
0.007674
0.005087
0.009891
0.008111
0.004641
0.007212
0.006648
0.003078
0.004709
0.000128
0.006011
0.007146
0.004753
0.003515
0.007785
0.000414
0.009130
0.009512
0.001559
0.008894
0.003700
0.003419
0.001736
0.007912
0.002900
0.002465
0.004477
0.000574
0.007261
0.005853
0.003772
0.004935
0.000940
0.003663
0.003045
0.005572
0.000874
0.009684
0.008639
0.005574
0.009802
0.004650
0.002720
0.004555
0.008155
0.000505
0.004958
0.007285
0.000017
0.006507
0.006179
0.003707
0.009916
0.007905
0.001619
0.002816
0.000370
0.006086
0.003381
0.007621
0.001939
0.007142
0.002556
0.002870
0.000805
0.005591
0.008431
0.001669
0.005275
0.007071
0.007233
0.005077
0.001721
0.009942
0.009621
0.009866
0.000447
0.004580
0.007151
0.000454
0.001087
0.003330
0.004152
0.001003
0.001235
0.005761
0.003810
0.001595
0.001847
0.007180
0.009205
0.003777
0.004322
0.001761
0.006636
0.005117
0.007342
0.005068
0.006776
0.002617
0.002138
0.004009
0.007683
0.003849
0.003951
0.007305
0.003715
0.004388
0.001885
0.000866
0.004832
0.002962
0.004186
0.008974
0.003955
0.005411
0.004735
0.007755
0.006996
0.006572
0.004935
0.006202
0.000349
0.009247
0.007953
0.006975
0.004364
0.005294
0.002043
0.001139
0.007901
0.004171
0.005138
0.005585
0.008010
0.009079
0.002889
0.001726
0.003467
0.004764
0.002582
0.008290
0.007716
0.006758
0.007264
0.001671
0.002169
0.001999
0.009416
0.009155
0.008561
0.004350
0.005357
0.008901
0.003597
0.003309
0.005876
0.007951
0.008594
0.007909
0.009080
0.006495
0.002080
0.004218
0.002079
0.000091
0.003297
0.004959
0.001806
0.006754
0.009713
0.004378
0.005044
0.007428
0.001136
0.002308
0.009089
0.003295
0.004297
0.008505
0.002450
0.002858
0.002855
0.007797
0.001758
0.006442
0.001106
0.007624
0.004393
0.009690
0.005533
0.003473
0.006184
0.007604
0.007681
0.008254
0.007684
0.000978
0.003213
0.009481
0.007722
0.002925
0.003858
0.002766
0.000354
0.004984
0.005063
0.009433
0.008269
0.009350
0.007937
0.000719
0.002208
0.000792
0.008505
0.003956
0.007225
0.009601
0.001581
0.001617
0.009291
0.007104
0.005080
0.005475
0.004708
0.002761
0.003729
0.002392
0.003729
0.006932
0.001873
0.001451
0.009847
0.005721
0.004207
0.000201
0.000705
0.009260
0.009624
0.008964
0.008610
0.007561
0.009673
0.000818
0.008344
0.008178
0.004765
0.005568
0.007779
0.006335
0.007176
0.007070
0.003440
0.002256
0.002546
0.008137
0.005007
0.006265
0.000529
0.008726
0.003197
0.002392
0.000177
0.003044
0.008103
0.004374
0.003235
0.008798
0.003634
0.002859
0.007762
0.002244
0.000420
0.007435
0.003053
0.008754
0.005613
0.007807
0.004322
0.003393
0.004143
0.001497
0.000463
0.007572
0.003743
0.002999
0.005710
0.008740
0.009254
0.006229
0.007467
0.002451
0.008611
0.007634
0.005485
0.006714
0.002008
0.008710
0.005513
0.005632
0.001569
0.003275
0.007866
0.001979
0.000710
0.000919
0.000733
0.006314
0.008716
0.005044
0.009696
0.002859
0.006532
0.000160
0.000431
0.000275
0.003148
0.006131
0.009005
0.002402
0.002360
0.006472
0.004843
0.000971
0.004106
0.000328
0.007675
0.006104
0.009028
0.003188
0.001736
0.000597
0.006453
0.009592
0.002566
0.007154
0.000511
0.003289
0.003467
0.009218
0.008323
0.003164
0.002076
0.004855
0.003314
0.002497
0.005119
0.006452
0.008618
0.004124
0.008844
0.000977
0.000596
0.003687
0.001938
0.004692
0.004005
0.009603
0.000796
0.003033
0.002792
0.002522
0.003620
0.009235
0.002114
0.006176
0.006389
0.002616
0.009455
0.009846
0.001833
0.007778
0.003010
0.003900
0.002632
0.006314
0.006387
0.007741
0.002766
0.005004
0.001866
0.001610
0.005972
0.002452
0.005287
0.007900
0.007135
0.009282
0.007503
0.007921
0.002315
0.000295
0.000443
0.005925
0.009520
0.002547
0.002101
0.005909
0.005153
0.001555
0.005755
0.006976
0.009323
0.008755
0.000876
0.001955
0.005069
0.007253
0.009686
0.007825
0.002257
0.001552
0.009425
0.008219
0.003994
0.004713
0.006119
0.001129
0.003995
0.003622
0.009039
0.006299
0.003907
0.009472
0.002224
0.003426
0.002019
0.004315
0.009325
0.007162
0.005860
0.005080
0.004138
0.005183
0.003836
0.005004
0.007128
0.008895
0.002257
0.006814
0.006720
0.004504
0.008356
0.006146
0.002723
0.002350
0.000858
0.008832
0.003469
0.004843
0.002454
0.002508
0.001142
0.006350
0.001981
0.003357
0.009767
0.003990
0.007661
0.009092
0.001152
0.003521
0.004172
0.005280
0.008694
0.007998
0.000284
0.005822
0.006893
0.002531
0.002635
0.003613
0.007025
0.000991
0.009749
0.009738
0.003331
0.000607
0.008570
0.006790
0.005440
0.001024
0.009289
0.006573
0.007364
0.001269
0.009919
0.007130
0.005249
0.007580
0.006222
0.006390
0.001102
0.000394
0.001670
0.009786
0.008382
0.001944
0.005607
0.005275
0.004466
0.008232
0.008879
0.001491
0.009213
0.008628
0.001229
0.002545
0.009225
0.009789
0.009325
0.004666
0.000813
0.008613
0.001238
0.008167
0.009873
0.001157
0.005297
0.005121
0.008728
0.001520
0.001512
0.009820
0.001904
0.003172
0.009605
0.000287
0.005106
0.005212
0.005552
0.009562
0.003445
0.004431
0.001053
0.002658
0.003059
0.002272
0.005193
0.002284
0.002062
0.004518
0.006940
0.002865
0.003131
0.008168
0.001032
0.003004
0.009316
0.006319
0.008115
0.008043
0.007829
0.009617
0.007863
0.009723
0.002789
0.007468
0.009999
0.007885
0.002681
0.005551
0.007447
0.006116
0.009972
0.008489
0.008764
0.003031
0.000762
0.003957
0.005305
0.002813
0.008465
0.002245
0.005668
0.001596
0.000413
0.006689
0.004590
0.009719
0.003008
0.002706
0.007762
0.000837
0.002323
0.005625
0.000560
0.005101
0.003093
0.000559
0.002986
0.005764
0.006100
0.000433
0.001879
0.006072
0.008912
0.000643
0.009093
0.009664
0.004590
0.004398
0.002477
0.003055
0.006633
0.008135
0.004641
0.007037
0.004824
0.009222
0.006756
0.007823
0.001927
0.004518
0.008650
0.004240
0.000143
0.009199
0.009331
0.003226
0.009748
0.002318
0.008980
0.005848
0.002740
0.000859
0.001920
0.001653
0.001492
0.001013
0.001317
0.006072
0.005402
0.003784
0.009118
0.002035
0.001919
0.003759
0.009062
0.006733
0.002981
0.005818
0.004555
0.004898
0.000335
0.003205
0.009128
0.000468
0.002404
0.008459
0.003684
0.002152
0.000777
0.002664
0.007990
0.003507
0.003513
0.009901
0.005150
0.004995
0.000914
0.006457
0.001068
0.006305
0.000241
0.000185
0.008330
0.002150
0.003934
0.007392
0.008873
0.006905
0.003210
0.003428
0.001803
0.003535
0.006623
0.000932
0.003993
0.009017
0.009381
0.007668
0.001170
0.000158
0.000331
0.009150
0.003655
0.003834
0.009051
0.008796
0.008820
0.009954
0.005253
0.009877
0.006260
0.005484
0.000062
0.004590
0.007624
0.003987
0.001983
0.006496
0.000892
0.005182
0.009914
0.002685
0.008708
0.006537
0.003607
0.002701
0.005554
0.002988
0.000368
0.006714
0.003136
0.000690
0.005864
0.006782
0.004514
0.004914
0.005578
0.003334
0.004869
0.000831
0.003211
0.001129
0.006305
0.003264
0.005709
0.003928
0.007240
0.007681
0.000425
0.008122
0.002864
0.000339
0.000808
0.001571
0.006866
0.004405
0.004262
0.002421
0.007383
0.004621
0.009124
0.000519
0.005300
0.004988
0.007291
0.009805
0.009893
0.002869
0.003139
0.004762
0.003689
0.006340
0.005880
0.009984
0.009593
0.001589
0.003913
0.006834
0.009260
0.004327
0.004956
0.002124
0.004656
0.005754
0.003685
0.001522
0.000159
0.007938
0.003933
0.007532
0.002558
0.003057
0.008042
0.007848
0.008036
0.005333
0.007653
0.007928
0.008191
0.000792
0.002690
0.001881
0.007122
0.008560
0.001865
0.006715
0.000149
0.005768
0.003549
0.009400
0.000095
0.008495
0.001524
0.004741
0.004249
0.005199
0.006253
0.004398
0.003137
0.000186
0.001930
0.005685
0.003233
0.009962
0.003533
0.001269
0.005294
0.001186
0.009187
0.003486
0.001968
0.001877
0.005357
0.009080
0.000437
0.007212
0.005795
0.000576
0.002979
0.009333
0.009966
0.003064
0.007828
0.001490
0.007795
0.002077
0.006679
0.004048
0.006465
0.009805
0.004224
0.008385
0.005490
0.007447
0.008346
0.009013
0.008706
0.003641
0.000200
0.007893
0.007117
0.002158
0.009760
0.002473
0.001238
0.000198
0.009675
0.007022
0.000764
0.002654
0.006355
0.000730
0.005709
0.004183
0.002209
0.003504
0.006250
0.008878
0.007542
0.002715
0.008683
0.001766
0.001100
0.004174
0.009204
0.009436
0.003187
0.007910
0.003077
0.003377
0.005803
0.000193
0.005525
0.005564
0.002657
0.006753
0.005751
0.002332
0.003775
0.006505
0.004977
0.000130
0.007225
0.000685
0.004303
0.009424
0.004179
0.000553
0.008302
0.001721
0.003258
0.006985
0.003477
0.004348
0.001159
0.002681
0.003784
0.004336
0.000590
0.006850
0.007703
0.006384
0.007034
0.003228
0.001947
0.009681
0.009971
0.007688
0.002013
0.003746
0.004193
0.006979
0.003866
0.001418
0.007655
0.008159
0.000842
0.001833
0.008703
0.009134
0.003544
0.001961
0.006119
0.007011
0.006299
0.007268
0.009682
0.000083
0.001605
0.000272
0.006923
0.009298
0.006646
0.003957
0.002526
0.008583
0.003638
0.002498
0.006271
0.005641
0.006234
0.000464
0.002620
0.000100
0.001872
0.000275
0.008249
0.002704
0.002098
0.006952
0.001837
0.005633
0.008903
0.007946
0.002644
0.005202
0.005214
0.002326
0.005275
0.006809
0.002588
0.002198
0.006107
0.009224
0.006145
0.008623
0.007807
0.009773
0.001121
0.004078
0.005414
0.007345
0.004532
0.008024
0.007434
0.006394
0.008289
0.005683
0.009087
0.000387
0.002635
0.000925
0.006010
0.001539
0.008861
0.008644
0.006731
0.004075
0.000970
0.002006
0.000884
0.003548
0.004194
0.006981
0.002771
0.000339
0.005604
0.000578
0.000111
0.006715
0.004646
0.005515
0.004060
0.009168
0.003539
0.001494
0.005562
0.001828
0.007168
0.004650
0.002205
0.009793
0.005564
0.008205
0.001332
0.004425
0.006849
0.008053
0.008490
0.007809
0.000058
0.009364
0.001356
0.004242
0.006345
0.004118
0.004570
0.001949
0.004686
0.004672
0.008654
0.009322
0.000187
0.002714
0.008490
0.003716
0.004198
0.004052
0.005534
0.001365
0.008692
0.007730
0.001158
0.004256
0.005935
0.002480
0.008671
0.002784
0.000533
0.007161
0.000593
0.000581
0.006524
0.001939
0.004813
0.002869
0.006047
0.009373
0.004808
0.000733
0.004045
0.003461
0.000056
0.004222
0.006165
0.008536
0.007928
0.000363
0.002588
0.003463
0.001718
0.001280
0.001192
0.002866
0.005526
0.007117
0.005337
0.004197
0.009892
0.005859
0.001358
0.000485
0.006430
0.007872
0.002414
0.001243
0.000741
0.008451
0.000616
0.005539
0.009175
0.004651
0.008990
0.009220
0.008863
0.005155
0.007756
0.006791
0.005508
0.000344
0.000254
0.007216
0.001614
0.001436
0.000082
0.007130
0.008544
0.005409
0.001327
0.008435
0.001268
0.002675
0.008910
0.007689
0.000547
0.001324
0.008922
0.001278
0.009765
0.009528
0.006807
0.008940
0.004179
0.005797
0.008160
0.003042
0.000952
0.005916
0.009824
0.006450
0.006251
0.000078
0.003666
0.007855
0.001504
0.003738
0.004985
0.000048
0.009137
0.006303
0.008474
0.000406
0.008968
0.007384
0.008085
0.009505
0.008698
0.007007
0.000783
0.008463
0.006534
0.007580
0.007403
0.000714
0.003377
0.005563
0.003746
0.004319
0.001479
0.003570
0.000769
0.007720
0.003638
0.004425
0.005575
0.005132
0.008154
0.000560
0.005170
0.007291
0.006853
0.003644
0.007687
0.005821
0.001027
0.005772
0.005326
0.009715
0.002778
0.006099
0.008178
0.009303
0.003680
0.005581
0.000016
0.007047
0.001144
0.003752
0.001366
0.002613
0.007312
0.002125
0.000333
0.000949
0.006541
0.005898
0.006071
0.004694
0.006448
0.001242
0.001985
0.003301
0.004875
0.009662
0.009112
0.005893
0.005434
0.004438
0.005608
0.008202
0.000537
0.003786
0.007505
0.004207
0.009357
0.007511
0.001254
0.000501
0.001264
0.002610
0.003104
0.008566
0.004725
0.003426
0.009505
0.001266
0.009314
0.005576
0.005950
0.005762
0.006808
0.007926
0.009053
0.001683
0.007588
0.008164
0.007566
0.003022
0.002602
0.003174
0.001225
0.003130
0.006950
0.008720
0.007327
0.006307
0.006231
0.008570
0.006798
0.007485
0.001181
0.009891
0.006050
0.005896
0.003318
0.005556
0.007152
0.002632
0.001132
0.003102
0.008383
0.007930
0.001028
0.007436
0.009603
0.008606
0.005600
0.007170
0.001628
0.008192
0.000344
0.002843
0.001322
0.007284
0.001562
0.008638
0.003591
0.007784
0.007209
0.000389
0.005268
0.008379
0.000280
0.001319
0.004275
0.003588
0.006864
0.001427
0.006210
0.007986
0.004520
0.004593
0.005916
0.005538
0.002029
0.005520
0.004144
0.007619
0.002689
0.005762
0.005811
0.003023
0.008594
0.007123
0.000308
0.000157
0.005762
0.003889
0.007930
0.002971
0.004268
0.003199
0.001350
0.004538
0.004508
0.005616
0.008116
0.001372
0.007033
0.004326
0.009349
0.001553
0.008909
0.005265
0.007080
0.000938
0.000785
0.001224
0.008547
0.003464
0.006976
0.004359
0.006477
0.005570
0.001482
0.006775
0.005717
0.007234
0.000664
0.003647
0.000204
0.004922
0.006836
0.001545
0.009450
0.001344
0.007150
0.007567
0.002706
0.004183
0.001893
0.002054
0.005726
0.000802
0.007309
0.002807
0.001730
0.008084
0.004021
0.000277
0.001548
0.000996
0.004626
0.008015
0.006556
0.006098
0.004790
0.002273
0.003331
0.005443
0.005910
0.003525
0.000365
0.002746
0.005060
0.009805
0.004079
0.002210
0.007371
0.006775
0.006384
0.009254
0.008819
0.002110
0.000056
0.006128
0.004907
0.001776
0.004212
0.008917
0.002043
0.005750
0.009904
0.006659
0.003764
0.006460
0.002757
0.008544
0.008723
0.006078
0.003987
0.004633
0.009593
0.004342
0.007369
0.004653
0.004147
0.001448
0.006853
0.001518
0.008214
0.003237
0.000773
0.007033
0.005337
0.000819
0.003161
0.000244
0.002585
0.007363
0.009151
0.004618
0.003113
0.009055
0.001278
0.006868
0.005515
0.004024
0.005412
0.004238
0.000102
0.009389
0.008861
0.009685
0.003731
0.006230
0.004339
0.007868
0.007668
0.001192
0.009377
0.005882
0.004419
0.000149
0.002915
0.009746
0.000958
0.006066
0.009980
0.003533
0.003430
0.009131
0.008141
0.006533
0.008186
0.009409
0.003400
0.003700
0.003433
0.008802
0.007928
0.003525
0.008191
0.006789
0.003211
0.001922
0.003019
0.007539
0.009780
0.000688
0.008722
0.009157
0.006560
0.003141
0.009296
0.009465
0.002887
0.000254
0.005531
0.002867
0.003777
0.008951
0.001998
0.001918
0.005484
0.000184
0.001327
0.008874
0.003874
0.004750
0.007676
0.001802
0.008265
0.005867
0.008582
0.001476
0.007779
0.001601
0.009005
0.007559
0.002279
0.007727
0.006716
0.008829
0.000868
0.006012
0.008294
0.003745
0.006256
0.003825
0.006603
0.000032
0.002776
0.008591
0.001940
0.008249
0.008764
0.003257
0.007123
0.002638
0.007997
0.004800
0.004431
0.006262
0.000667
0.003012
0.007728
0.008436
0.004603
0.006734
0.005996
0.006872
0.004461
0.002712
0.005701
0.005319
0.008714
0.003995
0.009054
0.004970
0.007810
0.005657
0.004992
0.000585
0.004247
0.006922
0.008824
0.003011
0.000179
0.005948
0.005640
0.008166
0.000747
0.000070
0.004428
0.001404
0.003073
0.002157
0.009830
0.007666
0.008880
0.005826
0.004539
0.003341
0.008528
0.000240
0.008649
0.007242
0.004225
0.007704
0.002211
0.002034
0.003360
0.007193
0.002609
0.007598
0.004116
0.001434
0.000609
0.004285
0.007371
0.006239
0.002452
0.008109
0.006299
0.006870
0.009503
0.009362
0.009017
0.009333
0.007028
0.007897
0.005159
0.001566
0.001237
0.003687
0.001796
0.009877
0.000929
0.006011
0.007580
0.003130
0.008035
0.000941
0.000324
0.000645
0.008528
0.004430
0.002069
0.009127
0.008705
0.009430
0.005366
0.001157
0.007539
0.001665
0.008017
0.007041
0.001026
0.007034
0.006375
0.008044
0.004930
0.001534
0.009601
0.006158
0.005211
0.001397
0.006035
0.006130
0.007398
0.003615
0.009251
0.005433
0.004546
0.009564
0.006068
0.003074
0.003994
0.008127
0.002201
0.002699
0.007557
0.007557
0.003846
0.005095
0.009212
0.001863
0.002137
0.000238
0.008886
0.008501
0.008273
0.003816
0.000035
0.007873
0.009964
0.005237
0.009260
0.005999
0.001367
0.006658
0.009604
0.000617
0.002092
0.004150
0.000182
0.008150
0.007214
0.004166
0.006277
0.009405
0.006855
0.003833
0.006962
0.000700
0.008919
0.006174
0.002553
0.001056
0.006403
0.001439
0.009547
0.004675
0.005246
0.009572
0.002549
0.005210
0.004809
0.001809
0.001209
0.006166
0.008457
0.000812
0.006773
0.000548
0.004952
0.006945
0.008688
0.002166
0.001111
0.004965
0.001571
0.007955
0.008788
0.008523
0.008646
0.007707
0.004697
0.001199
0.008753
0.001100
0.002628
0.008299
0.005765
0.007863
0.007872
0.008304
0.003073
0.002681
0.000113
0.004271
0.008836
0.008560
0.005074
0.005609
0.009098
0.000026
0.002554
0.007786
0.002181
0.003655
0.002751
0.003742
0.001610
0.001539
0.002265
0.000256
0.009236
0.006952
0.001444
0.007989
0.008042
0.004062
0.006288
0.003807
0.001925
0.004160
0.002111
0.004988
0.006830
0.002214
0.009249
0.005667
0.000774
0.004323
0.001276
0.009862
0.004339
0.003820
0.007648
0.006510
0.007465
0.000399
0.000253
0.009065
0.001928
0.002508
0.009310
0.001164
0.009450
0.000754
0.009143
0.007492
0.004806
0.005431
0.001299
0.006721
0.009581
0.003401
0.001709
0.006411
0.005605
0.000958
0.002078
0.006369
0.005272
0.003344
0.006231
0.009601
0.007154
0.003879
0.006111
0.004618
0.004267
0.006353
0.003683
0.006185
0.008851
0.002993
0.007340
0.008301
0.003738
0.006483
0.005793
0.008534
0.001914
0.007082
0.005255
0.001495
0.000483
0.006954
0.007896
0.006078
0.007903
0.009964
0.002447
0.003174
0.003308
0.008668
0.002775
0.000462
0.002546
0.008876
0.005070
0.006803
0.005229
0.008743
0.002989
0.004080
0.001737
0.000329
0.002381
0.005465
0.006801
0.008164
0.003999
0.008705
0.005246
0.009244
0.000200
0.005719
0.006198
0.008086
0.001797
0.004101
0.008051
0.004234
0.007265
0.001359
0.002901
0.000040
0.001810
0.005437
0.008906
0.006870
0.002241
0.004135
0.005614
0.005220
0.008205
0.007340
0.005538
0.000586
0.002805
0.002340
0.008740
0.006794
0.001045
0.003985
0.006038
0.001235
0.009694
0.002236
0.009311
0.001491
0.006327
0.007362
0.005715
0.003593
0.008711
0.008606
0.003623
0.000521
0.004044
0.002529
0.007381
0.006274
0.006653
0.002995
0.001494
0.004858
0.000335
0.007022
0.005435
0.003130
0.009352
0.004174
0.009914
0.000397
0.008150
0.005952
0.001622
0.007844
0.008178
0.000933
0.009325
0.004505
0.008285
0.005040
0.008088
0.006996
0.003646
0.001711
0.007507
0.007679
0.004229
0.004888
0.003954
0.000883
0.007872
0.005438
0.005731
0.008197
0.002460
0.001166
0.001328
0.001812
0.005330
0.001241
0.002199
0.003480
0.007183
0.003811
0.001324
0.005361
0.004734
0.000649
0.009856
0.003019
0.005678
0.007944
0.000015
0.009314
0.009645
0.007512
0.006994
0.003874
0.002399
0.000947
0.004747
0.000272
0.006375
0.000478
0.008459
0.008825
0.001634
0.009777
0.000637
0.006954
0.001018
0.002826
0.000433
0.008191
0.006627
0.001747
0.003552
0.001361
0.002385
0.003408
0.004370
0.008054
0.001353
0.004375
0.007368
0.000997
0.001886
0.004362
0.004862
0.004276
0.005299
0.009598
0.004537
0.001674
0.000076
0.002997
0.000500
0.001700
0.002773
0.001127
0.008644
0.003781
0.003943
0.009067
0.001973
0.000570
0.000813
0.005515
0.001920
0.003189
0.008913
0.006280
0.001242
0.000266
0.000655
0.008600
0.001253
0.002531
0.002962
0.006105
0.006797
0.008251
0.005703
0.001335
0.009915
0.005770
0.004321
0.000415
0.007460
0.007085
0.001532
0.006103
0.000866
0.005465
0.005170
0.002829
0.006025
0.005973
0.008334
0.007935
0.009152
0.007247
0.004215
0.000394
0.007502
0.004860
0.008984
0.008745
0.007382
0.001945
0.004850
0.004179
0.000196
0.000553
0.005504
0.000111
0.006313
0.009815
0.000516
0.003772
0.006900
0.002037
0.009865
0.007756
0.007492
0.005035
0.000585
0.003517
0.001008
0.008908
0.001452
0.000160
0.006155
0.005657
0.000544
0.003657
0.000518
0.009518
0.002402
0.007890
0.001463
0.007242
0.002069
0.001649
0.007785
0.007563
0.001750
0.004098
0.007378
0.002256
0.007860
0.004277
0.004283
0.007725
0.002033
0.001775
0.002760
0.002608
0.005282
0.003759
0.001516
0.006724
0.003909
0.007661
0.002381
0.004443
0.001318
0.002889
0.003961
0.003710
0.000778
0.005414
0.000952
0.002837
0.007053
0.008728
0.000400
0.008793
0.002825
0.007767
0.001049
0.000685
0.002045
0.005321
0.008401
0.004068
0.007086
0.001161
0.006666
0.002368
0.004910
0.008172
0.009081
0.008809
0.005833
0.001462
0.003252
0.007142
0.004341
0.007203
0.000852
0.005109
0.002617
0.001794
0.007936
0.009660
0.000522
0.008326
0.008453
0.003337
0.006093
0.009491
0.004013
0.008128
0.004813
0.002414
0.002196
0.001899
0.003565
0.008852
0.004257
0.008465
0.007024
0.003338
0.007274
0.002857
0.004791
0.000526
0.009989
0.009121
0.007718
0.000841
0.004231
0.000335
0.002625
0.002167
0.009985
0.003137
0.000493
0.008437
0.006465
0.006576
0.007929
0.000477
0.004703
0.002741
0.002881
0.006889
0.004630
0.006436
0.005740
0.008877
0.004900
0.002764
0.002216
0.002174
0.005611
0.006996
0.002689
0.005600
0.006118
0.000407
0.006431
0.000348
0.000732
0.009046
0.002505
0.000717
0.002183
0.002988
0.009144
0.008638
0.009553
0.007073
0.009105
0.004257
0.009804
0.001986
0.001146
0.004435
0.008411
0.006876
0.003312
0.003311
0.009630
0.005518
0.005475
0.005242
0.002514
0.008154
0.000842
0.008622
0.008552
0.007263
0.008960
0.009274
0.006309
0.001465
0.009981
0.008482
0.004443
0.009125
0.007119
0.003996
0.006198
0.006224
0.008243
0.006002
0.008200
0.009379
0.000437
0.006611
0.006255
0.003739
0.009913
0.005885
0.009247
0.005388
0.001127
0.001761
0.003542
0.001959
0.000382
0.002094
0.009212
0.009332
0.001368
0.005520
0.000797
0.001349
0.004002
0.005230
0.000475
0.001122
0.009216
0.006663
0.007336
0.007459
0.002665
0.005536
0.006838
0.003092
0.002147
0.003092
0.006821
0.002060
0.008967
0.006068
0.007438
0.000094
0.007819
0.000980
0.002043
0.008192
0.003064
0.001254
0.007524
0.004422
0.006764
0.008311
0.005762
0.000767
0.003541
0.006227
0.001878
0.002757
0.002889
0.009204
0.000216
0.005545
0.004740
0.007044
0.008627
0.006877
0.000136
0.005448
0.008927
0.009094
0.001517
0.006365
0.009178
0.009326
0.007335
0.001220
0.007517
0.000399
0.002464
0.005041
0.004811
0.009219
0.003352
0.000573
0.009976
0.006883
0.006790
0.001854
0.009630
0.009669
0.001058
0.009836
0.005214
0.005788
0.006880
0.003841
0.002665
0.007007
0.009279
0.001593
0.006100
0.000796
0.007947
0.005278
0.000122
0.005282
0.006489
0.007629
0.005671
0.008943
0.002670
0.000482
0.008162
0.006012
0.001046
0.008137
0.002895
0.007826
0.009981
0.002525
0.007495
0.001039
0.002361
0.002709
0.006817
0.009231
0.006540
0.009473
0.006238
0.005819
0.001065
0.002338
0.006605
0.009003
0.007606
0.006717
0.004285
0.004095
0.004346
0.009946
0.003038
0.007006
0.000429
0.001200
0.003019
0.001464
0.009327
0.005904
0.009280
0.009308
0.008419
0.006775
0.000347
0.000780
0.009474
0.007155
0.000011
0.006013
0.006627
0.006239
0.001832
0.007683
0.008567
0.008427
0.006685
0.006173
0.005144
0.000970
0.000268
0.009480
0.000917
0.003296
0.006486
0.001335
0.004486
0.009495
0.002790
0.003813
0.005399
0.002070
0.003121
0.003817
0.008834
0.003459
0.004587
0.008308
0.000613
0.004588
0.004321
0.007231
0.000827
0.006144
0.004913
0.009384
0.004571
0.001599
0.005558
0.009704
0.002559
0.005816
0.009184
0.003466
0.009102
0.005670
0.004791
0.003588
0.005165
0.007571
0.007391
0.000563
0.009630
0.000512
0.004371
0.008465
0.003961
0.008948
0.006773
0.004564
0.003537
0.001094
0.001795
0.004354
0.007228
0.006699
0.003738
0.001798
0.008288
0.009285
0.001502
0.000847
0.005101
0.000686
0.004303
0.004203
0.006346
0.009084
0.007781
0.001511
0.006655
0.005172
0.002064
0.006285
0.005674
0.006425
0.004750
0.009625
0.005373
0.001523
0.004190
0.008899
0.002607
0.005975
0.003253
0.009825
0.002673
0.006981
0.001623
0.000961
0.006267
0.003115
0.001798
0.001368
0.003792
0.006091
0.005561
0.000138
0.005175
0.003342
0.001639
0.001830
0.008504
0.003693
0.008105
0.004179
0.000118
0.002855
0.003804
0.005480
0.004368
0.007984
0.004380
0.006965
0.003959
0.007623
0.006790
0.006622
0.004604
0.008402
0.007573
0.000870
0.001518
0.009361
0.002228
0.005299
0.005451
0.007779
0.005427
0.000626
0.001122
0.007056
0.002446
0.009616
0.000749
0.000551
0.003795
0.000856
0.003396
