0.006677
0.004397
0.004735
0.008880
0.006709
0.003144
0.005006
0.004501
0.006119
0.007623
0.002505
0.008025
0.003998
0.003166
0.002955
0.002018
0.000600
0.007474
0.002109
0.004783
0.007364
0.001417
0.007687
0.008453
0.001268
0.008446
0.007753
0.001036
0.006210
0.005686
0.000080
0.002887
0.000083
0.004805
0.001767
0.006782
0.007939
0.006763
0.001284
0.004058
0.004385
0.003779
0.002083
0.008374
0.006935
0.005028
0.000391
0.007525
0.002502
0.002490
0.002308
0.009856
0.003898
0.009984
0.008309
0.005156
0.008430
0.006062
0.006182
0.004640
0.001749
0.006252
0.007517
0.001822
0.001057
0.009274
0.008594
0.008986
0.006037
0.009868
0.003044
0.000422
0.003647
0.005118
0.008786
0.000582
0.000145
0.009167
0.008096
0.002637
0.001657
0.000404
0.002493
0.005545
0.000388
0.000802
0.000701
0.008809
0.006854
0.006873
0.003449
0.008593
0.003125
0.000966
0.000415
0.004172
0.000240
0.009000
0.003159
0.006267
0.008868
0.006193
0.006679
0.002514
0.001311
0.005465
0.003086
0.001446
0.004631
0.001182
0.004073
0.006278
0.001577
0.006556
0.001823
0.001955
0.007347
0.002514
0.000764
0.004201
0.009377
0.004202
0.002794
0.002502
0.005158
0.003199
0.006664
0.005388
0.002199
0.009813
0.001655
0.001066
0.006006
0.008324
0.003571
0.007307
0.003789
0.006647
0.008742
0.008410
0.007819
0.002815
0.004689
0.009386
0.009361
0.006502
0.001341
0.006708
0.009005
0.002094
0.000909
0.008382
0.006287
0.003694
0.000883
0.001445
0.006883
0.007537
0.006824
0.009072
0.007350
0.008469
0.000138
0.003356
0.006793
0.003699
0.000662
0.000582
0.000345
0.009395
0.008982
0.008154
0.002210
0.003670
0.007540
0.001571
0.000172
0.008871
0.008269
0.009167
0.000965
0.009169
0.007549
0.007242
0.002862
0.008423
0.008677
0.009735
0.005960
0.005500
0.008807
0.003310
0.003969
0.008935
0.006656
0.000762
0.002633
0.007309
0.001334
0.002969
0.006704
0.000316
0.001123
0.008904
0.003976
0.008653
0.000475
0.004138
0.007524
0.008734
0.003305
0.008479
0.007903
0.000854
0.005721
0.000765
0.009267
0.004398
0.000501
0.005227
0.009888
0.009297
0.008528
0.003858
0.008232
0.005184
0.004610
0.000866
0.002493
0.005934
0.003824
0.009186
0.006239
0.004937
0.008090
0.000215
0.003590
0.008555
0.004343
0.001114
0.007289
0.007638
0.009583
0.005192
0.008483
0.005304
0.005948
0.007750
0.009692
0.006438
0.002977
0.009580
0.005736
0.001505
0.003438
0.003968
0.006679
0.008038
0.004823
0.009162
0.003972
0.008638
0.008348
0.000211
0.003575
0.006439
0.000417
0.007155
0.004994
0.004750
0.008260
0.002284
0.002388
0.007843
0.007466
0.000871
0.003147
0.003414
0.008611
0.002839
0.009842
0.001588
0.002420
0.005577
0.003083
0.005847
0.009535
0.009753
0.003885
0.004358
0.008914
0.007847
0.002996
0.007263
0.008048
0.006561
0.003702
0.008455
0.003716
0.008686
0.003204
0.001976
0.000969
0.005583
0.009809
0.008425
0.006444
0.002956
0.001838
0.005055
0.005786
0.001680
0.006633
0.008195
0.007247
0.009706
0.004043
0.006782
0.009459
0.007918
0.001141
0.008373
0.005765
0.004127
0.005636
0.003813
0.000688
0.009328
0.002268
0.004394
0.008013
0.005462
0.006360
0.008973
0.001045
0.006170
0.007398
0.007478
0.009116
0.009226
0.002533
0.004902
0.000906
0.009156
0.003097
0.008144
0.008862
0.007130
0.004926
0.008321
0.005047
0.006057
0.006695
0.000812
0.000183
0.002331
0.004615
0.000861
0.001659
0.006873
0.005245
0.009662
0.002335
0.001606
0.008635
0.003370
0.007765
0.006032
0.000848
0.006881
0.005258
0.003370
0.001783
0.006154
0.002526
0.004870
0.004298
0.001388
0.001999
0.009214
0.009699
0.007037
0.005270
0.006394
0.007839
0.005444
0.008715
0.002455
0.006295
0.000374
0.009318
0.001541
0.000036
0.001653
0.003137
0.008661
0.005012
0.000902
0.004693
0.005850
0.007773
0.009941
0.009210
0.009546
0.006096
0.001737
0.004416
0.000394
0.003115
0.006406
0.009598
0.002814
0.003443
0.004868
0.009198
0.001282
0.000312
0.007913
0.003727
0.006597
0.008276
0.003044
0.008128
0.008302
0.004687
0.001264
0.006963
0.009689
0.002156
0.001656
0.005539
0.009920
0.001597
0.004749
0.009466
0.007683
0.006476
0.003882
0.008067
0.009581
0.000288
0.007665
0.002395
0.003721
0.002533
0.001593
0.004993
0.002835
0.009496
0.008709
0.009422
0.007772
0.001753
0.007550
0.006074
0.006430
0.008805
0.003037
0.006119
0.000961
0.004683
0.001658
0.000881
0.006271
0.006397
0.000347
0.003954
0.002873
0.004219
0.002021
0.002453
0.004497
0.009676
0.004838
0.008208
0.002208
0.006421
0.003201
0.005034
0.005916
0.001910
0.004456
0.003688
0.003653
0.002006
0.009753
0.000083
0.000811
0.002790
0.006192
0.001762
0.007463
0.007840
0.002632
0.003734
0.004237
0.002969
0.007677
0.007100
0.007179
0.009688
0.009543
0.001676
0.009364
0.004381
0.009874
0.001572
0.000801
0.003075
0.006596
0.006708
0.004974
0.001052
0.000396
0.008618
0.003048
0.000148
0.008691
0.003848
0.002928
0.004883
0.005600
0.000391
0.002723
0.008223
0.004115
0.006951
0.001192
0.001792
0.004050
0.008360
0.001481
0.003593
0.000036
0.000844
0.007964
0.009900
0.002407
0.008755
0.002975
0.008993
0.005463
0.007939
0.000044
0.005849
0.006557
0.003082
0.005987
0.005248
0.006920
0.008905
0.000131
0.002520
0.009286
0.002844
0.000743
0.003401
0.009785
0.001925
0.005183
0.003835
0.000286
0.006654
0.007419
0.000312
0.007488
0.005383
0.000212
0.009885
0.004138
0.003177
0.008877
0.009591
0.001116
0.008912
0.005440
0.007663
0.001993
0.001427
0.002911
0.008904
0.000332
0.003032
0.001424
0.009608
0.005866
0.002157
0.003009
0.005651
0.004072
0.008182
0.009477
0.004348
0.004836
0.006895
0.004650
0.002324
0.002278
0.004852
0.002209
0.006406
0.008019
0.001086
0.005997
0.009125
0.009988
0.001437
0.006788
0.001981
0.002854
0.009689
0.000885
0.003176
0.002720
0.002300
0.002783
0.008577
0.004447
0.005782
0.004228
0.008509
0.003964
0.003705
0.002857
0.008790
0.000600
0.007497
0.001114
0.002868
0.002349
0.003313
0.009264
0.000368
0.004389
0.005261
0.009483
0.004377
0.006688
0.006271
0.006348
0.009532
0.005960
0.007224
0.002708
0.008670
0.009513
0.005481
0.007247
0.003960
0.001263
0.001475
0.002470
0.005217
0.005170
0.005317
0.004006
0.005759
0.002814
0.005110
0.008617
0.005153
0.008413
0.007881
0.005511
0.002802
0.003142
0.004994
0.007169
0.009821
0.001265
0.003517
0.009353
0.007215
0.000741
0.002061
0.005885
0.000254
0.007532
0.003132
0.004205
0.008785
0.004597
0.006665
0.004001
0.009757
0.001982
0.007998
0.005516
0.004786
0.003108
0.004134
0.009929
0.001521
0.002015
0.005440
0.004313
0.005147
0.000434
0.001481
0.004968
0.001690
0.004989
0.004321
0.008895
0.005720
0.006371
0.004780
0.005964
0.003903
0.007902
0.000169
0.002687
0.002499
0.006824
0.006679
0.002256
0.008795
0.004677
0.007762
0.003581
0.007775
0.001896
0.003510
0.009286
0.003901
0.008940
0.003598
0.009038
0.009364
0.005070
0.004005
0.001054
0.000059
0.008316
0.009939
0.005768
0.004687
0.004719
0.001733
0.008580
0.002621
0.001892
0.001268
0.005110
0.008706
0.007936
0.007356
0.007501
0.002613
0.005119
0.001082
0.000388
0.007005
0.004582
0.009663
0.000906
0.003522
0.003262
0.009933
0.002886
0.008321
0.003939
0.003930
0.008370
0.002255
0.003869
0.004138
0.006932
0.008578
0.005861
0.005512
0.001199
0.007743
0.006770
0.006299
0.006449
0.004707
0.003655
0.003950
0.007310
0.008764
0.005022
0.007687
0.005769
0.009594
0.007351
0.006665
0.003116
0.000612
0.006598
0.005992
0.008924
0.000537
0.009913
0.007294
0.002782
0.003782
0.001432
0.009704
0.002360
0.007283
0.005216
0.003549
0.005027
0.001986
0.009838
0.001476
0.006683
0.003493
0.005416
0.003993
0.002258
0.000439
0.001680
0.008017
0.000033
0.009021
0.004681
0.003139
0.009623
0.001279
0.009122
0.008547
0.001806
0.009035
0.005841
0.004578
0.002817
0.007263
0.004281
0.005167
0.004546
0.009488
0.008706
0.009563
0.001474
0.008544
0.001039
0.008147
0.002037
0.006445
0.002139
0.004284
0.006874
0.003809
0.002301
0.006897
0.002830
0.006972
0.000037
0.002454
0.008242
0.009149
0.001001
0.000047
0.008184
0.006832
0.004615
0.001001
0.004095
0.008886
0.006157
0.008631
0.008374
0.004863
0.008194
0.009838
0.003407
0.009223
0.007985
0.005434
0.005668
0.000125
0.009708
0.002542
0.003924
0.002009
0.009430
0.006744
0.008972
0.009456
0.009188
0.007213
0.008605
0.000189
0.007251
0.006789
0.007011
0.001866
0.007779
0.001106
0.000752
0.003937
0.009727
0.009116
0.008790
0.007921
0.008954
0.002197
0.007144
0.006939
0.007620
0.002812
0.007054
0.007328
0.005344
0.000978
0.009328
0.004774
0.007712
0.008299
0.004230
0.006901
0.005512
0.002835
0.007080
0.002763
0.009614
0.004091
0.004618
0.007394
0.005187
0.005360
0.001331
0.004914
0.004476
0.000121
0.002835
0.003431
0.002307
0.009969
0.000370
0.009918
0.002780
0.007414
0.007246
0.008114
0.008382
0.006574
0.002888
0.006094
0.004873
0.007108
0.002995
0.000385
0.009933
0.000075
0.003137
0.009548
0.004156
0.007746
0.006941
0.009333
0.003106
0.008262
0.004247
0.007572
0.008373
0.007071
0.001003
0.000680
0.007040
0.001363
0.000597
0.009810
0.008767
0.007833
0.007925
0.007149
0.004407
0.000813
0.003243
0.009270
0.007911
0.006228
0.009644
0.007844
0.006293
0.002782
0.007392
0.000449
0.000527
0.004333
0.009771
0.003623
0.002595
0.004018
0.001196
0.000967
0.001089
0.002189
0.001637
0.008119
0.003542
0.002224
0.007930
0.002309
0.000058
0.005855
0.009448
0.004455
0.006657
0.002692
0.003725
0.004568
0.008910
0.003369
0.002412
0.005203
0.006141
0.009794
0.005641
0.006658
0.004127
0.005412
0.000282
0.006711
0.009420
0.001468
0.007669
0.000509
0.003646
0.009296
0.008619
0.007179
0.001520
0.006548
0.009478
0.001568
0.002403
0.008926
0.006013
0.009051
0.001618
0.009728
0.003619
0.000528
0.003097
0.006021
0.005720
0.009227
0.005815
0.001362
0.005886
0.009931
0.006764
0.006157
0.006643
0.006184
0.007615
0.004311
0.006684
0.001261
0.003607
0.005303
0.008430
0.005117
0.001851
0.007908
0.006675
0.004244
0.006834
0.002688
0.003295
0.008442
0.002415
0.006903
0.008960
0.005502
0.002924
0.004680
0.004729
0.008729
0.006032
0.000615
0.008660
0.002796
0.006762
0.005303
0.008971
0.004377
0.009604
0.005655
0.005628
0.003210
0.000957
0.004058
0.008317
0.002798
0.001966
0.004992
0.007032
0.008790
0.007669
0.000327
0.007232
0.000084
0.007221
0.006192
0.005576
0.000145
0.000872
0.000305
0.008864
0.006894
0.000910
0.007524
0.009680
0.007662
0.002827
0.008651
0.002039
0.002431
0.004306
0.007657
0.005631
0.005253
0.001714
0.003948
0.008041
0.003670
0.008930
0.005074
0.002460
0.006599
0.005391
0.009682
0.006674
0.002611
0.005873
0.002250
0.002746
0.006735
0.002545
0.001610
0.003629
0.003445
0.009125
0.003309
0.001107
0.001952
0.001960
0.003135
0.004373
0.006256
0.000792
0.009994
0.001509
0.002496
0.003943
0.009541
0.006156
0.002873
0.004614
0.008606
0.009462
0.009995
0.008288
0.006135
0.002606
0.004161
0.008375
0.005343
0.000897
0.000920
0.006943
0.004516
0.004355
0.006068
0.007815
0.005451
0.008009
0.009765
0.008576
0.002382
0.006021
0.009358
0.002376
0.007521
0.001854
0.006309
0.007061
0.008000
0.009171
0.001675
0.006607
0.008633
0.001671
0.004895
0.004768
0.004267
0.009046
0.003143
0.009600
0.009932
0.004053
0.006543
0.004448
0.008398
0.002610
0.002263
0.003849
0.000619
0.002028
0.002426
0.002991
0.008040
0.001784
0.005358
0.005560
0.003628
0.001666
0.002622
0.001628
0.000837
0.004287
0.008224
0.009460
0.005947
0.003119
0.004229
0.000214
0.002165
0.007362
0.009804
0.002097
0.001416
0.006347
0.006535
0.009804
0.008947
0.008788
0.003653
0.009556
0.000817
0.006069
0.002548
0.008846
0.007842
0.007895
0.004407
0.001470
0.009552
0.007018
0.003087
0.000389
0.001305
0.001312
0.009839
0.007243
0.004421
0.004068
0.007447
0.006576
0.001430
0.007251
0.008663
0.002836
0.003598
0.005199
0.002640
0.002545
0.003987
0.006282
0.002101
0.004794
0.002351
0.004639
0.003640
0.000193
0.002534
0.008036
0.001653
0.002086
0.005055
0.004730
0.002465
0.006350
0.006032
0.002304
0.003592
0.000453
0.006362
0.001039
0.007019
0.007783
0.008280
0.005682
0.000618
0.001878
0.000881
0.003248
0.004412
0.004858
0.009521
0.006503
0.009641
0.001872
0.001142
0.003281
0.002055
0.003667
0.001317
0.003697
0.005743
0.006362
0.008417
0.008197
0.002711
0.004449
0.000502
0.006294
0.004892
0.006854
0.007323
0.001911
0.004636
0.005603
0.007583
0.005245
0.007471
0.008453
0.008483
0.001883
0.003311
0.008003
0.008376
0.002952
0.009865
0.009509
0.006223
0.001919
0.003175
0.007530
0.005607
0.008908
0.003892
0.004024
0.007105
0.006593
0.008463
0.007597
0.002886
0.003355
0.004451
0.000209
0.005256
0.009077
0.005802
0.002838
0.004322
0.003272
0.001291
0.002805
0.005145
0.004592
0.000809
0.003522
0.007534
0.000674
0.003031
0.003757
0.002583
0.006196
0.001286
0.008180
0.005104
0.005168
0.002203
0.002209
0.001761
0.000666
0.009796
0.004637
0.004011
0.004247
0.004836
0.009257
0.003325
0.000638
0.002095
0.007637
0.003901
0.003376
0.000442
0.009036
0.007959
0.001241
0.002558
0.005493
0.001904
0.005578
0.009239
0.004478
0.001774
0.000526
0.002657
0.006868
0.005684
0.004851
0.009068
0.007435
0.005507
0.008864
0.002072
0.009508
0.003111
0.006898
0.008765
0.006426
0.007527
0.000859
0.004063
0.001427
0.004226
0.004495
0.000463
0.002184
0.005725
0.003011
0.007667
0.007620
0.008579
0.006906
0.002097
0.000353
0.007422
0.004745
0.007212
0.003106
0.009585
0.006279
0.000540
0.005092
0.005143
0.002602
0.004600
0.008244
0.009491
0.003365
0.004670
0.007018
0.004214
0.008723
0.008435
0.008430
0.003217
0.008888
0.000614
0.008933
0.001899
0.008271
0.006553
0.000478
0.005178
0.008640
0.000821
0.002600
0.003385
0.008022
0.005696
0.002970
0.004302
0.006226
0.008052
0.009435
0.008819
0.002652
0.007679
0.008310
0.006007
0.002349
0.005327
0.000221
0.001072
0.003762
0.008641
0.004279
0.002650
0.009245
0.003212
0.004538
0.007516
0.009754
0.005006
0.002694
0.008394
0.005817
0.005284
0.001779
0.003839
0.000980
0.004738
0.008131
0.007196
0.002790
0.007565
0.006015
0.005432
0.005244
0.004324
0.001439
0.007583
0.009641
0.001649
0.008645
0.003403
0.000290
0.002923
0.006043
0.009525
0.006125
0.000581
0.007041
0.005879
0.005577
0.009725
0.004273
0.001394
0.005009
0.006042
0.005223
0.005979
0.000780
0.003353
0.003175
0.003561
0.000918
0.009180
0.008983
0.006153
0.003504
0.000421
0.003736
0.003146
0.002061
0.002380
0.006539
0.002341
0.005293
0.002582
0.001865
0.001418
0.003154
0.008896
0.007287
0.008721
0.008621
0.001561
0.000114
0.003630
0.007592
0.005327
0.009599
0.008363
0.008671
0.002774
0.001924
0.009579
0.001954
0.000906
0.005732
0.005449
0.001318
0.009457
0.008585
0.003369
0.001837
0.005124
0.005699
0.007121
0.007696
0.007554
0.008529
0.000849
0.006450
0.005816
0.009560
0.005072
0.007367
0.009664
0.008692
0.004959
0.004992
0.008291
0.003322
0.003662
0.001066
0.005236
0.003241
0.003010
0.006132
0.008963
0.008449
0.007440
0.008420
0.007033
0.000809
0.000258
0.002157
0.006498
0.007368
0.009843
0.004052
0.005897
0.000692
0.000503
0.001714
0.000252
0.005564
0.009071
0.009907
0.004256
0.004030
0.004898
0.002547
0.007343
0.008551
0.003603
0.002578
0.001792
0.006603
0.008701
0.000755
0.005051
0.006141
0.009165
0.002085
0.006940
0.009413
0.004231
0.003438
0.006781
0.004074
0.007481
0.002679
0.004756
0.007974
0.004382
0.004998
0.003538
0.003453
0.004905
0.007784
0.007473
0.009793
0.000331
0.004816
0.008343
0.003924
0.007384
0.000135
0.000527
0.006085
0.000880
0.005568
0.002226
0.000046
0.007643
0.009157
0.009448
0.001874
0.002595
0.006230
0.005938
0.000076
0.008898
0.000694
0.008039
0.003281
0.005682
0.001577
0.006724
0.000587
0.009351
0.004197
0.000379
0.009673
0.009003
0.008713
0.003597
0.006388
0.008838
0.004113
0.002473
0.009709
0.009671
0.004689
0.009744
0.007314
0.003846
0.009193
0.009178
0.006431
0.005422
0.005116
0.006497
0.004321
0.005800
0.004536
0.007592
0.001482
0.006103
0.004316
0.002059
0.005454
0.008503
0.002428
0.005127
0.007506
0.001141
0.008714
0.003894
0.009969
0.002827
0.006357
0.009678
0.002498
0.001047
0.009422
0.009802
0.004883
0.008615
0.008980
0.001314
0.004037
0.004096
0.007800
0.008348
0.009886
0.002336
0.005940
0.001368
0.008429
0.000255
0.003417
0.003884
0.008748
0.005835
0.009001
0.006254
0.006966
0.007714
0.000148
0.006936
0.000541
0.006496
0.006614
0.003029
0.007532
0.006036
0.002831
0.002415
0.004651
0.001812
0.003719
0.008678
0.005898
0.001519
0.007026
0.005784
0.003845
0.002966
0.007142
0.002274
0.003211
0.000560
0.006148
0.001959
0.006385
0.005148
0.008204
0.003351
0.002862
0.008342
0.000287
0.003393
0.004838
0.006891
0.006412
0.002370
0.002927
0.009234
0.004775
0.007567
0.001045
0.008483
0.006246
0.006933
0.009992
0.003272
0.002717
0.003837
0.006228
0.009850
0.006102
0.009430
0.000409
0.002249
0.001389
0.006784
0.007388
0.009583
0.000135
0.000250
0.007925
0.000412
0.003633
0.002763
0.007293
0.000045
0.005123
0.000220
0.009269
0.009887
0.007777
0.000314
0.008371
0.004023
0.007238
0.008363
0.007285
0.009945
0.002201
0.003514
0.009795
0.008292
0.002943
0.000204
0.000541
0.004322
0.006978
0.007919
0.003905
0.007104
0.008159
0.001830
0.007506
0.001792
0.004582
0.004799
0.001828
0.009695
0.005009
0.001097
0.009582
0.002786
0.001401
0.007953
0.006799
0.008629
0.006316
0.004084
0.008574
0.008507
0.007587
0.008369
0.006799
0.000531
0.008563
0.007331
0.004843
0.005542
0.005250
0.008738
0.002646
0.003409
0.000568
0.000152
0.005191
0.005140
0.004941
0.007009
0.004835
0.009940
0.008096
0.004417
0.002726
0.009487
0.002371
0.009514
0.008116
0.008677
0.003598
0.006691
0.007184
0.001186
0.005060
0.003983
0.001706
0.003623
0.001314
0.006539
0.009155
0.006554
0.005277
0.001800
0.009953
0.005834
0.001942
0.005144
0.000974
0.006873
0.002153
0.005799
0.006813
0.000248
0.000217
0.009529
0.009726
0.002577
0.009043
0.007842
0.001254
0.002642
0.004533
0.008428
0.003817
0.009582
0.002411
0.005514
0.003205
0.003715
0.002053
0.002360
0.000269
0.007319
0.004150
0.000221
0.003154
0.006082
0.005355
0.004118
0.002955
0.007497
0.009907
0.009758
0.007736
0.000124
0.009287
0.007462
0.002691
0.008331
0.005304
0.003935
0.000972
0.009826
0.002363
0.004780
0.009408
0.004764
0.000293
0.002613
0.008469
0.002336
0.004963
0.008728
0.009645
0.009103
0.008939
0.002799
0.005185
0.004294
0.006907
0.008130
0.001791
0.006815
0.007889
0.009517
0.006929
0.007176
0.006978
0.009610
0.005507
0.002282
0.003545
0.006469
0.002108
0.005898
0.001249
0.001516
0.000662
0.001532
0.004120
0.009121
0.003858
0.009073
0.007849
0.003503
0.008175
0.006788
0.006292
0.003360
0.001081
0.003199
0.001491
0.002863
0.000014
0.009369
0.002379
0.006932
0.006545
0.009348
0.006542
0.002052
0.001630
0.000086
0.008511
0.003728
0.005974
0.009749
0.005234
0.006626
0.001281
0.009344
0.005747
0.005129
0.008416
0.003596
0.008622
0.006592
0.000383
0.004913
0.009942
0.001455
0.008102
0.001433
0.004307
0.008106
0.000802
0.006677
0.005038
0.007337
0.006025
0.001580
0.009379
0.007644
0.001656
0.007889
0.001372
0.007620
0.007639
0.006596
0.004245
0.008910
0.005940
0.009982
0.004039
0.004357
0.003578
0.002660
0.000949
0.003951
0.007564
0.000891
0.005396
0.005666
0.002314
0.009693
0.003772
0.003105
0.006370
0.008800
0.000442
0.002395
0.000380
0.009811
0.000039
0.002026
0.007700
0.001401
0.009636
0.005339
0.007987
0.003881
0.004249
0.003928
0.003863
0.008278
0.008274
0.007431
0.000938
0.009213
0.001382
0.008492
0.000104
0.006768
0.004158
0.002407
0.006461
0.007921
0.005503
0.002831
0.006721
0.005935
0.005216
0.007091
0.005746
0.005245
0.009107
0.003446
0.006636
0.008743
0.008776
0.004624
0.002624
0.003025
0.008541
0.006477
0.001302
0.006816
0.003908
0.002230
0.006028
0.005280
0.000722
0.006122
0.002048
0.004871
0.008519
0.008499
0.002791
0.004022
0.001330
0.009502
0.009947
0.006536
0.006593
0.005693
0.001781
0.005700
0.009129
0.008408
0.004443
0.007905
0.003031
0.007057
0.000930
0.001572
0.003534
0.002222
0.008378
0.007432
0.004443
0.004406
0.002711
0.005155
0.000528
0.004749
0.000026
0.009038
0.003248
0.002807
0.003060
0.004568
0.002309
0.003007
0.001105
0.008892
0.008690
0.002876
0.004592
0.007819
0.001284
0.009025
0.005724
0.004305
0.006082
0.006644
0.005867
0.009606
0.008856
0.004245
0.007038
0.003299
0.008641
0.009739
0.008444
0.009160
0.004488
0.008459
0.008198
0.007726
0.001266
0.001257
0.002294
0.003564
0.004254
0.003389
0.002456
0.002943
0.006255
0.007038
0.000762
0.007529
0.006064
0.006477
0.001834
0.002146
0.003120
0.007691
0.001752
0.001976
0.001936
0.008780
0.005265
0.000577
0.008519
0.003708
0.009727
0.003008
0.002167
0.007925
0.000734
0.003423
0.009172
0.003018
0.006978
0.003426
0.006397
0.009424
0.006359
0.002652
0.006462
0.007111
0.000181
0.002526
0.003588
0.002004
0.004662
0.006698
0.009685
0.006404
0.008665
0.001621
0.005185
0.003930
0.002188
0.003704
0.007628
0.001915
0.006702
0.009786
0.009830
0.007425
0.003209
0.009002
0.000443
0.000186
0.002427
0.006830
0.009600
0.008776
0.009472
0.006062
0.005888
0.009643
0.008578
0.009466
0.001648
0.003240
0.006164
0.001333
0.009635
0.004829
0.002944
0.004820
0.008748
0.005122
0.008513
0.006377
0.007027
0.005215
0.006162
0.006857
0.002640
0.009361
0.005859
0.003073
0.009537
0.008276
0.009894
0.009137
0.007052
0.009366
0.005199
0.002940
0.009010
0.003778
0.002405
0.000657
0.007008
0.008559
0.001980
0.006643
0.003388
0.004914
0.001462
0.002137
0.000036
0.009966
0.008503
0.007053
0.005181
0.004665
0.003910
0.007811
0.004026
0.009759
0.000885
0.003563
0.008035
0.000778
0.002700
0.005087
0.000145
0.007889
0.008016
0.009144
0.001667
0.000422
0.009792
0.008665
0.008971
0.001772
0.005308
0.002359
0.006676
0.006760
0.004486
0.006703
0.006726
0.002990
0.003756
0.001907
0.007645
0.007656
0.009708
0.001671
0.007415
0.000593
0.005224
0.005450
0.001361
0.007914
0.000537
0.001496
0.005803
0.008543
0.000640
0.007460
0.008954
0.000432
0.006125
0.007926
0.002194
0.001433
0.000285
0.008860
0.008183
0.004761
0.005563
0.004910
0.007741
0.009309
0.006807
0.005386
0.006965
0.006515
0.007047
0.004381
0.007098
0.002271
0.009820
0.008449
0.000185
0.000357
0.009935
0.005978
0.008890
0.000574
0.003438
0.007844
0.000996
0.009554
0.005770
0.003180
0.000987
0.006045
0.002040
0.009160
0.000806
0.007592
0.004069
0.008537
0.006901
0.000876
0.003922
0.003866
0.007381
0.000969
0.008237
0.004479
0.003230
0.008057
0.002928
0.003405
0.008404
0.002863
0.009373
0.007294
0.003427
0.002811
0.005138
0.004413
0.002365
0.000908
0.007583
0.003341
0.006943
0.009612
0.002501
0.007739
0.007205
0.006561
0.006275
0.004106
0.007427
0.000198
0.007963
0.004808
0.001157
0.006199
0.009277
0.004377
0.004257
0.002205
0.007772
0.002661
0.005057
0.007145
0.009945
0.008474
0.009946
0.005084
0.002887
0.002311
0.005982
0.000470
0.005643
0.002925
0.000082
0.008134
0.000664
0.007277
0.004695
0.006929
0.001383
0.002121
0.007117
0.009336
0.006919
0.008264
0.005535
0.006196
0.002641
0.009782
0.008391
0.000413
0.002443
0.003448
0.007548
0.002389
0.001922
0.007494
0.007462
0.004799
0.009795
0.003444
0.005259
0.005438
0.006359
0.005331
0.003572
0.007013
0.002609
0.008256
0.003942
0.003982
0.000378
0.001059
0.003318
0.007287
0.009313
0.008843
0.003483
0.001954
0.008626
0.001873
0.002357
0.001069
0.005311
0.009894
0.003447
0.007223
0.007388
0.000910
0.002022
0.007183
0.004344
0.007271
0.002621
0.000703
0.002602
0.006183
0.007706
0.005201
0.004439
0.001648
0.009173
0.004807
0.002697
0.002491
0.002094
0.002010
0.001335
0.005567
0.003954
0.009950
0.007430
0.006301
0.001019
0.002741
0.006195
0.004456
0.009954
0.003584
0.005356
0.001976
0.000767
0.009690
0.009237
0.003378
0.000393
0.001840
0.009551
0.008089
0.007031
0.003990
0.009727
0.006204
0.008787
0.002424
0.008685
0.000881
0.004424
0.000020
0.006438
0.008368
0.009960
0.003868
0.004669
0.000979
0.006599
0.000864
0.005426
0.006553
0.004438
0.000782
0.008519
0.005195
0.000471
0.007756
0.008563
0.000854
0.009586
0.008114
0.008933
0.006616
0.002105
0.008659
0.002820
0.000892
0.001083
0.001505
0.001763
0.005497
0.001515
0.008190
0.003864
0.001476
0.002058
0.008523
0.002445
0.008647
0.009377
0.007861
0.005199
0.003815
0.008632
0.003719
0.009000
0.009094
0.001475
0.007563
0.009938
0.001061
0.005678
0.008871
0.007667
0.007772
0.007530
0.000487
0.008654
0.008603
0.001983
0.000417
0.004100
0.003488
0.008597
0.007954
0.004954
0.000655
0.006477
0.007389
0.009291
0.005854
0.005249
0.004491
0.009659
0.003882
0.008199
0.008659
0.002975
0.009664
0.006222
0.002913
0.000725
0.001900
0.001784
0.008382
0.009662
0.009304
0.008859
0.008316
0.007907
0.000842
0.008723
0.002006
0.004320
0.007320
0.009950
0.009263
0.007965
0.006427
0.006652
0.007256
0.002281
0.001901
0.001747
0.001939
0.005772
0.009936
0.000598
0.008738
0.009601
0.006811
0.001651
0.000326
0.008701
0.003424
0.008697
0.008363
0.002728
0.007556
0.006679
0.000634
0.008388
0.005402
0.002631
0.002707
0.002722
0.002580
0.001971
0.000687
0.008997
0.008612
0.007933
0.001278
0.000513
0.009670
0.003207
0.006276
0.009606
0.003795
0.005013
0.009207
0.000606
0.006654
0.009523
0.009297
0.000078
0.008220
0.007660
0.002796
0.005776
0.004339
0.003420
0.004164
0.009731
0.006041
0.006862
0.002453
0.008611
0.008822
0.003130
0.007608
0.007434
0.001062
0.008876
0.007938
0.000732
0.002083
0.004213
0.000339
0.005869
0.009216
0.009536
0.006465
0.005870
0.009058
0.005762
0.005938
0.007278
0.003422
0.008724
0.003054
0.007751
0.002144
0.007208
0.007482
0.008175
0.004070
0.009925
0.006786
0.002892
0.003054
0.004394
0.000327
0.004107
0.003270
0.008254
0.004829
0.005344
0.002467
0.005158
0.001212
0.001684
0.004693
0.007667
0.007544
0.003751
0.003429
0.003482
0.001029
0.006840
0.002205
0.004073
0.004591
0.004340
0.001282
0.002073
0.002514
0.005342
0.001998
0.009290
0.008224
0.005042
0.003685
0.008541
0.009139
0.006945
0.006795
0.003968
0.002289
0.009253
0.009116
0.003491
0.000936
0.003809
0.001158
0.008470
0.007550
0.004577
0.001951
0.008569
0.001417
0.004147
0.002643
0.005999
0.008476
0.003914
0.008061
0.000991
0.009246
0.000059
0.000281
0.007470
0.005091
0.003956
0.006011
0.004230
0.000901
0.002806
0.008188
0.003179
0.002059
0.007304
0.006660
0.002985
0.001113
0.007808
0.001455
0.008653
0.002385
0.003396
0.007222
0.003793
0.007533
0.009854
0.009781
0.006009
0.003769
0.007843
0.006990
0.003015
0.007892
0.007261
0.000484
0.002983
0.001217
0.006485
0.007203
0.002107
0.009281
0.005391
0.005277
0.001340
0.002695
0.001937
0.004314
0.003797
0.009736
0.005759
0.002450
0.002121
0.009145
0.009662
0.005904
0.006678
0.009516
0.005685
0.002687
0.003285
0.003528
0.009667
0.006289
0.001419
0.006928
0.006764
0.004392
0.008135
0.003249
0.001595
0.000242
0.002530
0.006976
0.005509
0.003860
0.009660
0.007436
0.008164
0.003457
0.007171
0.003923
0.005897
0.009282
0.003068
0.005559
0.005186
0.009736
0.005075
0.000871
0.002423
0.008350
0.004389
0.002090
0.004640
0.005799
0.009008
0.001404
0.000191
0.007143
0.004643
0.001775
0.007375
0.007163
0.008741
0.002884
0.001023
0.008401
0.000320
0.009178
0.001858
0.007481
0.003101
0.007745
0.006764
0.006159
0.003304
0.001950
0.005895
0.008370
0.002811
0.008309
0.006720
0.007190
0.000399
0.001360
0.002989
0.009398
0.002754
0.003169
0.006541
0.007386
0.004935
0.003916
0.004549
0.003676
0.006790
0.005562
0.002077
0.007100
0.004740
0.003925
0.004581
0.007831
0.001670
0.001345
0.003990
0.004965
0.003285
0.009875
0.003335
0.006086
0.008184
0.000055
0.003276
0.008573
0.001405
0.006254
0.007971
0.004148
0.009414
0.004511
0.001534
0.004348
0.008417
0.006074
0.008014
0.005207
0.001636
0.000091
0.002307
0.006366
0.004006
0.006879
0.004197
0.005666
0.008214
0.008177
0.000631
0.001498
0.008053
0.003955
0.007574
0.006237
0.004000
0.000850
0.004810
0.005395
0.007094
0.002780
0.009533
0.006508
0.007282
0.001067
0.000856
0.005699
0.007131
0.008860
0.000906
0.008758
0.008941
0.003203
0.005124
0.002947
0.000082
0.009311
0.008602
0.008286
0.007488
0.009223
0.009774
0.005540
0.003179
0.007348
0.001777
0.007169
0.008188
0.006577
0.002563
0.005282
0.009347
0.002096
0.001790
0.006629
0.003154
0.002637
0.002327
0.000285
0.001497
0.003224
0.009033
0.000438
0.006417
0.004156
0.003375
0.006489
0.003467
0.001977
0.004775
0.000955
0.001200
0.004549
0.006486
0.004369
0.001897
0.008253
0.001538
0.000085
0.004829
0.004091
0.005357
0.004176
0.006177
0.007137
0.000805
0.009321
0.009764
0.003123
0.009596
0.001261
0.006336
0.008629
0.001689
0.002754
0.002786
0.005054
0.009233
0.006243
0.007021
0.004008
0.007188
0.008211
0.008546
0.003674
0.002580
0.000443
0.001926
0.004107
0.000518
0.006746
0.008188
0.005865
0.000922
0.004366
0.003002
0.001717
0.003687
0.002766
0.004830
0.003284
0.004017
0.001166
0.001913
0.005696
0.003910
0.004688
0.000750
0.003143
0.000931
0.007761
0.007140
0.008109
0.005972
0.005687
0.001783
0.008542
0.006120
0.003699
0.002649
0.006628
0.000445
0.000837
0.002492
0.001358
0.005193
0.005484
0.003065
0.008871
0.008240
0.007885
0.002154
0.002258
0.009041
0.004057
0.007944
0.002951
0.008736
0.008684
0.006084
0.009657
0.006445
0.003224
0.007766
0.002416
0.008901
0.009539
0.000958
0.005021
0.003239
0.003597
0.001649
0.003674
0.004424
0.004131
0.005021
0.009608
0.009605
0.008076
0.008478
0.007846
0.005961
0.000633
0.000104
0.005003
0.004680
0.008038
0.007944
0.003416
0.006721
0.004028
0.003073
0.003166
0.007242
0.000839
0.005572
0.006144
0.000379
0.006520
0.001165
0.003607
0.000117
0.002803
0.007271
0.004531
0.006924
0.002293
0.004139
0.006530
0.000369
0.002617
0.004376
0.006321
0.003240
0.004469
0.001324
0.007910
0.002507
0.009258
0.001325
0.009218
0.003286
0.004388
0.002384
0.000528
0.005217
0.007947
0.006662
0.005586
0.004467
0.007816
0.009183
0.004574
0.000620
0.006454
0.009096
0.007534
0.008737
0.003234
0.004064
0.009096
0.005842
0.008430
0.005417
0.009071
0.002899
0.006730
0.006981
0.005396
0.005988
0.008296
0.004614
0.009264
0.002684
0.006989
0.009782
0.007891
0.004936
0.006444
0.003477
0.009393
0.004260
0.002660
0.003967
0.004870
0.009104
0.003063
0.002404
0.007841
0.006287
0.006458
0.006937
0.002128
0.004888
0.002354
0.001200
0.007777
0.009075
0.008171
0.003173
0.005063
0.006467
0.007777
0.004327
0.009141
0.004766
0.004109
0.007032
0.009692
0.000553
0.000509
0.009085
0.004803
0.003159
0.003052
0.009663
0.002263
0.006104
0.002067
0.000104
0.002391
0.008515
0.007032
0.004510
0.003403
0.009376
0.005699
0.001180
0.008451
0.003870
0.004343
0.003514
0.000337
0.002120
0.007831
0.009468
0.006877
0.001940
0.006500
0.006568
0.002483
0.006999
0.005653
0.007276
0.000158
0.008695
0.006940
0.002411
0.004799
0.008997
0.002505
0.007180
0.007513
0.009527
0.001690
0.000916
0.008903
0.007379
0.002086
0.007354
0.001249
0.006419
0.000868
0.001575
0.008529
0.008688
0.001043
0.005406
0.000628
0.007533
0.001974
0.003101
0.004532
0.007617
0.000377
0.004680
0.006312
0.007307
0.007081
0.001111
0.006304
0.009576
0.008281
0.003816
0.009103
0.009961
0.004722
0.008006
0.007340
0.006798
0.005359
0.008579
0.003217
0.006217
0.000154
0.001746
0.004905
0.001187
0.007142
0.005524
0.008710
0.009106
0.008615
0.003242
0.006723
0.008982
0.007911
0.003035
0.006289
0.004992
0.004136
0.002592
0.004568
0.002417
0.006399
0.003670
0.002378
0.001121
0.001676
0.009708
0.007909
0.007026
0.008287
0.001126
0.003243
0.008431
0.002862
0.008138
0.009608
0.009993
0.003661
0.008318
0.009099
0.002276
0.001560
0.005822
0.001258
0.009461
0.008847
0.007536
0.004453
0.002983
0.000129
0.009011
0.005390
0.006518
0.002681
0.007758
0.007629
0.004347
0.007467
0.005538
0.001373
0.005753
0.006654
0.004605
0.004184
0.009506
0.002743
0.003793
0.009499
0.006395
0.002111
0.008599
0.008661
0.003661
0.004420
0.009908
0.003122
0.003267
0.007445
0.007565
0.006240
0.007563
0.006576
0.001631
0.004081
0.009247
0.009379
0.001710
0.003595
0.006846
0.007238
0.004957
0.002599
0.003892
0.009553
0.006774
0.003398
0.002296
0.000566
0.002897
0.008681
0.002667
0.001496
0.007341
0.006318
0.005906
0.007250
0.009430
0.009164
0.004695
0.006996
0.005404
0.002258
0.003572
0.007025
0.006329
0.002820
0.006404
0.008028
0.006404
0.003249
0.005266
0.001362
0.005839
0.009148
0.000914
0.002612
0.002546
0.003200
0.003169
0.005433
0.001881
0.005826
0.006919
0.009213
0.002144
0.002825
0.006462
0.001574
0.001989
0.001157
0.008560
0.007383
0.003405
0.002132
0.004407
0.009723
0.004942
0.000811
0.007752
0.001346
0.004051
0.003018
0.002698
0.009879
0.002166
0.003602
0.002491
0.004702
0.006792
0.005650
0.000136
0.008663
0.001476
0.007044
0.007876
0.003610
0.009860
0.004338
0.005174
0.001848
0.005485
0.003734
0.009221
0.008880
0.005857
0.003628
0.008604
0.000798
0.004429
0.006356
0.002134
0.008470
0.009364
0.004822
0.008349
0.001530
0.008414
0.000841
0.006223
0.005206
0.006481
0.006348
0.003870
0.007946
0.003393
0.001746
0.001556
0.003252
0.006074
0.006720
0.005090
0.001560
0.000455
0.004311
0.000440
0.006301
0.007929
0.009033
0.007090
0.002359
0.005389
0.009214
0.000829
0.004753
0.004036
0.009168
0.006273
0.002450
0.009998
0.002496
0.007646
0.006479
0.008834
0.001516
0.004425
0.002227
0.003252
0.005971
0.005469
0.009316
0.002692
0.000559
0.000876
0.003137
0.004860
0.001306
0.009428
0.002790
0.000339
0.006518
0.005139
0.005718
0.005732
0.005957
0.000471
0.009758
0.005125
0.006735
0.002208
0.005123
0.009221
0.009844
0.001602
0.008055
0.001361
0.006018
0.000282
0.004603
0.001989
0.005741
0.003919
0.004671
0.006290
0.004785
0.007797
0.001150
0.006081
0.007225
0.003930
0.006411
0.003743
0.009059
0.002129
0.009465
0.005016
0.002591
0.009222
0.000142
0.009315
0.001430
0.005255
0.008536
0.001275
0.006847
0.006591
0.002625
0.002865
0.006863
0.007218
0.004844
0.002603
0.001137
0.009505
0.008883
0.005912
0.007302
0.000033
0.001994
0.004527
0.003954
0.008394
0.008260
0.003013
0.000523
0.007725
0.008019
0.003104
0.006947
0.008150
0.002419
0.008367
0.003405
0.000955
0.009632
0.000253
0.007536
0.002257
0.003107
0.004399
0.009465
0.007941
0.006992
0.000603
0.007446
0.005875
0.006505
0.004748
0.005899
0.008489
0.009266
0.009842
0.006883
0.007526
0.002855
0.007396
0.005251
0.000874
0.000500
0.002198
0.009014
0.002909
0.000565
0.002420
0.003854
0.000197
0.002662
0.001390
0.002444
0.005760
0.005779
0.001910
0.003701
0.002771
0.002502
0.001147
0.008636
0.008997
0.005885
0.004534
0.007486
0.005151
0.004377
0.004369
0.002677
0.007221
0.001765
0.007918
0.008085
0.002254
0.000116
0.007099
0.005153
0.000671
0.009508
0.008997
0.000858
0.002170
0.000386
0.003292
0.007920
0.006155
0.005192
0.001621
0.008916
0.007685
0.002758
0.007552
0.006682
0.008633
0.002086
0.004168
0.003784
0.006453
0.008527
0.006451
0.003674
0.000292
0.004369
0.001759
0.002536
0.004474
0.008847
0.007679
0.005135
0.008356
0.006676
0.005983
0.000526
0.007052
0.009266
0.008436
0.003207
0.004458
0.000057
0.002123
0.002143
0.002805
0.009665
0.008815
0.001438
0.001751
0.002983
0.005213
0.008194
0.001511
0.001664
0.001868
0.001792
0.006023
0.003616
0.004319
0.000497
0.002464
0.001998
0.005622
0.000819
0.008663
0.001606
0.001335
0.005715
0.000872
0.009761
0.008913
0.005320
0.009808
0.001035
0.007452
0.002614
0.000700
0.006268
0.004042
0.002441
0.009241
0.009245
0.000635
0.000751
0.000908
0.002492
0.002534
0.006921
0.006098
0.006843
0.007408
0.008552
0.008830
0.003031
0.009361
0.007494
0.004626
0.000696
0.003209
0.005488
0.000458
0.002122
0.000808
0.000266
0.003147
0.008250
0.002870
0.003837
0.004518
0.006902
0.006268
0.003759
0.006146
0.006893
0.004500
0.007045
0.009375
0.007024
0.003966
0.005474
0.003866
0.001374
0.004026
0.002697
0.004395
0.003387
0.000190
0.009011
0.004073
0.003389
0.004499
0.004521
0.005501
0.005297
0.004777
0.008638
0.003547
0.007637
0.002475
0.008054
0.004538
0.008733
0.001813
0.000685
0.005626
0.006303
0.007719
0.005001
0.003327
0.001685
0.000474
0.007183
0.003049
0.004490
0.009870
0.007434
0.007867
0.000060
0.006445
0.001940
0.003440
0.000944
0.006451
0.008930
0.006231
0.001228
0.007568
0.009768
0.008854
0.000043
0.007822
0.003393
0.008766
0.009625
0.004068
0.004392
0.005928
0.001787
0.009383
0.009245
0.003462
0.009847
0.006428
0.006502
0.004337
0.006298
0.003936
0.002204
0.006348
0.000381
0.004134
0.009778
0.001315
0.000585
0.008708
0.007536
0.001802
0.006276
0.007304
0.000657
0.006309
0.005126
0.004040
0.005076
0.004750
0.008097
0.009457
0.000678
0.009874
0.008840
0.009913
0.003337
0.008687
0.006341
0.009828
0.003024
0.002639
0.003764
0.005218
0.008978
0.004135
0.009342
0.008755
0.005440
0.009916
0.007464
0.002976
0.001719
0.003740
0.000280
0.002366
0.000050
0.005396
0.006395
0.005115
0.000146
0.004492
0.004573
0.000814
0.004367
0.003413
0.000727
0.007693
0.002100
0.007058
0.007522
0.005114
0.009687
0.001286
0.000332
0.008665
0.005411
0.009664
0.007420
0.000851
0.009580
0.004884
0.003818
0.001299
0.008614
0.004088
0.003655
0.008654
0.009473
0.000050
0.003769
0.009609
0.004532
0.008332
0.000423
0.008889
0.001744
0.001140
0.006582
0.003834
0.008188
0.004104
0.008938
0.007875
0.005380
0.009260
0.006540
0.000791
0.008923
