0.003960
0.001633
0.008504
0.008834
0.005440
0.009793
0.007448
0.009518
0.003447
0.006102
0.008992
0.003487
0.009861
0.008601
0.008010
0.008193
0.009014
0.006899
0.009927
0.000154
0.003481
0.003761
0.008332
0.007575
0.002698
0.006207
0.002956
0.001958
0.002747
0.003737
0.000881
0.006697
0.005360
0.009375
0.005531
0.000800
0.009168
0.002979
0.000318
0.002615
0.009070
0.009300
0.006093
0.008931
0.007901
0.004102
0.007124
0.006914
0.001001
0.007051
0.007058
0.004472
0.000811
0.005390
0.002048
0.003499
0.001597
0.004993
0.005447
0.004334
0.008720
0.006319
0.001031
0.004080
0.005694
0.006552
0.004870
0.004862
0.009521
0.005178
0.007467
0.008591
0.004478
0.003560
0.007522
0.002379
0.007652
0.004646
0.009283
0.008643
0.001697
0.006341
0.003116
0.002498
0.001732
0.005153
0.005987
0.003319
0.000147
0.001435
0.007644
0.008857
0.007743
0.008665
0.002937
0.003437
0.005217
0.007797
0.008289
0.004737
0.002975
0.005756
0.003328
0.007444
0.009306
0.000850
0.009813
0.006958
0.005486
0.009096
0.005601
0.007173
0.005437
0.008707
0.009661
0.007159
0.003860
0.005648
0.000478
0.003997
0.007072
0.008112
0.002854
0.004816
0.006777
0.005781
0.008243
0.001993
0.003577
0.006532
0.006721
0.006543
0.002288
0.000049
0.003987
0.001594
0.000889
0.003799
0.008542
0.006366
0.002895
0.004143
0.003539
0.008322
0.002850
0.003199
0.005481
0.006700
0.008837
0.005950
0.000696
0.005909
0.004061
0.003540
0.000725
0.000838
0.009310
0.008957
0.002821
0.002888
0.005489
0.009532
0.009421
0.007767
0.009571
0.003407
0.009351
0.000460
0.007197
0.007892
0.006816
0.000092
0.002035
0.000355
0.008404
0.004875
0.003544
0.003886
0.001574
0.002381
0.009825
0.002261
0.008280
0.003886
0.005790
0.008995
0.004714
0.005101
0.007952
0.007525
0.007979
0.003441
0.007057
0.007400
0.001208
0.006628
0.000807
0.000559
0.007078
0.007994
0.008441
0.003894
0.008076
0.000476
0.004239
0.006480
0.005341
0.007772
0.000366
0.006905
0.000153
0.000191
0.009155
0.008423
0.004067
0.004946
0.007418
0.008771
0.000047
0.005370
0.006297
0.008016
0.008801
0.003354
0.005415
0.009999
0.009972
0.006212
0.000558
0.007050
0.004206
0.008989
0.000945
0.002282
0.009455
0.005173
0.008752
0.004795
0.002946
0.009108
0.001700
0.003089
0.009288
0.000856
0.001512
0.003356
0.005791
0.008919
0.002127
0.005828
0.004289
0.008414
0.003844
0.003090
0.001768
0.009249
0.003089
0.001740
0.005461
0.003637
0.008780
0.009657
0.002626
0.009715
0.001939
0.002080
0.004888
0.000691
0.006866
0.007824
0.009789
0.008556
0.000913
0.009078
0.009402
0.002414
0.002433
0.005193
0.001334
0.004550
0.001021
0.005613
0.002964
0.004855
0.008693
0.004722
0.004103
0.001781
0.006452
0.009555
0.005408
0.005232
0.009212
0.008024
0.004947
0.001151
0.000104
0.009825
0.001833
0.006960
0.007649
0.001622
0.005516
0.008551
0.000699
0.004918
0.000966
0.003123
0.000111
0.002289
0.007663
0.001122
0.007892
0.000626
0.005967
0.006585
0.005338
0.000070
0.008356
0.001790
0.009615
0.003764
0.007012
0.008827
0.001788
0.001959
0.009968
0.001882
0.001784
0.001801
0.008833
0.009422
0.003413
0.004349
0.007974
0.004103
0.009257
0.008930
0.007215
0.009358
0.001219
0.004878
0.000481
0.009101
0.005494
0.006438
0.005686
0.000833
0.006498
0.004042
0.002612
0.006113
0.007797
0.009614
0.004940
0.009575
0.001573
0.004909
0.001457
0.003346
0.006700
0.000290
0.002769
0.000113
0.004629
0.000743
0.004206
0.003886
0.009662
0.001421
0.003244
0.000881
0.006289
0.003715
0.009972
0.001784
0.000152
0.005658
0.002606
0.006640
0.009690
0.005208
0.002753
0.007487
0.004822
0.007683
0.007062
0.006385
0.002592
0.008509
0.009721
0.009282
0.008789
0.002490
0.009385
0.003417
0.003223
0.003591
0.007293
0.002885
0.005002
0.000537
0.003756
0.001292
0.004242
0.003729
0.003065
0.004385
0.009377
0.005661
0.001025
0.009067
0.000870
0.003768
0.006554
0.005682
0.001452
0.003616
0.002067
0.004034
0.002124
0.001789
0.003316
0.000913
0.004269
0.002701
0.004320
0.007482
0.006282
0.001613
0.000367
0.001284
0.002141
0.004113
0.002566
0.006373
0.007832
0.005621
0.000758
0.007209
0.001282
0.001773
0.006276
0.002142
0.005531
0.002830
0.007814
0.006972
0.006435
0.009872
0.001006
0.008550
0.001661
0.004312
0.009452
0.005920
0.007002
0.003772
0.003402
0.003284
0.005376
0.003759
0.004558
0.007507
0.007862
0.007114
0.003880
0.005694
0.002735
0.004628
0.002903
0.004007
0.006390
0.009169
0.006139
0.001921
0.001999
0.003953
0.008883
0.008424
0.003825
0.009879
0.006974
0.005476
0.004191
0.006426
0.001395
0.001194
0.000198
0.004787
0.004468
0.005564
0.008536
0.009016
0.003071
0.006398
0.006130
0.006941
0.002092
0.008855
0.001568
0.004985
0.002862
0.007948
0.004154
0.008991
0.009859
0.006143
0.002944
0.008742
0.004567
0.006759
0.008622
0.001540
0.002235
0.002813
0.007956
0.003620
0.003997
0.008144
0.008397
0.008454
0.003709
0.006933
0.007470
0.006769
0.003330
0.003600
0.003710
0.005413
0.002455
0.005268
0.000398
0.005307
0.003216
0.004542
0.004297
0.003075
0.000684
0.007231
0.001818
0.005241
0.003990
0.000440
0.006771
0.006215
0.003243
0.004727
0.009825
0.007229
0.002872
0.008222
0.005684
0.006570
0.005155
0.003154
0.003340
0.008475
0.006745
0.007040
0.003888
0.009189
0.002307
0.004275
0.004496
0.005514
0.008807
0.008783
0.008579
0.009482
0.006014
0.000396
0.004723
0.009995
0.000826
0.001494
0.006210
0.004059
0.006211
0.006035
0.001288
0.009073
0.004257
0.006961
0.005644
0.009402
0.000116
0.008974
0.007877
0.006850
0.006013
0.001764
0.006040
0.008311
0.006030
0.000536
0.003824
0.004837
0.009309
0.002403
0.004318
0.005323
0.002789
0.009031
0.005317
0.003605
0.000525
0.001527
0.007653
0.006726
0.007552
0.008931
0.005800
0.001809
0.005893
0.001443
0.001210
0.005998
0.000417
0.009077
0.002848
0.006420
0.000841
0.008878
0.004731
0.006861
0.009404
0.008545
0.001698
0.008712
0.000947
0.006006
0.004035
0.003727
0.005037
0.009343
0.007321
0.005552
0.000870
0.004975
0.002278
0.008412
0.003906
0.008068
0.000220
0.009789
0.009501
0.001421
0.005787
0.009908
0.000497
0.008626
0.006328
0.001328
0.007504
0.001059
0.008179
0.006907
0.009594
0.009867
0.005620
0.000541
0.005872
0.009645
0.004258
0.000909
0.008988
0.001579
0.006451
0.009848
0.006544
0.008719
0.008259
0.000450
0.006787
0.008470
0.000239
0.006288
0.009880
0.006016
0.006197
0.000377
0.004642
0.002525
0.001696
0.002146
0.003574
0.009865
0.009043
0.003168
0.009731
0.004663
0.003699
0.005604
0.004308
0.007947
0.006503
0.003296
0.009516
0.002954
0.003144
0.006060
0.001673
0.001403
0.006501
0.008450
0.009863
0.006730
0.004738
0.009743
0.002746
0.000935
0.000120
0.007378
0.003450
0.001806
0.009514
0.007014
0.001670
0.008557
0.000182
0.001402
0.003221
0.003871
0.006996
0.007519
0.001818
0.003499
0.000815
0.001334
0.006443
0.003949
0.007384
0.008106
0.005342
0.003885
0.006556
0.005205
0.000615
0.001295
0.004947
0.003351
0.002220
0.005057
0.000729
0.005660
0.006853
0.000243
0.002674
0.008513
0.008791
0.002846
0.009905
0.002011
0.006707
0.006901
0.009520
0.008515
0.000400
0.000335
0.009839
0.006833
0.004274
0.007223
0.004939
0.009606
0.001108
0.001496
0.004811
0.001713
0.002780
0.009748
0.005054
0.004990
0.004805
0.005773
0.000650
0.001658
0.006006
0.003314
0.000171
0.004797
0.006150
0.000076
0.006798
0.002856
0.006967
0.006318
0.001371
0.007357
0.006643
0.001210
0.004190
0.000917
0.008423
0.009119
0.000523
0.009521
0.000615
0.005324
0.001234
0.003385
0.005072
0.006278
0.008365
0.009867
0.002051
0.009006
0.001525
0.008048
0.002320
0.001686
0.002845
0.008459
0.001753
0.009633
0.001316
0.008710
0.005951
0.002677
0.006067
0.002594
0.003877
0.000258
0.003501
0.002300
0.009367
0.004014
0.001821
0.009971
0.009328
0.003045
0.003357
0.004400
0.009313
0.001722
0.004267
0.001364
0.000728
0.005782
0.009402
0.003037
0.007459
0.002247
0.001497
0.009201
0.001879
0.002802
0.007912
0.007820
0.005469
0.003979
0.000414
0.009336
0.004226
0.003906
0.001636
0.003593
0.007910
0.003446
0.003565
0.007238
0.006481
0.006911
0.001639
0.005794
0.008623
0.005896
0.007148
0.009341
0.001678
0.006550
0.002378
0.009127
0.008787
0.003865
0.008328
0.000667
0.006657
0.006240
0.008477
0.002127
0.000219
0.008881
0.001463
0.004435
0.002787
0.003088
0.008018
0.000697
0.006525
0.001583
0.007925
0.003006
0.008484
0.009554
0.008790
0.007108
0.005450
0.005939
0.006449
0.007118
0.002489
0.008817
0.006245
0.001276
0.002682
0.004573
0.001933
0.009329
0.000813
0.000410
0.001456
0.001022
0.009281
0.002909
0.005447
0.002068
0.005987
0.003465
0.002754
0.002512
0.005038
0.000680
0.005508
0.003523
0.000234
0.004298
0.000630
0.005673
0.000237
0.007069
0.002792
0.002716
0.005886
0.009027
0.003983
0.008558
0.003600
0.005905
0.007887
0.004403
0.006305
0.009333
0.005415
0.005586
0.002242
0.000862
0.007644
0.008219
0.004317
0.000398
0.000731
0.009346
0.001068
0.006229
0.002868
0.001291
0.000527
0.003489
0.006955
0.000754
0.000558
0.009736
0.003461
0.006433
0.008763
0.007433
0.004991
0.002363
0.003339
0.002878
0.006756
0.009634
0.002212
0.002170
0.005220
0.004444
0.003022
0.002863
0.002663
0.007329
0.003251
0.003384
0.006675
0.004309
0.009603
0.009533
0.005590
0.000130
0.003022
0.002544
0.000874
0.003569
0.002280
0.004325
0.009993
0.001043
0.001758
0.004984
0.003396
0.005087
0.007852
0.000152
0.004721
0.000064
0.002313
0.009930
0.004497
0.005325
0.002794
0.007150
0.002654
0.006035
0.000534
0.009319
0.000344
0.000136
0.008852
0.005923
0.000256
0.001874
0.008458
0.001121
0.005433
0.000738
0.005436
0.005425
0.001772
0.007184
0.000409
0.005158
0.002271
0.008252
0.005300
0.006982
0.008306
0.007602
0.006913
0.002803
0.002927
0.009696
0.009943
0.005571
0.005731
0.000476
0.004890
0.006065
0.000603
0.003742
0.001988
0.000849
0.005605
0.000446
0.001959
0.001038
0.001174
0.007385
0.006453
0.002936
0.004569
0.006853
0.008083
0.006831
0.005104
0.003383
0.003813
0.003410
0.000985
0.000726
0.006203
0.003903
0.000422
0.006145
0.009464
0.006143
0.006612
0.004353
0.002208
0.007205
0.008085
0.004186
0.008043
0.003690
0.004622
0.009993
0.004718
0.005786
0.007378
0.001172
0.008711
0.001948
0.008014
0.006795
0.008768
0.003118
0.000178
0.002581
0.006518
0.001153
0.003297
0.002721
0.005046
0.003709
0.008856
0.004509
0.009842
0.005468
0.008853
0.002050
0.002673
0.006938
0.006226
0.000716
0.000628
0.000848
0.000709
0.005337
0.006624
0.008077
0.006498
0.005335
0.000025
0.004513
0.002129
0.008783
0.007621
0.002297
0.001365
0.004139
0.003440
0.004652
0.006850
0.008476
0.008351
0.005706
0.002985
0.008193
0.001174
0.001838
0.000243
0.003837
0.008766
0.006459
0.004543
0.009384
0.007297
0.005242
0.004721
0.003920
0.003319
0.001219
0.009245
0.003333
0.005722
0.001375
0.002117
0.003343
0.003662
0.003471
0.007472
0.007092
0.008113
0.004321
0.005568
0.006464
0.000027
0.008543
0.004656
0.001191
0.000381
0.004889
0.005017
0.009137
0.001348
0.009550
0.008521
0.008635
0.004792
0.003242
0.002555
0.008100
0.004451
0.001800
0.001434
0.000173
0.003164
0.003541
0.003505
0.006816
0.007002
0.000977
0.003908
0.005115
0.005288
0.009466
0.001578
0.005305
0.008010
0.006225
0.006486
0.008381
0.001114
0.001504
0.007518
0.002452
0.001054
0.006040
0.001087
0.005836
0.009272
0.003631
0.003936
0.003723
0.005421
0.005360
0.003886
0.008576
0.008891
0.007381
0.005392
0.005893
0.008348
0.009290
0.001007
0.003636
0.008756
0.002576
0.008932
0.006766
0.008790
0.005418
0.005147
0.009894
0.006912
0.002666
0.002346
0.007956
0.008695
0.003423
0.003792
0.007967
0.007044
0.007718
0.001690
0.002466
0.003078
0.005565
0.001041
0.001969
0.002946
0.006423
0.007852
0.001294
0.005713
0.008849
0.004921
0.004470
0.001425
0.003852
0.001236
0.000215
0.009261
0.006373
0.000109
0.006173
0.009028
0.002446
0.004129
0.007724
0.005859
0.007911
0.005691
0.002903
0.005629
0.007370
0.005359
0.008697
0.002936
0.006390
0.000666
0.005872
0.002813
0.008508
0.007156
0.008516
0.007357
0.002077
0.002986
0.008771
0.005919
0.004211
0.008976
0.005180
0.000584
0.009075
0.001352
0.009603
0.001521
0.005471
0.007326
0.007370
0.003382
0.003017
0.000273
0.009001
0.000387
0.005621
0.007698
0.003313
0.002011
0.008354
0.009175
0.004815
0.006861
0.006332
0.003331
0.004218
0.008399
0.006307
0.002989
0.004318
0.000518
0.001965
0.009488
0.001092
0.001040
0.000840
0.000695
0.002551
0.006301
0.008011
0.009911
0.009673
0.001028
0.000184
0.008673
0.001405
0.005795
0.006371
0.004708
0.007797
0.004725
0.003884
0.002611
0.001586
0.000215
0.005932
0.005794
0.008604
0.002239
0.008773
0.002922
0.002747
0.000738
0.002410
0.003829
0.001769
0.003240
0.004514
0.004310
0.009531
0.002525
0.004221
0.009204
0.003543
0.004395
0.007877
0.004938
0.000190
0.004248
0.009637
0.007977
0.008963
0.003521
0.000588
0.000549
0.003726
0.006510
0.006333
0.002330
0.008739
0.005107
0.005242
0.001485
0.005835
0.007642
0.005305
0.007594
0.000881
0.009809
0.001904
0.000412
0.002334
0.006115
0.009606
0.005867
0.000511
0.007483
0.000806
0.000691
0.001731
0.000443
0.008658
0.000694
0.003953
0.009236
0.001233
0.007669
0.005746
0.007557
0.009989
0.004484
0.002663
0.005231
0.005960
0.008488
0.002873
0.001264
0.006082
0.003744
0.001073
0.007976
0.004146
0.003397
0.004091
0.003751
0.009255
0.004592
0.001234
0.000061
0.005273
0.002955
0.000493
0.003931
0.003639
0.004436
0.003167
0.004862
0.002106
0.008903
0.002419
0.002095
0.003387
0.005072
0.007316
0.009337
0.003560
0.000189
0.000601
0.009632
0.003922
0.001665
0.007607
0.008058
0.005052
0.001699
0.001809
0.004307
0.006281
0.003033
0.004357
0.001553
0.005978
0.004840
0.005474
0.009607
0.009267
0.008631
0.004469
0.001373
0.007533
0.006878
0.003457
0.000921
0.001950
0.000773
0.000258
0.005500
0.000952
0.000849
0.005131
0.004865
0.002504
0.002739
0.002923
0.007546
0.004428
0.004722
0.001852
0.000708
0.007745
0.006200
0.002251
0.003723
0.001040
0.007716
0.003330
0.000307
0.006346
0.007789
0.001669
0.003880
0.004667
0.005117
0.004790
0.006607
0.005880
0.005038
0.002107
0.006822
0.005877
0.007228
0.001687
0.008371
0.009957
0.004600
0.005916
0.004385
0.009312
0.007758
0.005083
0.007057
0.003958
0.007324
0.000780
0.004988
0.005040
0.004100
0.005285
0.001386
0.001890
0.006944
0.005256
0.006547
0.002061
0.000046
0.003154
0.007931
0.005074
0.005251
0.004754
0.000951
0.002479
0.006431
0.009312
0.002437
0.001030
0.005228
0.006811
0.000342
0.002987
0.001894
0.007389
0.006935
0.009208
0.008159
0.001923
0.004248
0.002259
0.007198
0.005624
0.004138
0.004142
0.000880
0.000685
0.006193
0.000916
0.003830
0.004125
0.005980
0.009071
0.008868
0.006922
0.001550
0.005299
0.006234
0.003977
0.006320
0.001462
0.000788
0.006652
0.004439
0.002672
0.004040
0.001373
0.001880
0.002199
0.003286
0.006118
0.004448
0.000483
0.001742
0.008576
0.004615
0.002611
0.009252
0.000808
0.003518
0.003081
0.004923
0.009488
0.002152
0.003791
0.006410
0.003692
0.009080
0.002644
0.007659
0.005400
0.004096
0.008437
0.002051
0.008524
0.001110
0.006082
0.009887
0.002980
0.008271
0.003173
0.009088
0.002719
0.003646
0.000830
0.001295
0.008251
0.003431
0.000546
0.009049
0.006939
0.003618
0.003972
0.006427
0.005760
0.007753
0.002836
0.009442
0.006833
0.005470
0.007101
0.002232
0.009556
0.005539
0.004274
0.008080
0.006638
0.000355
0.007967
0.009608
0.008616
0.001140
0.008696
0.001335
0.004776
0.009516
0.002619
0.003027
0.002947
0.003155
0.002076
0.009875
0.006763
0.006038
0.006302
0.002523
0.003791
0.009128
0.001965
0.000624
0.004599
0.009056
0.002846
0.004154
0.004595
0.007109
0.002235
0.001233
0.007455
0.000202
0.000841
0.006071
0.001332
0.009527
0.007395
0.006098
0.009043
0.000014
0.009115
0.001990
0.003160
0.001192
0.001865
0.009913
0.007220
0.008157
0.002436
0.001011
0.007285
0.004390
0.001624
0.001884
0.003446
0.004460
0.006028
0.008031
0.001570
0.008253
0.009254
0.009014
0.008445
0.000095
0.005085
0.009767
0.009612
0.002480
0.005865
0.008655
0.002485
0.004980
0.000644
0.005635
0.006162
0.002499
0.005548
0.003382
0.000656
0.007973
0.004382
0.007931
0.002363
0.005996
0.009805
0.005799
0.000456
0.005833
0.003830
0.002016
0.004086
0.003083
0.001030
0.002530
0.003168
0.006105
0.002297
0.002780
0.008576
0.008152
0.001435
0.001060
0.003132
0.002069
0.006685
0.009283
0.004558
0.002233
0.002665
0.005204
0.000206
0.007037
0.003135
0.002559
0.003034
0.002940
0.008349
0.003480
0.008763
0.002178
0.005486
0.002849
0.005252
0.006506
0.005369
0.008410
0.002611
0.007656
0.001190
0.001187
0.005807
0.002615
0.002237
0.008929
0.004674
0.008912
0.008212
0.009222
0.001145
0.000877
0.004426
0.001341
0.007904
0.007551
0.003890
0.000938
0.000491
0.002239
0.004408
0.009244
0.004407
0.009884
0.002093
0.009649
0.006390
0.007452
0.008059
0.008991
0.005108
0.009240
0.000178
0.000915
0.001855
0.002405
0.009834
0.006519
0.001317
0.008046
0.005741
0.002452
0.008913
0.000167
0.003783
0.006818
0.007708
0.007663
0.007746
0.008190
0.009892
0.002153
0.007434
0.004299
0.002037
0.009516
0.003948
0.008417
0.006968
0.002008
0.007408
0.002076
0.001247
0.007576
0.002981
0.003092
0.009971
0.002815
0.009600
0.001289
0.000861
0.005341
0.003731
0.009765
0.005498
0.007504
0.006582
0.003206
0.005168
0.004328
0.001396
0.005060
0.006471
0.008820
0.009349
0.008498
0.008336
0.003297
0.006915
0.005304
0.005295
0.004323
0.007370
0.006532
0.001899
0.000351
0.009613
0.001870
0.003156
0.009213
0.003148
0.004007
0.004554
0.006869
0.003771
0.000052
0.004374
0.000354
0.003249
0.009531
0.004672
0.004635
0.004591
0.001143
0.003454
0.003939
0.009631
0.001790
0.007226
0.006546
0.007084
0.002521
0.000869
0.004454
0.009042
0.002758
0.004795
0.008656
0.004618
0.007940
0.007869
0.007756
0.001947
0.002423
0.004626
0.005709
0.002466
0.008989
0.006053
0.005705
0.008520
0.000724
0.000339
0.003111
0.001857
0.003784
0.007040
0.001488
0.005564
0.004266
0.008024
0.002648
0.006777
0.008884
0.007092
0.005819
0.001641
0.001887
0.004475
0.006249
0.009817
0.002344
0.004005
0.001765
0.004757
0.008621
0.007463
0.007213
0.007610
0.003516
0.002917
0.006130
0.004230
0.003247
0.009231
0.006077
0.007020
0.006271
0.007556
0.002584
0.000538
0.005580
0.005222
0.007305
0.004464
0.002314
0.003124
0.006095
0.004191
0.007589
0.002344
0.004008
0.009923
0.006340
0.005763
0.004680
0.004961
0.003226
0.001893
0.002571
0.006732
0.004800
0.008692
0.000963
0.008037
0.007923
0.007030
0.005057
0.004194
0.004586
0.007631
0.004722
0.000166
0.002853
0.002026
0.004620
0.005158
0.005140
0.000715
0.009339
0.002729
0.003049
0.003347
0.002652
0.009379
0.009100
0.007322
0.004340
0.002327
0.009204
0.006901
0.009049
0.004005
0.005593
0.000012
0.002041
0.003516
0.007032
0.007089
0.007700
0.001617
0.004720
0.002421
0.001773
0.007563
0.004437
0.006383
0.002721
0.009568
0.007087
0.002060
0.002297
0.000137
0.005397
0.004938
0.009506
0.004498
0.002260
0.003846
0.006814
0.001464
0.000747
0.005864
0.005459
0.006330
0.005866
0.007490
0.009835
0.002897
0.004579
0.007535
0.004505
0.009289
0.009946
0.006268
0.006852
0.004384
0.002651
0.009563
0.003951
0.009728
0.001623
0.006238
0.009855
0.007010
0.001176
0.009360
0.001508
0.003426
0.003206
0.008312
0.004880
0.003942
0.004176
0.000339
0.000272
0.000041
0.007820
0.000107
0.002929
0.002398
0.007632
0.007423
0.001687
0.007578
0.003691
0.008529
0.001962
0.006331
0.008092
0.005903
0.006059
0.009705
0.002140
0.005914
0.006714
0.003307
0.005274
0.008212
0.006723
0.008470
0.006524
0.001603
0.002412
0.000700
0.001932
0.002674
0.000731
0.009742
0.002771
0.003650
0.002140
0.000403
0.001073
0.003817
0.007971
0.004754
0.002346
0.009923
0.001085
0.000438
0.005826
0.007135
0.000143
0.007956
0.003048
0.006847
0.001262
0.008312
0.005059
0.007975
0.006782
0.001583
0.009568
0.009184
0.002273
0.001500
0.001858
0.002994
0.001242
0.004620
0.006634
0.003373
0.005013
0.007696
0.007180
0.002985
0.002450
0.009516
0.002907
0.003525
0.009944
0.008723
0.000660
0.000087
0.006679
0.003698
0.006924
0.007932
0.002010
0.001983
0.005907
0.008782
0.003556
0.005475
0.007967
0.005819
0.006965
0.009815
0.008803
0.008198
0.004435
0.005437
0.001570
0.009438
0.003133
0.008740
0.002423
0.005573
0.008256
0.005320
0.009088
0.008201
0.004043
0.009738
0.008278
0.000722
0.003436
0.005202
0.008644
0.005436
0.007175
0.004550
0.004219
0.000731
0.000025
0.002185
0.006541
0.006980
0.002000
0.005344
0.005178
0.006425
0.000780
0.006738
0.005863
0.003903
0.005478
0.008276
0.009466
0.003734
0.003596
0.008554
0.001935
0.007629
0.008292
0.000213
0.008341
0.001727
0.005405
0.006985
0.007153
0.002580
0.001535
0.001372
0.003302
0.001550
0.003547
0.009832
0.008520
0.005537
0.005176
0.003698
0.001962
0.005947
0.000435
0.007816
0.009840
0.005904
0.006091
0.009306
0.009628
0.009677
0.007860
0.001563
0.007306
0.006151
0.001766
0.005647
0.007869
0.007161
0.002631
0.005022
0.009732
0.004156
0.006384
0.003034
0.005696
0.009921
0.002866
0.004216
0.005458
0.008032
0.007903
0.007411
0.003979
0.008329
0.005226
0.003818
0.004232
0.001318
0.003124
0.003860
0.000995
0.000984
0.005414
0.008291
0.007126
0.007170
0.003938
0.004994
0.004332
0.006559
0.000016
0.004063
0.000715
0.006390
0.007087
0.006401
0.006311
0.009943
0.000617
0.001769
0.007975
0.008511
0.009170
0.001954
0.006840
0.004396
0.005762
0.001072
0.005704
0.008876
0.004923
0.006689
0.009851
0.000336
0.004980
0.006976
0.007496
0.008907
0.001970
0.001828
0.005467
0.001977
0.005881
0.006172
0.008357
0.002968
0.002573
0.004668
0.002911
0.003181
0.006427
0.000886
0.001691
0.005597
0.002829
0.008521
0.009983
0.008581
0.009583
0.005686
0.007458
0.004506
0.002375
0.007308
0.004832
0.007345
0.004284
0.002329
0.006252
0.006245
0.004147
0.001719
0.008212
0.000028
0.007881
0.006569
0.002986
0.000454
0.001236
0.005886
0.003625
0.007653
0.006762
0.005306
0.003250
0.009581
0.003827
0.003233
0.008162
0.003411
0.008909
0.005620
0.007907
0.001284
0.002928
0.002739
0.008619
0.007202
0.005058
0.004871
0.003447
0.009194
0.006579
0.001659
0.009212
0.004460
0.008217
0.002198
0.004904
0.009444
0.008074
0.008518
0.007097
0.004836
0.003824
0.000347
0.004417
0.007642
0.003570
0.002579
0.001052
0.002479
0.008189
0.008949
0.003753
0.001118
0.001688
0.002371
0.008310
0.006736
0.007232
0.001757
0.005930
0.003811
0.003406
0.005142
0.008261
0.001624
0.007329
0.003165
0.001067
0.005403
0.001683
0.008154
0.000239
0.005498
0.008491
0.004646
0.003139
0.002061
0.007215
0.004182
0.004530
0.005405
0.003131
0.008272
0.006512
0.004809
0.000644
0.004822
0.001545
0.007866
0.006569
0.007464
0.001677
0.009965
0.002606
0.009928
0.001589
0.009925
0.003093
0.002646
0.005328
0.004767
0.000801
0.005557
0.000264
0.009282
0.000203
0.003394
0.001343
0.007408
0.007566
0.005863
0.002813
0.000697
0.004136
0.009315
0.005495
0.004769
0.004137
0.007030
0.002635
0.000706
0.004494
0.004303
0.000672
0.007090
0.004231
0.002251
0.007016
0.007314
0.004887
0.002344
0.002081
0.005678
0.007892
0.002335
0.004960
0.008085
0.005719
0.006294
0.005493
0.003285
0.002157
0.008296
0.003971
0.006282
0.007611
0.009457
0.001052
0.001748
0.006487
0.003677
0.002444
0.000981
0.007970
0.003106
0.008062
0.002201
0.005347
0.005078
0.009506
0.000234
0.007412
0.001587
0.005902
0.005304
0.003912
0.000862
0.003388
0.009621
0.007146
0.008872
0.002906
0.009293
0.007168
0.006868
0.005575
0.004779
0.006325
0.006617
0.006517
0.002812
0.000294
0.008952
0.003783
0.008254
0.002058
0.001845
0.000455
0.007395
0.006912
0.009951
0.007619
0.004324
0.001537
0.003521
0.009617
0.005440
0.004373
0.003006
0.005061
0.001519
0.001878
0.007957
0.000812
0.009036
0.004825
0.006377
0.003815
0.001150
0.002994
0.000332
0.003952
0.003278
0.009273
0.007725
0.001532
0.001331
0.009559
0.001977
0.008716
0.006471
0.001928
0.006335
0.000795
0.003455
0.009846
0.000413
0.008885
0.004219
0.003409
0.003946
0.005728
0.005276
0.001903
0.006530
0.004312
0.006718
0.002906
0.008117
0.007859
0.005890
0.008439
0.001810
0.009158
0.007712
0.009525
0.000689
0.009033
0.009084
0.002656
0.007749
0.005556
0.004574
0.004084
0.006341
0.008019
0.003929
0.006744
0.006904
0.008138
0.000152
0.000849
0.003866
0.005419
0.002742
0.000396
0.009721
0.009451
0.003292
0.007838
0.007309
0.009172
0.006276
0.009110
0.008329
0.003988
0.008635
0.009009
0.003021
0.007719
0.001665
0.000770
0.003274
0.006229
0.004844
0.009605
0.004249
0.008763
0.006349
0.001152
0.006901
0.006491
0.001992
0.000767
0.001910
0.004724
0.001152
0.001631
0.004175
0.004434
0.009459
0.001484
0.003606
0.005735
0.000594
0.001935
0.009713
0.009219
0.000944
0.002735
0.006938
0.002600
0.003495
0.000212
0.008819
0.008328
0.009808
0.003068
0.007091
0.006157
0.004210
0.003992
0.002648
0.006192
0.004749
0.004548
0.000916
0.005891
0.006169
0.005081
0.000325
0.005628
0.006555
0.003921
0.001363
0.007139
0.005847
0.001077
0.006359
0.006781
0.003801
0.003296
0.009371
0.007286
0.003499
0.008190
0.005614
0.003307
0.001258
0.002705
0.009453
0.005458
0.006688
0.002101
0.001650
0.001437
0.006640
0.002555
0.007318
0.002809
0.007626
0.007633
0.008427
0.004181
0.001555
0.009781
0.001321
0.007391
0.000857
0.007669
0.004172
0.004648
0.000966
0.003543
0.001934
0.004455
0.001734
0.007538
0.007751
0.002982
0.000244
0.007205
0.008430
0.006922
0.009296
0.000079
0.008348
0.005936
0.002625
0.005666
0.008735
0.000251
0.003299
0.007162
0.004422
0.004844
0.006943
0.005732
0.002235
0.007790
0.003402
0.006398
0.002439
0.004357
0.009931
0.004363
0.008802
0.001665
0.001901
0.006553
0.004636
0.002135
0.003758
0.003066
0.009046
0.003054
0.003135
0.007395
0.008980
0.005750
0.003061
0.007715
0.005990
0.006350
0.004877
0.000412
0.001194
0.001820
0.006134
0.003419
0.009601
0.009526
0.009806
0.002039
0.003883
0.009738
0.006392
0.002685
0.001402
0.008283
0.009228
0.006029
0.000418
0.002986
0.009085
0.009454
0.006030
0.002220
0.006849
0.005010
0.007960
0.009900
0.002725
0.003950
0.006249
0.007593
0.004352
0.007433
0.009403
0.000487
0.000852
0.009004
0.000013
0.000658
0.001043
0.003886
0.000396
0.007425
0.006561
0.001788
0.005708
0.005789
0.007807
0.006116
0.008766
0.006892
0.005570
0.004796
0.009102
0.002419
0.009796
0.007062
0.002318
0.002521
0.001012
0.008558
0.000114
0.005354
0.005991
0.009507
0.005831
0.006833
0.008511
0.005833
0.007481
0.009545
0.009709
0.007867
0.006970
0.006270
0.009645
0.002677
0.002059
0.007452
0.008783
0.000825
0.004344
0.004353
0.005611
0.003445
0.006762
0.005407
0.000507
0.009070
0.007918
0.001509
0.007628
0.008022
0.006853
0.003619
0.007530
0.002683
0.000451
0.006041
0.008506
0.007922
0.005586
0.008215
0.005789
0.002555
0.004485
0.005434
0.005223
0.006535
0.002886
0.004006
0.007350
0.007220
0.008349
0.002960
0.000665
0.005111
0.008357
0.001162
0.004181
0.006276
0.002661
0.001809
0.004298
0.009503
0.005418
0.001828
0.002187
0.005859
0.007859
0.000693
0.003782
0.003445
0.008898
0.009561
0.005990
0.003384
0.004995
0.001213
0.009909
0.007871
0.005209
0.007258
0.005091
0.003558
0.000219
0.005746
0.008658
0.008566
0.006898
0.002839
0.004842
0.009549
0.004638
0.009130
0.009052
0.000056
0.000958
0.001239
0.005905
0.008807
0.001922
0.009677
0.002252
0.000820
0.009237
0.008232
0.004194
0.004232
0.009435
0.004103
0.002104
0.004644
0.001361
0.007185
0.008192
0.001570
0.002931
0.006850
0.000136
0.009819
0.009679
0.004968
0.009367
0.004318
0.004098
0.008420
0.004363
0.005046
0.009648
0.000268
0.003853
0.001570
0.009935
0.006094
0.002380
0.009172
0.004327
0.006564
0.003405
0.003762
0.000667
0.005499
0.008396
0.002018
0.002683
0.006588
0.003578
0.005604
0.003438
0.003704
0.005423
0.003117
0.008663
0.004790
0.007424
0.002761
0.003210
0.001788
0.007797
0.002858
0.002046
0.001649
0.004418
0.001981
0.007734
0.006788
0.001154
0.002060
0.003351
0.004549
0.005812
0.004008
0.000047
0.004208
0.006016
0.002720
0.000795
0.009583
0.008314
0.004223
0.003288
0.003737
0.007330
0.001950
0.008517
0.004754
0.004701
0.001727
0.006532
0.002498
0.004575
0.008568
0.004137
0.008983
0.000550
0.001871
0.005770
0.001694
0.003921
0.009112
0.006232
0.009723
0.003120
0.006269
0.003931
0.009125
0.008980
0.004716
0.008709
0.007294
0.008929
0.001996
0.001032
0.006259
0.003937
0.009539
0.001013
0.008628
0.001266
0.007536
0.001126
0.005832
0.006104
0.005253
0.004815
0.006644
0.007114
0.000585
0.008327
0.001035
0.009687
0.004560
0.000758
0.002807
0.000829
0.004679
0.001932
0.009799
0.009386
0.000640
0.007093
0.008315
0.002627
0.008115
0.004575
0.006554
0.007654
0.005578
0.005182
0.008910
0.003114
0.006298
0.004742
0.009208
0.001552
0.009547
0.005851
0.008656
0.000132
0.004179
0.009681
0.009808
0.008728
0.000439
0.002615
0.009547
0.005109
0.004537
0.009346
0.004495
0.005167
0.006440
0.002810
0.007784
0.004554
0.007375
0.004338
0.002209
0.002953
0.009510
0.001119
0.006056
0.005808
0.005851
0.005264
0.007350
0.005397
0.001115
0.006006
0.005519
0.005284
0.005687
0.005327
0.004012
0.006116
0.007932
0.003559
0.001225
0.002469
0.002905
0.005710
0.007626
0.009335
0.008510
0.005410
0.003889
0.005885
0.009738
0.006088
0.008828
0.009248
0.007197
0.004884
0.005056
0.003048
0.000148
0.002406
0.008435
0.001253
0.008401
0.003954
0.006527
0.004088
0.009271
0.000539
0.000204
0.007204
0.004088
0.001419
0.009663
0.006984
0.007119
0.007289
0.006318
0.005629
0.002699
0.000208
0.001514
0.002437
0.006286
0.000342
0.001684
0.003482
0.005216
0.006730
0.006520
0.005354
0.009126
0.004955
0.006598
0.007527
0.008899
0.003125
0.001615
0.008170
0.003654
0.001809
0.005374
0.007733
0.003218
0.005037
0.004716
0.000337
0.002326
0.001035
0.005956
0.005014
0.001232
0.007460
0.007441
0.007508
0.007792
0.009115
0.000990
0.003008
0.005846
0.007500
0.008352
0.004971
0.002455
0.004950
0.002499
0.001354
0.008064
0.004104
0.009515
0.001719
0.005903
0.004889
0.009441
0.009111
0.009916
0.004157
0.009439
0.002241
0.005182
0.005395
0.007246
0.006404
0.002855
0.004687
0.003913
0.000648
0.003802
0.004893
0.003646
0.009637
0.002393
0.001998
0.004609
0.004839
0.006937
0.007097
0.006183
0.005002
0.001201
0.005698
0.006710
0.007094
0.000586
0.006151
0.006205
0.000502
0.000309
0.005644
0.002733
0.005481
0.001039
0.009969
0.001885
0.003884
0.004655
0.005787
0.004522
0.008447
0.000680
0.008157
0.008085
0.003064
0.000155
0.002694
0.007892
0.007082
0.009781
0.004075
0.002084
0.000982
0.009763
0.008784
0.008066
0.000349
0.004935
0.004271
0.000841
0.005234
0.009905
0.003564
0.000714
0.000944
0.003533
0.002589
0.004818
0.008178
0.008367
0.009330
0.006626
0.009037
0.007488
0.004711
0.002101
0.007632
0.007394
0.009983
0.004715
0.007176
0.004058
0.006788
0.008148
0.003821
0.005572
0.006214
0.004160
0.000507
0.000485
0.004991
0.005731
0.000391
0.008545
0.006435
0.001325
0.002078
0.009014
0.006133
0.000256
0.007381
0.005463
0.006872
0.006418
0.002951
0.001583
0.008508
0.000584
0.008968
0.008491
0.005288
0.006143
0.002549
0.002076
0.004291
0.006359
0.007638
0.000505
0.000519
0.008135
0.000980
0.005500
0.003866
0.001361
0.004045
0.000301
0.002676
0.006113
0.009305
0.008799
0.006359
0.006685
0.004263
0.003231
0.003103
0.007204
0.004804
0.001611
0.007777
0.003772
0.000102
0.003065
0.009905
0.002641
0.005131
0.004196
0.008991
0.002769
0.004691
0.009500
0.000905
0.005661
0.005000
0.004761
0.007012
0.009034
0.005051
0.009678
0.005147
0.004356
0.008477
0.001506
0.001042
0.002739
0.004727
0.004135
0.009933
0.009522
0.005736
0.007710
0.003293
0.005828
0.000775
0.003198
0.008459
0.005896
0.007384
0.007450
0.008656
0.002075
0.006949
0.009550
0.007726
0.001949
0.004311
0.004737
0.000983
0.009352
0.004415
0.006120
0.003708
0.002892
0.007616
0.004740
0.005621
0.002343
0.008865
0.005554
0.001865
0.004601
0.003264
0.005148
0.000429
0.004029
0.008336
0.008878
0.009915
0.005720
0.006328
0.008571
0.007785
0.003277
0.008121
0.005511
0.005216
0.002432
0.000248
0.006190
0.001784
0.004653
0.002310
0.005483
0.007535
0.009915
0.000223
0.003157
0.002259
0.009078
0.008701
0.004113
0.003678
0.001965
0.009251
0.004097
0.005984
0.007587
0.002975
0.005899
0.003308
0.009293
0.004470
0.001093
0.002570
0.002591
0.006593
0.007777
0.005013
0.006831
0.003966
0.006787
0.001485
0.006266
0.002270
0.009010
0.006181
0.002483
0.002167
0.008430
0.001560
0.000867
0.002543
0.005229
0.002822
0.001794
0.009316
0.008795
0.009372
0.002291
0.004694
0.002679
0.001584
0.009154
0.003762
0.004144
0.001745
0.000356
0.001921
0.006748
0.007177
0.005877
0.003535
0.008652
0.002143
0.005795
0.007662
0.008314
0.008268
0.009819
0.006744
0.009819
0.000686
0.009277
0.005047
0.003497
0.001071
0.004363
0.002293
0.000442
0.006644
0.006976
0.003112
0.008218
0.006130
0.006864
0.002363
0.007865
0.007209
0.004274
0.004613
0.004387
0.000151
0.008138
0.003038
0.002283
0.003933
0.000700
0.000597
0.002202
0.000519
0.007331
0.002020
0.001195
0.006607
0.007058
0.004682
0.007668
0.001421
0.006964
0.008100
0.008055
0.003941
0.001212
0.006273
0.000071
0.008066
0.008626
0.007926
0.005275
0.002900
0.002539
0.009652
0.003041
0.000677
0.002690
0.005314
0.004600
0.003381
0.005902
0.006792
0.003890
0.003233
0.008802
0.005074
0.009830
0.005859
0.009746
0.007498
0.007270
0.006711
0.005599
0.005325
0.000652
0.006801
0.001599
0.000713
0.004867
0.000225
0.008629
0.000142
0.003115
0.001167
0.009784
0.006146
0.001834
0.002475
0.001460
0.006424
0.005846
0.007352
0.003216
0.009725
0.000585
0.002018
0.004800
0.000415
0.007867
0.004546
0.007903
0.005137
0.001257
0.003501
0.000463
0.001899
0.000302
0.002052
0.002602
0.005159
0.002267
0.001230
0.005291
0.005372
0.002388
0.005075
0.001518
0.004212
0.007540
0.002968
0.000636
0.003385
0.000320
0.003841
0.003111
0.000895
0.005849
0.007901
0.001300
0.003716
0.002447
0.009192
0.008843
0.003694
0.002694
0.009296
0.005583
0.002986
0.001348
0.008175
0.008135
0.003605
0.009395
0.003426
0.008967
0.001783
0.008491
0.000485
0.005984
0.006031
0.003444
0.006610
0.009407
0.003754
0.000452
0.002518
0.004639
0.006291
0.000418
0.005929
0.009997
0.002856
0.005121
0.008840
0.006540
0.007805
0.008136
0.002123
0.000791
0.009474
0.000298
0.008916
0.003079
0.009683
0.002342
0.002046
0.001465
0.000833
0.002521
0.007440
0.006855
0.005955
0.004050
0.006261
0.009699
0.004491
0.008769
0.004338
0.000782
0.009177
0.000267
0.000778
0.002033
0.005378
0.009609
0.008563
0.003182
0.007745
0.000686
0.003963
0.007220
0.000973
0.002879
0.000299
0.000656
0.005211
0.002335
0.002111
0.006035
0.004847
0.009541
0.002889
0.000802
0.003590
0.009140
0.000501
0.008072
0.007909
0.004828
0.008844
0.007087
0.005085
0.009612
0.009110
0.000463
0.009221
0.007673
0.003635
0.006966
0.008349
0.007588
0.004185
0.009312
0.000468
0.004474
0.009958
0.005669
0.006799
0.002069
0.001703
0.001646
0.001610
0.004583
0.002438
0.005191
0.003723
0.002928
0.003262
0.001632
0.007747
0.002106
0.008709
0.002832
0.001718
0.007819
0.003284
0.000938
0.005492
0.006909
0.007894
0.003841
0.004497
0.002079
0.003153
0.004955
0.006544
0.003111
0.000624
0.003343
0.005170
0.002317
0.004979
0.006770
0.006890
0.007406
0.001961
0.000613
0.000334
0.005213
0.002235
0.008071
0.007309
0.000945
0.000902
0.009017
0.008754
0.004176
0.009945
0.004246
0.001086
0.007839
0.008077
0.005573
0.009909
0.001230
0.000528
0.006452
0.004331
0.001142
0.009785
0.009492
0.003449
0.004764
0.006262
0.000339
0.002170
0.008213
0.000942
0.002495
0.003427
0.003167
0.000565
0.000736
0.004102
0.001458
0.009743
0.002856
0.005624
0.009688
0.007092
0.006700
0.007528
0.005169
0.002273
0.007436
0.006389
0.002791
0.003889
0.000721
0.003923
0.003674
0.000212
0.007362
0.008428
0.006465
0.007691
0.000598
0.004678
0.008623
0.003083
0.008095
0.001790
0.003638
0.008820
0.005882
0.005086
0.008563
0.008728
0.000710
0.008251
0.005821
0.007400
0.005779
0.000990
0.009662
0.003215
0.007369
0.002453
0.007094
0.008080
0.006365
0.000768
0.008283
0.003727
0.009186
0.004747
0.001418
0.009774
0.009415
0.000041
0.002857
0.007510
0.001822
0.006485
0.006330
0.007694
0.001570
0.004893
0.006422
0.002270
0.003145
0.002243
0.009660
0.008914
0.003223
0.009322
0.002129
0.000592
0.001775
0.009213
0.008662
0.008130
0.009971
0.006945
0.001857
0.009157
0.001692
0.003265
0.008931
0.001107
0.003296
0.001787
0.008607
0.005108
0.008262
0.004937
0.002802
0.009822
0.009821
0.009214
0.002093
0.002966
0.001457
0.001752
0.001879
0.004670
0.001074
0.003998
0.005253
0.002839
0.003211
0.003915
0.000969
0.003181
0.000859
0.002816
0.002338
0.002541
0.006071
0.001269
0.003639
0.009357
0.003046
0.002246
0.004465
0.001308
0.007173
0.007257
0.001130
0.006994
0.006472
0.003213
0.009949
0.007919
0.004955
0.001829
0.002589
0.006019
0.005816
0.007832
0.008848
0.009017
0.001747
0.009807
0.002199
0.002596
0.002623
0.004527
0.005128
0.008684
0.005785
0.008756
0.008041
0.008821
0.001002
0.002506
0.000129
0.008165
0.009754
0.001249
0.005159
0.006225
0.004452
0.005108
0.004144
0.009397
0.006927
0.006723
0.005416
0.002743
0.004555
0.004264
0.001761
0.006292
0.004071
0.003949
0.008878
0.006684
0.008466
0.004005
0.005368
0.004251
0.002762
