0.007090
0.004939
0.008166
0.008928
0.008455
0.006835
0.006888
0.003357
0.002104
0.000439
0.007890
0.001457
0.006514
0.006101
0.001940
0.005933
0.001101
0.005135
0.005148
0.008981
0.005096
0.000821
0.000900
0.004485
0.006480
0.002291
0.003701
0.003879
0.000084
0.005650
0.005051
0.007164
0.000589
0.003217
0.006091
0.009034
0.000051
0.002979
0.002390
0.002146
0.003408
0.000280
0.003592
0.009912
0.006372
0.005522
0.005846
0.007462
0.000657
0.000993
0.006444
0.005743
0.001805
0.007333
0.000228
0.008275
0.009615
0.003918
0.002154
0.009688
0.009559
0.007195
0.006852
0.000148
0.000412
0.002943
0.009172
0.000453
0.005913
0.001562
0.002589
0.009311
0.001832
0.006171
0.009223
0.008194
0.001693
0.005069
0.005656
0.002340
0.006052
0.002100
0.008072
0.007847
0.009423
0.008290
0.006122
0.009038
0.002208
0.008266
0.008726
0.001767
0.005462
0.005578
0.001904
0.005864
0.008511
0.001076
0.006307
0.004424
0.002628
0.008886
0.003735
0.004451
0.005057
0.002958
0.002644
0.006741
0.008017
0.008291
0.009070
0.004070
0.000390
0.007142
0.001916
0.009804
0.005432
0.008028
0.008841
0.007630
0.006295
0.007567
0.009387
0.001756
0.003146
0.001292
0.007610
0.001657
0.002358
0.003917
0.006071
0.004976
0.002804
0.009796
0.009416
0.007851
0.002754
0.002061
0.004592
0.000771
0.000352
0.003662
0.004831
0.000732
0.000805
0.006737
0.000536
0.006227
0.004766
0.009367
0.003857
0.001061
0.006934
0.003245
0.002807
0.000080
0.004526
0.000417
0.001727
0.006874
0.004325
0.007788
0.001850
0.007119
0.007584
0.001266
0.004970
0.000338
0.003317
0.009552
0.001099
0.003659
0.003214
0.005920
0.004381
0.004008
0.002658
0.004906
0.000235
0.007413
0.004273
0.004082
0.008464
0.001208
0.007317
0.001271
0.001278
0.001843
0.001678
0.002995
0.008707
0.005993
0.000782
0.000557
0.003112
0.008356
0.001813
0.008071
0.008684
0.005121
0.007623
0.009773
0.008769
0.000837
0.005693
0.003150
0.004835
0.008341
0.008047
0.005060
0.005754
0.002320
0.009132
0.004218
0.003518
0.006449
0.005479
0.004785
0.008283
0.007148
0.007770
0.006990
0.003141
0.008542
0.007537
0.006242
0.006899
0.009340
0.004313
0.005583
0.004461
0.001936
0.005356
0.003230
0.002763
0.001049
0.006371
0.007587
0.009380
0.004417
0.002647
0.005134
0.006727
0.001780
0.009342
0.000245
0.008219
0.004822
0.005020
0.006501
0.001969
0.002790
0.003491
0.005100
0.001333
0.001028
0.001342
0.008221
0.000368
0.005645
0.003804
0.004819
0.007571
0.009150
0.008040
0.000334
0.000198
0.004410
0.007912
0.009568
0.008818
0.000559
0.004702
0.005545
0.002328
0.004044
0.005780
0.000547
0.008856
0.000800
0.007039
0.000825
0.003581
0.000530
0.005915
0.004904
0.001548
0.007246
0.003125
0.001907
0.002891
0.006919
0.006716
0.000463
0.006069
0.004756
0.000787
0.006257
0.009156
0.008688
0.005825
0.007974
0.009237
0.000528
0.003519
0.001566
0.004562
0.009289
0.002103
0.003418
0.000090
0.009132
0.004233
0.003661
0.009652
0.000148
0.008555
0.001200
0.007384
0.001680
0.003097
0.000275
0.008589
0.009803
0.000728
0.004658
0.004559
0.001505
0.000915
0.003716
0.000193
0.006730
0.001690
0.009420
0.007248
0.005199
0.000986
0.001810
0.004488
0.003079
0.005218
0.004568
0.002211
0.009441
0.008219
0.001863
0.009579
0.006774
0.003053
0.006963
0.008443
0.006140
0.007228
0.007032
0.005943
0.007946
0.001690
0.000503
0.009441
0.002595
0.004208
0.009624
0.009315
0.005888
0.009044
0.006564
0.001087
0.000030
0.008364
0.005565
0.003099
0.003582
0.000134
0.005300
0.003023
0.008343
0.007153
0.002602
0.005116
0.000206
0.009555
0.003560
0.006337
0.006784
0.000592
0.002280
0.004730
0.002272
0.002772
0.004171
0.004857
0.006971
0.003795
0.004173
0.002858
0.002839
0.000736
0.003935
0.002859
0.009090
0.009491
0.005948
0.002672
0.009614
0.001248
0.005686
0.007957
0.008391
0.008278
0.003074
0.008587
0.007833
0.006623
0.004924
0.004617
0.007206
0.007193
0.009337
0.009468
0.009956
0.003507
0.004325
0.006927
0.007292
0.008488
0.009775
0.000131
0.009214
0.003710
0.002979
0.008304
0.003201
0.008917
0.000977
0.002815
0.000165
0.006652
0.000772
0.008546
0.004930
0.003835
0.007133
0.002763
0.000459
0.002056
0.007370
0.007654
0.009240
0.006707
0.007122
0.009196
0.000214
0.001447
0.006122
0.007496
0.009925
0.005897
0.007617
0.009139
0.009597
0.000596
0.007444
0.002798
0.009504
0.008410
0.005603
0.009659
0.005062
0.006365
0.008205
0.009983
0.000200
0.005338
0.002746
0.000649
0.007384
0.000116
0.008293
0.006624
0.006814
0.005416
0.005820
0.007018
0.006853
0.001942
0.004514
0.006778
0.007829
0.002131
0.005917
0.007427
0.002718
0.003361
0.000225
0.002221
0.001771
0.005817
0.001880
0.006824
0.002182
0.000085
0.006806
0.002372
0.005413
0.009542
0.003011
0.002797
0.009649
0.001305
0.009411
0.006462
0.006710
0.005231
0.003480
0.003563
0.007163
0.007984
0.000341
0.004993
0.000115
0.006249
0.002419
0.002823
0.009600
0.002634
0.005034
0.001371
0.008442
0.006904
0.008185
0.000624
0.006979
0.004991
0.002986
0.002392
0.004533
0.005987
0.005179
0.004182
0.007282
0.004590
0.000644
0.003993
0.009811
0.004115
0.007546
0.006974
0.002099
0.007877
0.001967
0.002204
0.004126
0.004376
0.005017
0.003726
0.007000
0.000051
0.005087
0.005442
0.006946
0.003272
0.006055
0.003925
0.008253
0.009031
0.006308
0.002786
0.005019
0.001487
0.006958
0.002301
0.006067
0.007593
0.006283
0.005878
0.001707
0.003829
0.002852
0.003796
0.001706
0.004809
0.005990
0.005822
0.009175
0.001008
0.009538
0.006176
0.001049
0.004624
0.001617
0.007985
0.007886
0.007663
0.001910
0.006139
0.006694
0.008208
0.008915
0.001713
0.009685
0.005873
0.004004
0.005752
0.003466
0.000287
0.001630
0.005163
0.004107
0.004472
0.008949
0.005803
0.009271
0.004940
0.001625
0.008447
0.005937
0.001163
0.004622
0.006976
0.005777
0.006230
0.004961
0.003663
0.003892
0.006861
0.009792
0.000586
0.005069
0.008707
0.002289
0.004754
0.004580
0.006283
0.000506
0.008036
0.006560
0.002125
0.003199
0.000666
0.006588
0.002148
0.006459
0.005859
0.007078
0.008074
0.004306
0.003015
0.009227
0.008918
0.009981
0.005004
0.005148
0.004942
0.008658
0.009030
0.001804
0.008449
0.009606
0.006863
0.007156
0.001895
0.001617
0.001736
0.008168
0.002112
0.009761
0.004727
0.004228
0.002960
0.005384
0.000815
0.005098
0.001843
0.006665
0.002176
0.009907
0.000971
0.005180
0.009135
0.009879
0.005161
0.004139
0.005027
0.000104
0.002797
0.004057
0.001897
0.001246
0.003663
0.008750
0.008392
0.005547
0.000367
0.000128
0.003715
0.002469
0.009880
0.008432
0.006687
0.002840
0.003816
0.007492
0.007928
0.005649
0.004157
0.000103
0.005557
0.005118
0.005274
0.004692
0.004996
0.000435
0.008821
0.000023
0.000529
0.001617
0.004069
0.002416
0.002853
0.007722
0.001166
0.001246
0.003269
0.001523
0.001364
0.006975
0.003982
0.001244
0.005407
0.000669
0.004073
0.009213
0.008152
0.002001
0.004863
0.002309
0.002095
0.000420
0.007416
0.007358
0.005101
0.002412
0.007783
0.003922
0.002425
0.008302
0.005529
0.006485
0.000718
0.008373
0.004207
0.001873
0.009608
0.007466
0.003386
0.000972
0.004441
0.007358
0.002206
0.009838
0.008018
0.006269
0.009051
0.006169
0.008261
0.003914
0.008468
0.000355
0.004323
0.005884
0.007703
0.009415
0.008286
0.005487
0.003336
0.000712
0.003788
0.008856
0.007186
0.004496
0.007228
0.001393
0.006359
0.006837
0.008850
0.009736
0.007799
0.003291
0.007094
0.009995
0.003128
0.005112
0.006265
0.002179
0.001281
0.004525
0.006083
0.009738
0.004871
0.000407
0.005622
0.002574
0.009811
0.003908
0.008051
0.003148
0.004610
0.001839
0.002003
0.001796
0.006325
0.009221
0.003179
0.002684
0.006058
0.002029
0.002420
0.003857
0.005309
0.009504
0.003852
0.008428
0.004615
0.000117
0.000607
0.005886
0.004632
0.006681
0.005624
0.009492
0.007077
0.001246
0.002067
0.006888
0.005144
0.000117
0.000036
0.009744
0.001946
0.002029
0.001540
0.008261
0.001251
0.004709
0.000946
0.007299
0.006728
0.003355
0.001156
0.002038
0.002859
0.004998
0.000465
0.007465
0.005105
0.001063
0.003351
0.009727
0.007733
0.008965
0.009219
0.004810
0.000212
0.001286
0.001699
0.005346
0.001393
0.001725
0.005090
0.003329
0.003745
0.006620
0.001591
0.004985
0.001329
0.002526
0.002284
0.008048
0.005872
0.003430
0.000085
0.008721
0.008418
0.000541
0.006186
0.003523
0.001593
0.009527
0.003250
0.009317
0.008492
0.002469
0.004127
0.008694
0.003745
0.005816
0.004040
0.005128
0.007531
0.009120
0.008447
0.001276
0.005740
0.000037
0.006251
0.007059
0.002553
0.008525
0.005107
0.008415
0.001956
0.005182
0.007136
0.000374
0.005713
0.003322
0.003887
0.007296
0.002849
0.007127
0.006613
0.001341
0.009586
0.000740
0.000034
0.003331
0.006546
0.004064
0.008449
0.004077
0.003184
0.006896
0.005342
0.008914
0.006923
0.001593
0.005973
0.009467
0.000119
0.001080
0.007882
0.002064
0.006252
0.005018
0.002429
0.001965
0.008329
0.006306
0.009251
0.001178
0.003433
0.005864
0.002509
0.003020
0.006594
0.002533
0.006341
0.003139
0.006587
0.004790
0.007206
0.009761
0.001686
0.002549
0.008675
0.008599
0.004132
0.004648
0.008066
0.004241
0.005718
0.005948
0.006295
0.001971
0.000966
0.008714
0.003926
0.009285
0.005020
0.003177
0.000463
0.008444
0.009031
0.002962
0.001463
0.005625
0.005485
0.007795
0.008754
0.002072
0.002585
0.005960
0.001833
0.004261
0.008499
0.000508
0.002860
0.002631
0.005146
0.000926
0.006862
0.000865
0.006864
0.003157
0.002825
0.007820
0.001871
0.006741
0.007105
0.006882
0.009909
0.007558
0.005325
0.008940
0.000520
0.006779
0.004565
0.005995
0.004573
0.003319
0.008057
0.007148
0.009269
0.009880
0.001409
0.007768
0.000388
0.004259
0.000399
0.005524
0.005176
0.007251
0.006378
0.002040
0.000408
0.009194
0.009850
0.002270
0.005935
0.006955
0.009141
0.005844
0.004514
0.004466
0.004783
0.005024
0.001245
0.009338
0.001019
0.005808
0.002656
0.009066
0.002956
0.001925
0.008945
0.004355
0.009683
0.009323
0.008605
0.000082
0.004847
0.003780
0.007322
0.001225
0.005810
0.007720
0.000418
0.005660
0.009980
0.006343
0.002615
0.009121
0.002187
0.007118
0.003587
0.006960
0.002142
0.004822
0.006298
0.003151
0.000630
0.008944
0.002217
0.003577
0.000869
0.001162
0.007922
0.000552
0.000485
0.006526
0.000624
0.005322
0.000306
0.007936
0.006536
0.006106
0.005656
0.006944
0.001766
0.005636
0.003287
0.004371
0.004756
0.005464
0.001489
0.008334
0.002424
0.003622
0.003155
0.008712
0.006763
0.003776
0.007656
0.008969
0.007342
0.008515
0.000131
0.005264
0.009057
0.000606
0.001790
0.009671
0.005918
0.002087
0.007607
0.002454
0.008183
0.003263
0.009388
0.009939
0.008889
0.002676
0.004310
0.003645
0.008130
0.005790
0.001979
0.000554
0.009401
0.005124
0.009255
0.006164
0.008890
0.006911
0.005133
0.006232
0.005427
0.005254
0.001496
0.004484
0.005851
0.003276
0.004155
0.001769
0.005353
0.001762
0.004213
0.003536
0.005015
0.003601
0.003475
0.003903
0.006267
0.007776
0.007538
0.004397
0.003565
0.009507
0.004940
0.002966
0.004631
0.004196
0.009120
0.003521
0.001107
0.004253
0.009743
0.006524
0.009498
0.001238
0.001008
0.005348
0.004505
0.005153
0.007107
0.009848
0.006905
0.001320
0.003384
0.001919
0.004911
0.006849
0.005813
0.001177
0.004625
0.003351
0.005564
0.008180
0.002858
0.000504
0.001147
0.007480
0.004690
0.000267
0.001000
0.005787
0.004510
0.000743
0.002311
0.004007
0.001972
0.003308
0.009346
0.006466
0.008451
0.006452
0.006314
0.005355
0.007762
0.009688
0.007265
0.002673
0.006537
0.003078
0.003840
0.001162
0.006419
0.009394
0.009332
0.009267
0.009888
0.000479
0.006747
0.004578
0.000736
0.007737
0.000365
0.005235
0.008470
0.002666
0.009233
0.000442
0.005964
0.008578
0.006898
0.004415
0.005031
0.003212
0.009761
0.002793
0.002899
0.007026
0.005455
0.009426
0.000103
0.009285
0.000588
0.006512
0.008679
0.009910
0.005779
0.008568
0.000389
0.002526
0.003146
0.001115
0.000263
0.003501
0.006340
0.008723
0.006157
0.005573
0.009154
0.002122
0.004151
0.006052
0.006527
0.009172
0.009254
0.006288
0.001965
0.002153
0.003314
0.007410
0.001579
0.003407
0.006696
0.002157
0.009909
0.005375
0.002068
0.005688
0.003943
0.002447
0.008203
0.007078
0.003552
0.008456
0.000580
0.009882
0.007179
0.006727
0.005455
0.006333
0.008839
0.009597
0.002385
0.005366
0.008769
0.001639
0.001654
0.000734
0.003782
0.004957
0.008134
0.005351
0.008354
0.004829
0.007499
0.008263
0.000204
0.009557
0.003951
0.004137
0.002004
0.002154
0.001215
0.005546
0.000610
0.001785
0.005428
0.007779
0.008502
0.000883
0.004112
0.007341
0.000479
0.006488
0.002706
0.009238
0.008117
0.004350
0.009962
0.001899
0.009297
0.008095
0.007240
0.007651
0.002925
0.004739
0.005914
0.003119
0.004296
0.009855
0.007246
0.006289
0.002009
0.008451
0.001835
0.002609
0.000236
0.007253
0.000388
0.008728
0.008125
0.004490
0.006068
0.008595
0.000978
0.008765
0.007833
0.009084
0.003115
0.007794
0.000983
0.002412
0.005890
0.008214
0.000063
0.008804
0.002953
0.005968
0.001923
0.007239
0.005822
0.009159
0.003528
0.007821
0.007611
0.005353
0.000430
0.007837
0.002605
0.000808
0.006564
0.000731
0.005288
0.002633
0.009316
0.006255
0.001398
0.007148
0.005340
0.004502
0.004943
0.006313
0.006904
0.000833
0.004527
0.006958
0.009627
0.007470
0.002925
0.001551
0.004708
0.008738
0.000710
0.008226
0.006559
0.008311
0.003579
0.006979
0.006147
0.006174
0.007777
0.002711
0.006894
0.003064
0.005334
0.006210
0.009309
0.006722
0.003358
0.004649
0.001224
0.008291
0.000962
0.008118
0.009114
0.005479
0.005076
0.008741
0.002949
0.007992
0.000292
0.007647
0.006730
0.000992
0.005873
0.003289
0.009292
0.009442
0.000268
0.005439
0.005616
0.008034
0.008141
0.002511
0.001099
0.003475
0.008711
0.000408
0.000197
0.002069
0.005047
0.001411
0.000360
0.006000
0.009520
0.009465
0.001479
0.004596
0.008206
0.004418
0.002588
0.008488
0.002065
0.009307
0.009470
0.007929
0.002596
0.008762
0.007371
0.002854
0.004202
0.002987
0.000888
0.002343
0.005487
0.001977
0.005808
0.004198
0.002375
0.005995
0.006257
0.007412
0.007396
0.006607
0.003412
0.006916
0.006072
0.004881
0.001512
0.004278
0.009289
0.004090
0.002765
0.001354
0.003397
0.002235
0.009272
0.005983
0.000997
0.006643
0.008827
0.005189
0.009620
0.009705
0.007521
0.005107
0.001682
0.003329
0.009296
0.004047
0.009314
0.005553
0.001459
0.006711
0.002160
0.004861
0.003627
0.008222
0.009732
0.005129
0.002500
0.009020
0.009209
0.005255
0.000374
0.002606
0.007481
0.009636
0.008579
0.008468
0.006279
0.007406
0.003656
0.005899
0.007111
0.001178
0.001007
0.008783
0.004497
0.000302
0.002830
0.003811
0.005845
0.004279
0.000521
0.007995
0.009130
0.004138
0.006217
0.008862
0.009257
0.008707
0.007883
0.008466
0.003963
0.008247
0.001073
0.001443
0.007883
0.009642
0.009901
0.004163
0.007048
0.003557
0.000062
0.004160
0.004725
0.001059
0.002943
0.009211
0.001352
0.005763
0.003022
0.007187
0.000042
0.003534
0.005182
0.009162
0.007662
0.001399
0.008024
0.006920
0.000106
0.005907
0.005386
0.004059
0.004154
0.006449
0.005492
0.002037
0.006091
0.005393
0.006190
0.003139
0.008940
0.006242
0.007289
0.003665
0.007291
0.000232
0.002876
0.008633
0.005984
0.005888
0.005819
0.006016
0.009412
0.001001
0.005178
0.007074
0.002390
0.003202
0.003994
0.002486
0.009099
0.009370
0.006535
0.003253
0.005818
0.002027
0.005280
0.001909
0.007409
0.001470
0.005039
0.006349
0.007702
0.002328
0.000014
0.004994
0.002550
0.002880
0.003626
0.008524
0.008758
0.009435
0.004540
0.008170
0.000436
0.009708
0.005244
0.002816
0.002910
0.009228
0.005293
0.002010
0.008598
0.001827
0.005253
0.004416
0.003844
0.000533
0.006315
0.001254
0.001994
0.001354
0.007593
0.009686
0.003672
0.007597
0.004680
0.006211
0.000476
0.008296
0.004735
0.009224
0.007731
0.009265
0.007395
0.008157
0.008973
0.002639
0.000974
0.001883
0.001867
0.006256
0.003883
0.000465
0.008074
0.009125
0.004871
0.001918
0.009649
0.001186
0.003162
0.001642
0.002530
0.000755
0.001328
0.006191
0.008341
0.005998
0.002403
0.008808
0.004293
0.007127
0.008032
0.002024
0.006392
0.005426
0.000182
0.005365
0.008055
0.001145
0.007238
0.009912
0.007392
0.001121
0.000377
0.005465
0.000246
0.005238
0.007373
0.009885
0.006413
0.000535
0.001527
0.008933
0.001279
0.002845
0.005125
0.009611
0.008833
0.007517
0.008418
0.003126
0.004645
0.006450
0.005141
0.001037
0.001877
0.005312
0.006392
0.009922
0.006448
0.003631
0.009834
0.003840
0.004742
0.000211
0.009295
0.004978
0.005439
0.006668
0.004862
0.001852
0.007193
0.006379
0.000785
0.008462
0.009214
0.005900
0.008073
0.008047
0.003418
0.006491
0.001173
0.008052
0.002942
0.006304
0.009079
0.004808
0.001617
0.005472
0.004730
0.008054
0.009093
0.004565
0.001894
0.003834
0.004766
0.001189
0.008802
0.000204
0.007847
0.003664
0.002046
0.005040
0.000044
0.002822
0.003502
0.009248
0.008712
0.001575
0.007295
0.002130
0.008056
0.008459
0.000182
0.000998
0.004763
0.009251
0.005797
0.006370
0.004723
0.000527
0.004424
0.003816
0.005082
0.006308
0.007640
0.009838
0.007486
0.006442
0.000042
0.005333
0.000106
0.002078
0.000373
0.000140
0.004890
0.003865
0.009378
0.003602
0.005430
0.006673
0.005722
0.003486
0.005132
0.005894
0.004475
0.009885
0.005145
0.000271
0.006255
0.009858
0.000788
0.000679
0.003674
0.005860
0.006976
0.001314
0.005697
0.004463
0.007746
0.005729
0.009786
0.007842
0.007798
0.000159
0.007972
0.002688
0.004014
0.007350
0.006280
0.009434
0.004023
0.002002
0.002920
0.009145
0.007886
0.007385
0.009030
0.003031
0.007646
0.005285
0.002889
0.008424
0.005953
0.006554
0.004284
0.002929
0.007858
0.009972
0.007382
0.005604
0.005701
0.007168
0.003446
0.003499
0.007317
0.001417
0.006176
0.001331
0.008757
0.002457
0.000764
0.002780
0.004448
0.003674
0.001925
0.002334
0.001059
0.000955
0.005355
0.008695
0.006229
0.008234
0.007120
0.002182
0.004788
0.001404
0.005102
0.002646
0.001375
0.002484
0.008239
0.007066
0.009642
0.001685
0.000565
0.006959
0.003093
0.006731
0.008280
0.001849
0.009178
0.009034
0.004619
0.003626
0.002709
0.006534
0.005950
0.003758
0.007478
0.001306
0.002453
0.003708
0.009530
0.009563
0.005880
0.004318
0.000966
0.000982
0.006954
0.002332
0.003456
0.005193
0.009388
0.003098
0.006868
0.009943
0.000057
0.009951
0.006674
0.008327
0.001801
0.005852
0.007361
0.006410
0.009468
0.000070
0.002943
0.005418
0.003817
0.000422
0.006714
0.006261
0.004119
0.006244
0.005823
0.009989
0.000562
0.006780
0.000971
0.007506
0.009101
0.004417
0.002699
0.008489
0.007505
0.009557
0.008432
0.007552
0.009508
0.005106
0.005879
0.001309
0.000957
0.003240
0.007709
0.000425
0.003300
0.000652
0.005833
0.007107
0.001064
0.002547
0.003368
0.005173
0.008781
0.009181
0.005163
0.009332
0.005961
0.006124
0.006838
0.005062
0.000541
0.009527
0.003552
0.008036
0.009084
0.001984
0.005588
0.008593
0.007080
0.001467
0.009892
0.008027
0.004697
0.007600
0.008442
0.007987
0.008242
0.004275
0.005094
0.009296
0.006812
0.008452
0.004470
0.005593
0.007634
0.009622
0.004925
0.003595
0.005746
0.001763
0.008647
0.006276
0.001290
0.002199
0.004312
0.000375
0.004172
0.009890
0.008958
0.001252
0.001357
0.008849
0.009269
0.006045
0.006450
0.007711
0.004032
0.004692
0.001986
0.009116
0.003989
0.008788
0.007569
0.008448
0.004381
0.005202
0.008070
0.009296
0.008787
0.003816
0.001060
0.007434
0.000092
0.002340
0.009623
0.004395
0.002705
0.003796
0.004285
0.001662
0.005038
0.005632
0.000512
0.004306
0.001677
0.006952
0.002017
0.005699
0.001644
0.003993
0.004815
0.005622
0.002781
0.002384
0.004071
0.007152
0.007576
0.002141
0.006449
0.006364
0.005947
0.007498
0.003798
0.006029
0.009829
0.003421
0.000424
0.002533
0.007206
0.004699
0.004186
0.002244
0.000331
0.004688
0.006540
0.001998
0.001639
0.008547
0.007687
0.003273
0.002541
0.002502
0.008885
0.005312
0.004876
0.002956
0.002465
0.002453
0.005087
0.008903
0.008806
0.001034
0.006402
0.002604
0.007053
0.006231
0.006015
0.007467
0.008754
0.003221
0.002166
0.002940
0.005455
0.002487
0.007618
0.001995
0.004475
0.009247
0.000543
0.002162
0.002520
0.003073
0.004654
0.001406
0.008375
0.009521
0.004352
0.000840
0.001973
0.009428
0.009734
0.000780
0.000462
0.006136
0.003374
0.007505
0.002366
0.009379
0.004971
0.001120
0.002600
0.007127
0.004050
0.008045
0.009604
0.001668
0.000040
0.004079
0.000915
0.000572
0.006231
0.003425
0.003636
0.000885
0.004820
0.002011
0.000406
0.009162
0.002841
0.002369
0.008590
0.002575
0.003139
0.009042
0.008700
0.006503
0.006547
0.001067
0.005882
0.001518
0.002177
0.008472
0.008635
0.006217
0.006516
0.008239
0.007875
0.006546
0.002318
0.008779
0.007109
0.008539
0.002204
0.000744
0.009414
0.007014
0.002745
0.009810
0.006176
0.005576
0.002179
0.004767
0.008141
0.005308
0.003809
0.006841
0.001811
0.000355
0.007898
0.007683
0.001864
0.000075
0.006154
0.000499
0.006282
0.002671
0.008728
0.004156
0.009207
0.001046
0.002935
0.006315
0.009575
0.005130
0.007049
0.008988
0.002144
0.009785
0.008798
0.008310
0.005361
0.000977
0.003077
0.003502
0.006275
0.006875
0.000343
0.008077
0.007221
0.008231
0.005760
0.009075
0.008296
0.001914
0.009563
0.004578
0.004575
0.008292
0.008724
0.003781
0.009327
0.001659
0.000097
0.008902
0.006779
0.007136
0.007890
0.008913
0.006921
0.006689
0.007223
0.002282
0.007656
0.000300
0.005774
0.003931
0.007165
0.006107
0.002008
0.004386
0.004338
0.007757
0.003460
0.002634
0.009661
0.003024
0.007202
0.004236
0.001315
0.005926
0.008007
0.000643
0.007575
0.008094
0.009535
0.004354
0.005230
0.007425
0.003266
0.002151
0.004113
0.000489
0.004423
0.001769
0.000779
0.000196
0.005690
0.007934
0.006293
0.007688
0.002319
0.000631
0.005446
0.005770
0.003256
0.005107
0.008783
0.000458
0.009333
0.000099
0.006373
0.007341
0.000731
0.003948
0.005435
0.000266
0.008292
0.000665
0.007681
0.001558
0.002806
0.001794
0.002037
0.007218
0.003553
0.002806
0.007404
0.009234
0.000739
0.003697
0.006922
0.003048
0.004319
0.002368
0.008808
0.007564
0.007466
0.007591
0.008012
0.006799
0.007680
0.004385
0.004139
0.008401
0.008323
0.009564
0.008657
0.006615
0.000229
0.006338
0.008162
0.003024
0.008122
0.000199
0.000243
0.001676
0.002995
0.007637
0.000910
0.003724
0.001334
0.007822
0.006763
0.005643
0.000190
0.005571
0.003207
0.007646
0.003162
0.001219
0.004445
0.000842
0.005593
0.008574
0.009234
0.003916
0.008138
0.007891
0.000531
0.008357
0.004229
0.008683
0.001381
0.002351
0.008873
0.001614
0.004017
0.001868
0.009241
0.004917
0.005582
0.000575
0.002739
0.002345
0.006208
0.002919
0.007906
0.009405
0.000565
0.001068
0.000624
0.005000
0.001900
0.006207
0.003574
0.001134
0.000123
0.001712
0.009014
0.000644
0.000069
0.003243
0.009317
0.001441
0.005584
0.008190
0.003044
0.009591
0.000058
0.002285
0.004508
0.005630
0.002851
0.007237
0.007965
0.009049
0.000156
0.005870
0.008454
0.000711
0.006928
0.009067
0.005701
0.008818
0.005275
0.009265
0.009942
0.005388
0.000978
0.008956
0.006022
0.001037
0.002200
0.005340
0.002467
0.007774
0.003530
0.005502
0.007365
0.003577
0.007777
0.001873
0.009197
0.000628
0.009100
0.007162
0.009667
0.009245
0.003032
0.008120
0.009946
0.009950
0.007188
0.005647
0.008769
0.002462
0.004912
0.008710
0.007840
0.005880
0.007667
0.003863
0.006907
0.009857
0.009192
0.009364
0.007631
0.002722
0.004866
0.004996
0.006289
0.002643
0.006859
0.005487
0.003261
0.005958
0.002649
0.002928
0.005204
0.005671
0.001048
0.005150
0.005621
0.008226
0.000797
0.004390
0.000688
0.005700
0.003100
0.008518
0.001580
0.000767
0.002381
0.008476
0.000623
0.001573
0.007841
0.008244
0.004285
0.002706
0.003240
0.000574
0.005340
0.000098
0.006051
0.008591
0.006047
0.008689
0.001518
0.001250
0.004360
0.002556
0.006390
0.009971
0.000782
0.007178
0.004361
0.001460
0.002877
0.007451
0.009968
0.004447
0.008208
0.002349
0.002923
0.008821
0.003912
0.000764
0.007065
0.008187
0.003460
0.000304
0.008752
0.008790
0.000393
0.004803
0.007380
0.006429
0.003492
0.008888
0.007670
0.007842
0.001444
0.004060
0.007813
0.002216
0.001238
0.002174
0.003666
0.004105
0.009615
0.003634
0.008542
0.007822
0.005973
0.001465
0.006643
0.009875
0.002218
0.003708
0.008063
0.005668
0.004002
0.006814
0.004458
0.004385
0.001617
0.001838
0.000814
0.005099
0.000727
0.008474
0.002941
0.002161
0.002535
0.000755
0.004367
0.003763
0.002919
0.008023
0.007858
0.002534
0.001657
0.006400
0.000356
0.007620
0.007854
0.006990
0.007496
0.000073
0.000698
0.005558
0.005731
0.004690
0.002373
0.000189
0.009065
0.003980
0.002018
0.009869
0.009069
0.002734
0.008343
0.002010
0.004886
0.000878
0.002755
0.009243
0.004631
0.005665
0.007266
0.002488
0.008189
0.008913
0.008878
0.008535
0.006533
0.006732
0.005524
0.004029
0.006795
0.006212
0.009577
0.002526
0.000902
0.001950
0.002706
0.009956
0.005920
0.004713
0.009826
0.004989
0.007438
0.008169
0.006989
0.002324
0.009037
0.009735
0.001567
0.003668
0.005399
0.008823
0.006146
0.003588
0.007736
0.005024
0.002123
0.004270
0.001757
0.007637
0.008289
0.008542
0.003849
0.007866
0.001069
0.004741
0.009806
0.003764
0.004697
0.005726
0.008468
0.004523
0.000715
0.005905
0.002692
0.007695
0.008219
0.001729
0.007429
0.009776
0.005387
0.002829
0.008599
0.001533
0.006407
0.006335
0.006548
0.008519
0.000605
0.008294
0.006157
0.008883
0.006836
0.009996
0.006750
0.007895
0.004737
0.006556
0.001659
0.009424
0.002282
0.000127
0.003947
0.002987
0.006022
0.006629
0.000682
0.004241
0.008348
0.008101
0.004017
0.003735
0.000930
0.002616
0.005258
0.007327
0.008941
0.001806
0.005846
0.009535
0.000100
0.002003
0.008419
0.006927
0.001999
0.005168
0.004822
0.006725
0.001724
0.006471
0.006149
0.003996
0.006588
0.000097
0.006973
0.002611
0.006716
0.007645
0.006842
0.005064
0.005746
0.000859
0.008789
0.006666
0.003465
0.004048
0.003992
0.002406
0.005843
0.009828
0.001941
0.005934
0.001831
0.000360
0.002861
0.003819
0.005518
0.007672
0.000545
0.007232
0.004144
0.006684
0.001229
0.000732
0.006771
0.008192
0.003332
0.003486
0.005836
0.000175
0.008541
0.001582
0.001024
0.007330
0.008238
0.004479
0.001377
0.002230
0.006875
0.007211
0.002058
0.008806
0.003145
0.003879
0.009156
0.005995
0.007688
0.004674
0.003667
0.008223
0.001907
0.007801
0.004907
0.003125
0.008523
0.001678
0.001317
0.001855
0.005154
0.007143
0.002020
0.003695
0.008716
0.003034
0.001025
0.006953
0.007503
0.002392
0.009173
0.004378
0.009593
0.001231
0.003184
0.002737
0.005100
0.002340
0.008723
0.002788
0.007005
0.002390
0.001011
0.008901
0.000191
0.005909
0.002027
0.008704
0.007576
0.003334
0.000559
0.002731
0.000477
0.002569
0.006415
0.009183
0.005592
0.007430
0.006137
0.003095
0.009812
0.005310
0.007463
0.009405
0.006531
0.000646
0.002142
0.001631
0.002976
0.000864
0.004410
0.009971
0.003244
0.005411
0.008872
0.003425
0.001320
0.000899
0.002129
0.008886
0.004223
0.002678
0.001617
0.004691
0.005236
0.008022
0.003874
0.000828
0.005452
0.000010
0.003913
0.005264
0.005310
0.001376
0.004668
0.001841
0.002012
0.006800
0.003463
0.004979
0.007654
0.007862
0.004950
0.000899
0.003274
0.003822
0.004314
0.004583
0.004711
0.006433
0.003469
0.008925
0.009101
0.005076
0.003615
0.004337
0.003098
0.007479
0.005156
0.008540
0.007479
0.009059
0.003803
0.002789
0.000435
0.008461
0.004620
0.002438
0.005261
0.008073
0.007406
0.002916
0.005935
0.002356
0.003804
0.009199
0.006169
0.008109
0.003782
0.000880
0.004542
0.007241
0.009795
0.003643
0.002318
0.003410
0.007970
0.005406
0.000889
0.003126
0.003945
0.008358
0.002185
0.007739
0.001146
0.002610
0.006200
0.005757
0.005038
0.001461
0.003829
0.002444
0.004367
0.009754
0.004791
0.008161
0.008953
0.000959
0.006270
0.002735
0.001829
0.000812
0.009966
0.001624
0.004444
0.002284
0.005024
0.002414
0.007679
0.005903
0.005530
0.001624
0.004260
0.007705
0.009353
0.005397
0.000315
0.005553
0.001153
0.005343
0.007005
0.004972
0.007777
0.001372
0.004726
0.002567
0.009523
0.003679
0.003517
0.005793
0.006403
0.005336
0.006595
0.006369
0.006950
0.001039
0.008643
0.001974
0.003443
0.006322
0.007866
0.008963
0.007936
0.002127
0.006668
0.007289
0.007513
0.006973
0.002843
0.008656
0.002316
0.009837
0.003629
0.000092
0.001209
0.008345
0.002650
0.000732
0.002024
0.006156
0.006515
0.008417
0.001492
0.003110
0.004786
0.008432
0.004139
0.003429
0.000406
0.007572
0.009740
0.008263
0.006536
0.007677
0.000389
0.003204
0.004966
0.007892
0.000177
0.007799
0.006549
0.002482
0.007636
0.000177
0.002565
0.008835
0.008512
0.005205
0.009557
0.000536
0.001361
0.006073
0.008943
0.002843
0.009173
0.003729
0.001276
0.003312
0.007147
0.001672
0.000884
0.006888
0.009924
0.007410
0.004564
0.000313
0.000613
0.009521
0.008196
0.000780
0.007320
0.004745
0.003252
0.004956
0.004912
0.005807
0.003791
0.003425
0.001012
0.003349
0.003950
0.002363
0.009411
0.002893
0.005196
0.008584
0.006611
0.006462
0.001896
0.003759
0.008124
0.002769
0.000646
0.008048
0.000179
0.005201
0.008351
0.000782
0.004721
0.006547
0.001552
0.002041
0.001292
0.004795
0.006987
0.006194
0.000602
0.000779
0.009609
0.001604
0.004118
0.003559
0.003957
0.003529
0.006442
0.009144
0.002113
0.003053
0.005606
0.003998
0.006802
0.003729
0.006758
0.007438
0.001777
0.006927
0.002639
0.000128
0.007699
0.007350
0.006666
0.009242
0.009382
0.007947
0.004037
0.006369
0.004142
0.004629
0.007138
0.003750
0.006223
0.001256
0.007299
0.000180
0.004774
0.003741
0.009314
0.006877
0.006785
0.004920
0.000876
0.003587
0.008639
0.007623
0.001025
0.000417
0.004550
0.003654
0.000535
0.002250
0.001005
0.007191
0.001491
0.000387
0.005138
0.005518
0.006746
0.009270
0.000147
0.003884
0.003020
0.006360
0.005129
0.000320
0.006530
0.009894
0.004051
0.005845
0.006771
0.000836
0.000765
0.007636
0.004413
0.009394
0.005260
0.005428
0.009801
0.009800
0.009072
0.000336
0.002050
0.000077
0.007516
0.003531
0.000454
0.002655
0.009039
0.007189
0.001925
0.009176
0.001073
0.004935
0.005535
0.006192
0.005245
0.002066
0.006086
0.009286
0.007900
0.002857
0.000122
0.008655
0.000493
0.004525
0.008049
0.005743
0.009943
0.007849
0.005543
0.009015
0.008175
0.007582
0.009082
0.005691
0.001113
0.009526
0.008336
0.000152
0.006716
0.000261
0.009317
0.007779
0.005186
0.004853
0.003971
0.000430
0.006908
0.000056
0.009706
0.004808
0.002903
0.009818
0.003463
0.003386
0.004342
0.001512
0.009119
0.004285
0.009351
0.004661
0.003300
0.007526
0.002243
0.002382
0.003217
0.003346
0.001908
0.001554
0.003488
0.008614
0.001804
0.002805
0.006393
0.006980
0.007648
0.000363
0.007400
0.004556
0.000410
0.007106
0.009355
0.003303
0.006924
0.002818
0.006679
0.001266
0.004320
0.005797
0.005541
0.003671
0.000459
0.008831
0.001197
0.002692
0.001213
0.004404
0.006029
0.003111
0.005947
0.009507
0.001725
0.007742
0.002312
0.008108
0.004722
0.009950
0.008461
0.002122
0.004506
0.008861
0.009218
0.003861
0.002164
0.006142
0.006669
0.008833
0.007398
0.000988
0.004630
0.002938
0.004649
0.005079
0.001769
0.005836
0.007761
0.002972
0.000240
0.003790
0.006073
0.006177
0.003296
0.007789
0.003919
0.005598
0.005897
0.008630
0.005548
0.004358
0.000752
0.000054
0.003219
0.009961
0.003905
0.005373
0.006103
0.000574
0.004205
0.003500
0.001552
0.008825
0.006428
0.006191
0.003904
0.008187
0.002027
0.001665
0.001159
0.002256
0.005444
0.007222
0.008423
0.008731
0.005011
0.002342
0.004329
0.000908
0.000972
0.009867
0.005256
0.001715
0.009911
0.008465
0.001675
0.003816
0.003837
0.007768
0.004380
0.008033
0.001268
0.005922
0.006858
0.007686
0.002113
0.000762
0.005874
0.004130
0.002417
0.007023
0.006376
0.007851
0.004245
0.004799
0.006581
0.009246
0.007131
0.000910
0.000154
0.008093
0.000777
0.005399
0.009798
0.000689
0.003864
0.001473
0.004495
0.007691
0.009231
0.008865
0.005724
0.000499
0.004788
0.002582
0.008176
0.006891
0.003333
0.004050
0.001021
0.005740
0.001072
0.007387
0.003591
0.005307
0.002186
0.000172
0.004553
0.009307
0.001073
0.004697
0.007401
0.001840
0.000096
0.007199
0.002519
0.003950
0.008662
0.007004
0.001641
0.007893
0.005869
0.007355
0.008383
0.000657
0.009927
0.006559
0.007537
0.003260
0.000608
0.008548
0.008990
0.001670
0.005935
0.002580
0.006968
0.008111
0.002743
0.001521
0.007419
0.003805
0.006208
0.004819
0.005635
0.006294
0.002018
0.008144
0.000244
0.000680
0.005147
0.001875
0.008563
0.001016
0.009220
0.006945
0.001663
0.009147
0.003504
0.009190
0.002407
0.004102
0.007739
0.001397
0.005763
0.003674
0.003967
0.002730
0.001785
0.006700
0.004241
0.009194
0.000505
0.000449
0.004013
0.006129
0.006733
0.006020
0.004273
0.006967
0.006690
0.009410
0.008832
0.005253
0.000426
0.008053
0.002198
0.002079
0.007200
0.005692
0.001270
0.009597
0.009784
0.008998
0.000994
0.005547
0.002672
0.004951
0.008267
0.004447
0.001650
0.002509
0.003641
0.002145
0.002948
0.007643
0.008264
0.009671
0.003663
0.002537
0.006638
0.000353
0.001947
0.005471
0.005596
0.002364
0.003523
0.007784
0.004433
0.000723
0.003476
0.005693
0.000320
0.003260
0.004691
0.001304
0.008797
0.007353
0.006244
0.007065
0.001800
0.007885
0.009563
0.005430
0.000029
0.002511
0.003073
0.008283
0.002182
0.006727
0.000820
0.008810
0.007070
0.002757
0.004281
0.002666
0.005111
0.007794
0.000450
0.009534
0.008508
0.003916
0.005227
0.008818
0.007166
0.009908
0.000122
0.005964
0.007261
0.006356
0.003028
0.009050
0.004241
0.002592
0.004481
0.004260
0.005093
0.007544
0.002543
0.007265
0.004271
0.003353
0.006075
0.001341
0.006100
0.000356
0.003997
0.001211
0.008140
0.004437
0.000746
0.006647
0.008343
0.005962
0.005465
0.005509
0.005870
0.005577
0.001473
0.003131
0.001933
0.004491
0.002181
0.006163
0.007073
0.006652
0.000423
0.002166
0.004196
0.002956
0.009421
0.008457
0.006299
0.005496
0.009788
0.002399
0.005841
0.003784
0.003600
0.003981
0.008211
0.004336
0.000628
0.006554
0.000298
0.006083
0.002063
0.006159
0.001660
0.003526
0.009279
0.003583
0.008007
0.001460
0.009736
0.005080
0.008102
0.000159
0.007236
0.002298
0.003104
0.006656
0.000754
0.009393
0.002152
0.000542
0.001792
0.007983
0.004316
0.005382
0.001964
0.002527
0.009709
0.002583
0.009071
0.009997
0.008656
0.001134
0.006156
0.000316
0.004650
0.005435
0.003889
0.002657
0.006886
0.003625
0.007728
0.004988
0.003774
0.004963
0.007275
0.006868
0.001620
0.008020
0.006261
0.003762
0.008552
0.008043
0.001745
0.002868
0.003425
0.003699
0.005385
0.003134
0.006272
0.004457
0.003131
0.004928
0.005581
0.009277
0.005234
0.000231
0.004712
0.009113
0.002879
0.001597
0.002738
0.000606
0.006575
0.006502
0.005560
0.003851
0.003370
0.007170
0.001870
0.009620
0.000931
0.000422
0.007663
0.002667
0.003280
0.001089
0.006356
0.008655
0.004213
0.002628
0.003111
0.007334
0.007546
0.008683
0.006610
0.002781
0.008904
0.001322
0.001894
0.001783
0.002910
0.004622
0.002379
0.009475
0.001123
0.007929
0.003326
0.004483
0.005098
0.005186
0.004103
0.006019
0.005598
0.001767
0.008676
0.008867
0.002845
0.005032
0.007522
0.007048
0.007650
0.000633
0.004382
0.005196
0.009306
0.000992
0.007967
0.008210
0.002305
0.009851
0.009982
0.005205
0.004473
0.002361
0.004680
0.005586
0.000290
0.007995
0.000069
0.005378
0.003181
0.004163
0.001397
0.008769
0.005920
0.000073
0.007636
0.008755
0.005095
0.005158
0.005803
0.002746
0.005781
0.000185
0.007932
0.005087
0.001167
0.005899
0.003297
0.003462
0.005750
0.003279
0.008657
0.000223
0.005630
0.003337
0.005799
0.005910
0.001332
0.005859
0.001288
0.004503
0.000021
0.002675
0.003272
0.005931
0.002739
0.000907
0.004686
0.007824
0.006055
0.000489
0.000570
0.001836
0.000664
0.008492
0.006913
0.001821
0.004391
0.000209
0.005274
0.000141
0.003478
0.003931
0.000354
0.009099
0.007257
0.006143
0.005009
0.008579
0.002002
0.006287
0.003082
0.002013
0.008953
0.006344
0.007934
0.001692
0.007241
0.002620
0.009506
0.003296
0.003098
0.000075
0.005122
0.003753
0.008557
0.002034
0.005564
0.002948
0.002234
0.000838
0.003079
0.005702
0.004758
0.003423
0.004801
0.002016
0.009556
0.009800
0.000595
0.001557
0.006087
0.003667
0.003560
0.005040
0.000011
0.001494
0.006722
0.007243
0.004103
0.006227
0.000539
0.007192
0.006293
0.005651
0.000944
0.004850
0.007675
0.006498
0.007788
0.009899
0.007326
0.000867
0.005601
0.002084
0.004280
0.000402
0.004090
0.003835
0.000202
0.004675
0.005383
0.006279
0.008332
0.008933
0.001319
0.008333
0.000427
0.008031
0.005576
0.004520
0.004258
0.006105
0.001712
0.000551
0.001755
0.002646
0.005391
0.009420
0.009135
0.003179
0.009319
0.006461
0.004036
0.004920
0.008535
0.008305
0.005311
0.002625
0.002141
0.005503
0.007290
0.007513
0.001782
0.005622
0.006446
0.003091
0.003956
0.006863
0.001122
0.009522
0.001383
0.005370
0.005627
0.003084
0.005911
0.007372
0.005721
0.001302
0.006792
0.004855
0.004471
0.006111
0.001316
0.008496
0.001031
0.009841
0.006802
0.006332
0.002466
0.008932
0.001836
0.009746
0.006446
0.003608
0.005368
0.002892
0.006689
0.009314
0.009745
0.007801
0.008836
0.001127
0.003171
0.004463
0.004202
0.009072
0.001835
0.009912
0.000373
0.008617
0.004767
0.004834
0.004728
0.006073
0.003330
0.005749
0.005914
0.000132
0.002082
0.008369
0.009054
0.003907
0.008116
0.005500
0.007505
0.003484
0.008382
0.004194
0.002798
0.008127
0.001995
0.001635
0.009244
0.005155
0.006088
0.003446
0.004227
0.007913
0.003358
0.004590
0.006530
0.008115
0.009414
0.001258
0.004188
0.002744
0.006997
