0.000102
0.002866
0.009069
0.008461
0.001920
0.002977
0.006577
0.007410
0.000482
0.000061
0.005792
0.004665
0.002849
0.003918
0.006650
0.004474
0.003162
0.001806
0.000562
0.006597
0.006023
0.008464
0.009945
0.000613
0.004994
0.008060
0.000027
0.006242
0.002248
0.002761
0.003240
0.002340
0.005616
0.002309
0.000801
0.007526
0.005275
0.007367
0.004936
0.005747
0.007418
0.000727
0.000412
0.000267
0.004635
0.007053
0.004731
0.007787
0.008848
0.005282
0.004384
0.004871
0.003746
0.004330
0.005473
0.008731
0.002390
0.005490
0.004973
0.004628
0.008241
0.008203
0.006958
0.003857
0.000512
0.007748
0.001383
0.005777
0.005116
0.006308
0.001524
0.002533
0.007026
0.001927
0.002790
0.001661
0.008969
0.007511
0.009438
0.007817
0.002793
0.003822
0.002688
0.006529
0.008142
0.008151
0.005260
0.000532
0.003641
0.000233
0.005149
0.001882
0.008425
0.002107
0.005729
0.008927
0.009845
0.007102
0.004704
0.004961
0.003410
0.006218
0.007484
0.000436
0.008134
0.000275
0.002086
0.007104
0.007775
0.001524
0.004921
0.000569
0.005337
0.007599
0.007088
0.003478
0.005750
0.002348
0.004000
0.009382
0.002571
0.009139
0.001264
0.000996
0.001246
0.006982
0.009913
0.001091
0.004084
0.004617
0.006042
0.007484
0.000835
0.003526
0.007909
0.008959
0.003791
0.009986
0.006063
0.001566
0.001510
0.000984
0.002125
0.006837
0.008572
0.009203
0.000315
0.004323
0.001551
0.004305
0.003704
0.004111
0.003444
0.004958
0.005098
0.004680
0.001940
0.005010
0.005762
0.006014
0.009617
0.001804
0.003498
0.000452
0.005320
0.001407
0.009401
0.009101
0.001393
0.005464
0.000667
0.002893
0.006438
0.002782
0.009720
0.005010
0.001984
0.000036
0.009323
0.003525
0.004331
0.003027
0.007626
0.007765
0.007975
0.002724
0.002446
0.009905
0.007724
0.008197
0.005919
0.007342
0.009991
0.009407
0.007784
0.005311
0.000814
0.007185
0.004412
0.002197
0.002649
0.005069
0.005080
0.009077
0.007840
0.004801
0.004087
0.009814
0.004826
0.003410
0.003339
0.009147
0.006427
0.000966
0.006912
0.004402
0.003679
0.009347
0.004307
0.001404
0.007545
0.000225
0.008735
0.007536
0.009622
0.006519
0.002847
0.000436
0.003704
0.007249
0.002623
0.006344
0.002317
0.007693
0.005421
0.000157
0.002494
0.009498
0.009962
0.007310
0.002908
0.003301
0.006456
0.009325
0.004257
0.003368
0.003726
0.007926
0.002716
0.008023
0.009320
0.000260
0.008238
0.008056
0.007786
0.007860
0.004575
0.000633
0.008286
0.008269
0.007871
0.000909
0.004613
0.000189
0.008592
0.000034
0.000336
0.001085
0.009522
0.000298
0.008385
0.002429
0.003589
0.004842
0.001754
0.007836
0.008200
0.005470
0.005763
0.000915
0.003493
0.005083
0.001166
0.001732
0.003139
0.008942
0.009582
0.007704
0.009565
0.007869
0.005973
0.007436
0.008767
0.000586
0.007615
0.007359
0.000610
0.007941
0.008435
0.000132
0.008229
0.006820
0.002551
0.001818
0.001661
0.004295
0.009645
0.009851
0.009755
0.005408
0.000767
0.003249
0.000491
0.001922
0.004970
0.003620
0.000864
0.004553
0.001324
0.000429
0.002421
0.007287
0.007855
0.001189
0.007863
0.005469
0.008538
0.008464
0.003410
0.006973
0.008585
0.001639
0.003793
0.001136
0.003447
0.005444
0.005421
0.003092
0.005295
0.005176
0.008490
0.006052
0.008415
0.008971
0.007964
0.003385
0.002591
0.008818
0.007928
0.003905
0.009237
0.000350
0.001192
0.007092
0.001528
0.009045
0.002561
0.000067
0.007509
0.005961
0.007029
0.006094
0.007590
0.000822
0.007220
0.001037
0.006256
0.002641
0.004119
0.001551
0.007808
0.002609
0.007593
0.006223
0.001579
0.005557
0.009598
0.004160
0.004376
0.007526
0.008055
0.003613
0.007866
0.009236
0.000704
0.009384
0.008282
0.003255
0.009441
0.005790
0.009206
0.006470
0.001884
0.006796
0.007282
0.009095
0.007823
0.003538
0.001736
0.001941
0.005080
0.009534
0.004540
0.002673
0.005757
0.006109
0.008220
0.005355
0.000269
0.002596
0.002881
0.008314
0.006199
0.000747
0.007550
0.006893
0.000132
0.005832
0.000148
0.009563
0.001623
0.009344
0.006033
0.003497
0.006140
0.003315
0.002592
0.003963
0.006844
0.004317
0.005894
0.001924
0.003851
0.000434
0.004586
0.009598
0.006533
0.002806
0.004952
0.006792
0.005392
0.007824
0.005106
0.001591
0.008561
0.002657
0.008474
0.008682
0.008479
0.008612
0.008245
0.000101
0.007956
0.004278
0.003588
0.004096
0.007583
0.006170
0.008049
0.004427
0.000487
0.003943
0.006341
0.004328
0.004367
0.000927
0.003926
0.000900
0.003724
0.008869
0.007682
0.009106
0.006692
0.002788
0.000697
0.005253
0.005435
0.009160
0.003935
0.003913
0.007772
0.002180
0.004004
0.005728
0.006448
0.007583
0.009815
0.004031
0.003752
0.007864
0.008448
0.004229
0.001807
0.004789
0.008548
0.006164
0.005706
0.002474
0.007054
0.009420
0.001342
0.004735
0.008525
0.008024
0.007513
0.009212
0.003277
0.002948
0.008372
0.007202
0.006851
0.006144
0.009372
0.000856
0.001872
0.005820
0.008428
0.001687
0.009841
0.002181
0.009541
0.008289
0.006400
0.001348
0.003077
0.004948
0.007501
0.008773
0.007411
0.004555
0.008193
0.008744
0.009280
0.006718
0.006768
0.006794
0.005930
0.000045
0.009732
0.004302
0.007238
0.006583
0.000446
0.006610
0.007429
0.002309
0.002429
0.005858
0.003986
0.002270
0.008028
0.003527
0.000559
0.004428
0.004865
0.003626
0.009366
0.002366
0.002399
0.006777
0.006911
0.000592
0.005521
0.006191
0.007301
0.002289
0.002985
0.003231
0.002324
0.002717
0.007523
0.009552
0.009291
0.007959
0.006161
0.006720
0.000268
0.008581
0.002577
0.004244
0.000851
0.000606
0.007761
0.001399
0.005024
0.002625
0.005015
0.004390
0.004981
0.007405
0.001167
0.001892
0.007987
0.006678
0.008074
0.005288
0.008957
0.001059
0.008508
0.001281
0.003766
0.006031
0.000833
0.003057
0.003991
0.006984
0.009766
0.004249
0.005565
0.002344
0.008483
0.006405
0.002939
0.006244
0.007794
0.007953
0.008859
0.002809
0.002343
0.003840
0.000214
0.003500
0.005723
0.008191
0.000177
0.003796
0.003478
0.009124
0.004845
0.001987
0.000404
0.008601
0.008008
0.001227
0.001658
0.001999
0.008201
0.001425
0.006237
0.003765
0.003758
0.004720
0.000170
0.006688
0.000964
0.007955
0.004641
0.009813
0.000764
0.006974
0.003653
0.000968
0.000473
0.009365
0.009149
0.000641
0.003162
0.002627
0.009754
0.007997
0.004604
0.000159
0.006598
0.002612
0.001376
0.008246
0.004600
0.009566
0.009661
0.000838
0.003332
0.003419
0.005548
0.003492
0.000107
0.006502
0.001447
0.004738
0.006314
0.002201
0.001712
0.009957
0.003159
0.002175
0.009322
0.002308
0.002806
0.002484
0.004925
0.002560
0.000481
0.009519
0.002709
0.007069
0.002131
0.004074
0.005315
0.006721
0.003640
0.004976
0.007549
0.006962
0.008385
0.003097
0.000454
0.008482
0.009588
0.001891
0.003220
0.005902
0.004082
0.004922
0.005859
0.007231
0.007087
0.005182
0.009528
0.009883
0.007656
0.004453
0.002443
0.008127
0.003972
0.005141
0.005196
0.006092
0.009205
0.000511
0.002813
0.002846
0.005476
0.000362
0.009798
0.003861
0.003449
0.000252
0.002343
0.003037
0.002134
0.005553
0.008930
0.006206
0.000474
0.004789
0.003437
0.007551
0.009961
0.002965
0.007433
0.007617
0.007408
0.009866
0.005744
0.001380
0.005007
0.000939
0.007462
0.004212
0.001440
0.000276
0.007048
0.006906
0.000628
0.006846
0.000767
0.004067
0.007088
0.003100
0.007094
0.009212
0.008643
0.006024
0.005418
0.009107
0.000814
0.008844
0.006658
0.000775
0.001809
0.004091
0.008382
0.009207
0.003957
0.004126
0.000587
0.008954
0.005055
0.008039
0.003166
0.006485
0.008305
0.000214
0.003391
0.008923
0.007050
0.004148
0.002990
0.004138
0.007238
0.000084
0.003350
0.005881
0.006099
0.008758
0.004988
0.006903
0.007602
0.001645
0.007667
0.009401
0.005726
0.006050
0.008609
0.009673
0.000175
0.009186
0.008627
0.005220
0.007225
0.001794
0.001705
0.005530
0.001998
0.005086
0.004453
0.009038
0.009225
0.007433
0.003176
0.006463
0.007507
0.006517
0.002344
0.003606
0.005274
0.007322
0.000508
0.002877
0.008957
0.008166
0.002278
0.004683
0.004215
0.000886
0.004356
0.004381
0.000072
0.002984
0.009591
0.007287
0.004767
0.001296
0.002817
0.006755
0.006373
0.007260
0.005793
0.005598
0.004692
0.008960
0.002061
0.002199
0.005477
0.004395
0.005795
0.000751
0.001716
0.006293
0.003618
0.000673
0.004459
0.005885
0.005347
0.008664
0.006762
0.009693
0.003045
0.006824
0.002677
0.002636
0.004111
0.007434
0.003922
0.006917
0.004190
0.000295
0.004177
0.009973
0.005883
0.008859
0.008933
0.007933
0.001058
0.004409
0.002328
0.006843
0.005151
0.004035
0.003136
0.008758
0.004698
0.007585
0.004643
0.000045
0.006249
0.001405
0.009728
0.009284
0.008219
0.002404
0.001920
0.002329
0.009829
0.005832
0.009237
0.004018
0.006117
0.003414
0.003991
0.002000
0.002273
0.002924
0.009923
0.003321
0.007323
0.002252
0.000164
0.002474
0.006276
0.003290
0.001232
0.000974
0.000875
0.005865
0.001009
0.007114
0.007260
0.000737
0.006398
0.005479
0.003131
0.008307
0.007798
0.002960
0.004139
0.007035
0.006968
0.000256
0.000449
0.000959
0.002246
0.002711
0.003873
0.002170
0.006022
0.001196
0.004411
0.006175
0.003660
0.000688
0.009455
0.004882
0.001652
0.000330
0.000748
0.002651
0.007434
0.007998
0.003378
0.003831
0.003477
0.006499
0.002138
0.001276
0.009449
0.006268
0.008301
0.006416
0.006514
0.008740
0.007365
0.008750
0.001451
0.001238
0.000920
0.007463
0.002424
0.005322
0.003638
0.006075
0.005999
0.003093
0.000957
0.007641
0.003413
0.001695
0.000292
0.000847
0.009683
0.003660
0.004668
0.003161
0.000159
0.006796
0.004427
0.009597
0.003064
0.002728
0.006013
0.009568
0.001467
0.003379
0.008319
0.002908
0.004607
0.009229
0.000371
0.007021
0.004550
0.003999
0.003096
0.000549
0.007082
0.004043
0.008180
0.000495
0.005728
0.008462
0.001332
0.005412
0.002122
0.005990
0.008562
0.002271
0.002786
0.002989
0.001868
0.005840
0.005707
0.007871
0.005408
0.007164
0.001250
0.003727
0.000073
0.005847
0.002956
0.000433
0.002868
0.007496
0.004423
0.005954
0.008036
0.001505
0.009987
0.006216
0.001990
0.005715
0.004679
0.003312
0.001127
0.006791
0.009292
0.009679
0.009052
0.002079
0.002668
0.000919
0.007909
0.008365
0.008781
0.003317
0.005529
0.000031
0.007034
0.005592
0.005867
0.009980
0.006015
0.008725
0.007477
0.000438
0.004679
0.005513
0.001933
0.004666
0.001729
0.003913
0.000381
0.006398
0.007215
0.001498
0.003189
0.006508
0.001177
0.002240
0.008576
0.003835
0.003150
0.006485
0.002200
0.001930
0.009792
0.007720
0.001951
0.006827
0.003312
0.007808
0.006807
0.009317
0.006534
0.004284
0.009745
0.001213
0.009786
0.001677
0.005869
0.001515
0.005580
0.006240
0.007903
0.002796
0.007728
0.001091
0.009294
0.008895
0.003322
0.007870
0.002731
0.006461
0.004355
0.004921
0.008381
0.004147
0.002641
0.000332
0.000974
0.005943
0.008131
0.007771
0.005259
0.004664
0.002055
0.005004
0.005867
0.001841
0.006672
0.001736
0.003346
0.002252
0.007966
0.001249
0.005038
0.005694
0.002331
0.004331
0.004590
0.005642
0.002201
0.007311
0.002103
0.006546
0.002232
0.000485
0.000693
0.004863
0.000807
0.001657
0.000805
0.008928
0.009418
0.006055
0.003592
0.001472
0.001059
0.009450
0.003303
0.007721
0.001186
0.006640
0.009963
0.009142
0.007879
0.005000
0.004836
0.000209
0.009322
0.009416
0.005842
0.001523
0.006727
0.007935
0.008058
0.008949
0.008410
0.008741
0.003812
0.009207
0.000398
0.004607
0.008135
0.009806
0.000662
0.001727
0.001278
0.001711
0.001177
0.004572
0.009422
0.002353
0.001211
0.009384
0.001495
0.009080
0.004384
0.006321
0.009280
0.003706
0.005737
0.005121
0.005219
0.002464
0.003056
0.003277
0.001412
0.001466
0.002018
0.005214
0.000673
0.002406
0.009811
0.008797
0.002212
0.000473
0.000525
0.003480
0.002174
0.001692
0.008042
0.001596
0.004034
0.009244
0.000980
0.005519
0.008324
0.005355
0.001840
0.007604
0.009051
0.007566
0.002725
0.004269
0.000030
0.005771
0.007536
0.001432
0.007227
0.009544
0.006636
0.007890
0.001951
0.006448
0.006687
0.004153
0.006911
0.007202
0.007624
0.009075
0.008883
0.005666
0.000671
0.002917
0.004909
0.001641
0.008426
0.003233
0.006985
0.000266
0.000837
0.006036
0.007822
0.003552
0.000305
0.007842
0.009313
0.007831
0.009265
0.006541
0.007375
0.005901
0.004430
0.009316
0.002349
0.001117
0.003469
0.009249
0.008309
0.001093
0.008324
0.007192
0.006749
0.008985
0.000109
0.001658
0.000626
0.008525
0.004881
0.007601
0.008781
0.005708
0.003637
0.006603
0.009251
0.003932
0.004445
0.008564
0.001763
0.003709
0.005105
0.009129
0.009600
0.009525
0.008445
0.001949
0.000642
0.001914
0.001199
0.008941
0.002997
0.009513
0.006133
0.009736
0.008498
0.006232
0.001394
0.009114
0.004757
0.006265
0.006715
0.003537
0.001974
0.000352
0.000140
0.001224
0.004275
0.004575
0.009778
0.006028
0.008274
0.004883
0.005157
0.007874
0.004408
0.003602
0.009814
0.005040
0.005506
0.001012
0.003981
0.008493
0.000525
0.000113
0.008229
0.009013
0.006335
0.009613
0.008127
0.001092
0.005878
0.004842
0.004619
0.007842
0.005185
0.004749
0.009056
0.009449
0.009313
0.008834
0.005477
0.007587
0.003717
0.000634
0.005462
0.008115
0.004225
0.005275
0.003154
0.009721
0.006277
0.007125
0.008214
0.006792
0.007229
0.006443
0.005806
0.003564
0.006056
0.003933
0.004646
0.001934
0.008765
0.009255
0.009766
0.003950
0.004004
0.008822
0.003399
0.003317
0.007656
0.008866
0.000904
0.001373
0.009490
0.006356
0.009478
0.003715
0.001631
0.002632
0.003436
0.007899
0.009747
0.001650
0.004691
0.006976
0.008083
0.000497
0.000539
0.004139
0.004419
0.005175
0.006063
0.003184
0.004430
0.005829
0.007124
0.008423
0.004651
0.000522
0.001740
0.002307
0.009379
0.002634
0.003670
0.008868
0.008980
0.003148
0.002583
0.000612
0.005770
0.006010
0.008500
0.005517
0.007650
0.003191
0.002493
0.005733
0.003678
0.003022
0.009863
0.008087
0.008187
0.005926
0.001271
0.002616
0.001755
0.008384
0.001040
0.006397
0.008897
0.002770
0.008694
0.008275
0.005394
0.002364
0.007143
0.004374
0.005502
0.009717
0.004976
0.001272
0.005726
0.003476
0.006779
0.003376
0.006657
0.009261
0.009099
0.000335
0.002283
0.008962
0.008411
0.000470
0.004888
0.009672
0.003076
0.006633
0.008056
0.004106
0.003030
0.006953
0.006865
0.001724
0.005228
0.002259
0.004078
0.002371
0.006624
0.009570
0.002088
0.001600
0.000842
0.007805
0.005066
0.007610
0.001181
0.001723
0.006871
0.000280
0.002047
0.009144
0.009232
0.000459
0.009604
0.004120
0.000131
0.002680
0.000753
0.008177
0.006776
0.003773
0.005129
0.003641
0.005487
0.000357
0.005891
0.009555
0.002718
0.002515
0.009125
0.004797
0.004104
0.009956
0.002601
0.009160
0.007567
0.003772
0.000882
0.004438
0.004042
0.002920
0.003582
0.003274
0.003368
0.003186
0.007385
0.003489
0.005856
0.008128
0.001666
0.002632
0.001901
0.006785
0.006264
0.007379
0.007132
0.002155
0.006934
0.009841
0.004659
0.006059
0.004637
0.008753
0.006015
0.007229
0.007913
0.003582
0.001000
0.008786
0.008010
0.005033
0.001705
0.001591
0.008297
0.005063
0.004767
0.005681
0.008542
0.000624
0.003810
0.000208
0.003246
0.005701
0.006983
0.009500
0.003080
0.004115
0.001655
0.000013
0.003956
0.006304
0.006062
0.008584
0.005058
0.002078
0.005812
0.002971
0.005649
0.006802
0.001756
0.003659
0.001835
0.003452
0.005241
0.000132
0.008505
0.009998
0.005803
0.007047
0.000622
0.009603
0.007245
0.003858
0.005304
0.004228
0.003358
0.008374
0.008333
0.005003
0.008377
0.002289
0.001307
0.004439
0.000873
0.006355
0.006507
0.006675
0.009315
0.002156
0.003477
0.001072
0.005805
0.005302
0.004513
0.001046
0.005424
0.003018
0.001044
0.001228
0.000065
0.001656
0.000831
0.007301
0.005504
0.006125
0.001529
0.008852
0.004498
0.009852
0.003855
0.002875
0.002141
0.005152
0.007305
0.003004
0.001507
0.003811
0.009669
0.000822
0.005958
0.003147
0.001884
0.001763
0.008439
0.006387
0.002799
0.003864
0.009395
0.003833
0.005082
0.009451
0.005478
0.005902
0.006751
0.000982
0.002027
0.008270
0.009824
0.006515
0.008122
0.003679
0.009381
0.000263
0.008821
0.006685
0.003258
0.000327
0.000497
0.002927
0.001140
0.006445
0.006064
0.003013
0.008198
0.004503
0.009390
0.000997
0.008357
0.008786
0.004819
0.003438
0.008237
0.000298
0.009331
0.004988
0.001270
0.001358
0.003258
0.001094
0.007863
0.001380
0.004763
0.007244
0.001633
0.003584
0.003929
0.004881
0.003901
0.004416
0.007798
0.005031
0.000861
0.003862
0.008034
0.009048
0.008356
0.007425
0.000045
0.006713
0.006211
0.004854
0.000151
0.004447
0.005142
0.009472
0.009425
0.006402
0.000830
0.002683
0.007486
0.008683
0.004054
0.002250
0.005927
0.005677
0.005824
0.009847
0.000558
0.009715
0.004263
0.008347
0.004746
0.005113
0.002209
0.002780
0.004162
0.000565
0.000205
0.004196
0.007267
0.006406
0.009041
0.007408
0.000853
0.004183
0.006880
0.000279
0.000585
0.007700
0.002952
0.008062
0.006384
0.006996
0.000311
0.002311
0.002673
0.006125
0.002158
0.003221
0.005840
0.006410
0.001568
0.000585
0.001524
0.003767
0.003356
0.005675
0.004322
0.003551
0.009862
0.001589
0.009947
0.008902
0.008987
0.000800
0.003085
0.005868
0.001068
0.003660
0.003568
0.004010
0.001722
0.009942
0.001006
0.002023
0.002253
0.003669
0.008137
0.004400
0.006879
0.003977
0.000810
0.008437
0.004552
0.002324
0.002204
0.007898
0.007989
0.006515
0.001449
0.007851
0.008094
0.001395
0.006753
0.007082
0.002185
0.009828
0.002949
0.003244
0.003488
0.006508
0.007244
0.005199
0.006449
0.008240
0.007212
0.008692
0.001909
0.005349
0.003092
0.008778
0.009316
0.003893
0.007215
0.003868
0.006206
0.009409
0.001766
0.004196
0.005924
0.003204
0.002046
0.004018
0.004590
0.008789
0.001100
0.006765
0.008617
0.004039
0.009999
0.002104
0.000547
0.007243
0.007294
0.006986
0.005483
0.004506
0.005678
0.007381
0.009845
0.008760
0.006159
0.009160
0.002653
0.003374
0.003028
0.008849
0.002783
0.004784
0.003045
0.008698
0.007979
0.005081
0.002716
0.002568
0.003870
0.003806
0.009323
0.002486
0.007835
0.009322
0.004581
0.008372
0.006564
0.001874
0.005358
0.002047
0.006370
0.001036
0.009418
0.006214
0.009787
0.005577
0.005375
0.002439
0.008942
0.008393
0.001289
0.001725
0.003177
0.004323
0.000423
0.001156
0.009394
0.003129
0.003714
0.003264
0.006924
0.003038
0.005740
0.004760
0.002360
0.000321
0.003132
0.008914
0.002185
0.008480
0.000961
0.008545
0.009506
0.000379
0.004760
0.009293
0.005946
0.000134
0.001732
0.004888
0.008518
0.003011
0.006603
0.001695
0.007324
0.007016
0.002841
0.006719
0.000145
0.006545
0.009973
0.007059
0.009573
0.005713
0.001819
0.001933
0.006024
0.004940
0.000847
0.008199
0.003420
0.001798
0.006744
0.002927
0.002167
0.001504
0.002220
0.008103
0.001628
0.003942
0.002991
0.000146
0.006943
0.009585
0.001831
0.004267
0.006601
0.004662
0.000986
0.006735
0.001207
0.000959
0.003794
0.000781
0.006662
0.005603
0.002703
0.002686
0.000543
0.003540
0.000885
0.003954
0.005328
0.007619
0.006870
0.007485
0.009113
0.009080
0.005588
0.000741
0.003022
0.008569
0.000877
0.009955
0.008154
0.002698
0.004223
0.004754
0.007350
0.005199
0.001490
0.008547
0.006148
0.005274
0.009318
0.002810
0.000877
0.002021
0.005486
0.001410
0.005552
0.006361
0.005354
0.000879
0.003980
0.002224
0.008354
0.003093
0.001304
0.003942
0.003824
0.004316
0.002510
0.004691
0.004272
0.000664
0.007379
0.008485
0.005408
0.004729
0.003684
0.006888
0.003276
0.009821
0.002162
0.002594
0.002631
0.003028
0.004605
0.008107
0.004428
0.000157
0.004467
0.009772
0.001026
0.008437
0.001996
0.009370
0.001530
0.003290
0.003312
0.005344
0.007597
0.005812
0.000034
0.001869
0.006466
0.007403
0.000353
0.001875
0.002132
0.004027
0.008753
0.005398
0.003848
0.000914
0.007982
0.006469
0.003933
0.002587
0.004576
0.008351
0.002734
0.009033
0.008123
0.003750
0.007470
0.000119
0.003121
0.008990
0.003399
0.006422
0.004333
0.000996
0.002234
0.004358
0.002855
0.008691
0.001761
0.003198
0.000565
0.003883
0.007215
0.009308
0.009270
0.001063
0.000222
0.007252
0.007522
0.004145
0.009829
0.002097
0.002496
0.002564
0.001130
0.000619
0.006304
0.008590
0.000728
0.009415
0.007579
0.004117
0.005837
0.001912
0.005103
0.008061
0.006260
0.007948
0.006752
0.008011
0.001146
0.007307
0.001893
0.008350
0.006615
0.001164
0.009403
0.006827
0.008406
0.006924
0.000972
0.008235
0.009011
0.003457
0.000799
0.000141
0.004066
0.007093
0.008721
0.004784
0.006508
0.006300
0.008891
0.002344
0.008202
0.003994
0.000405
0.004462
0.001942
0.007147
0.002473
0.003077
0.004454
0.004356
0.001428
0.001069
0.005510
0.000830
0.007886
0.003916
0.007745
0.008848
0.002151
0.006756
0.002305
0.002941
0.006888
0.006362
0.000034
0.005609
0.001145
0.006531
0.001909
0.000036
0.008865
0.000111
0.004020
0.009261
0.004563
0.005951
0.006408
0.007026
0.009019
0.000862
0.001383
0.000446
0.001921
0.006883
0.001267
0.009798
0.000799
0.009002
0.008646
0.002940
0.005758
0.000951
0.005871
0.002646
0.007303
0.005894
0.008244
0.008438
0.002425
0.000153
0.008464
0.001291
0.000254
0.002484
0.000552
0.004807
0.008425
0.006950
0.001834
0.007444
0.007802
0.003206
0.007880
0.009714
0.000089
0.009137
0.009511
0.000877
0.008139
0.008157
0.003807
0.003897
0.009098
0.009668
0.006533
0.006400
0.005562
0.004777
0.004838
0.007977
0.004920
0.003302
0.009258
0.005164
0.005776
0.009799
0.009961
0.004201
0.006749
0.001795
0.001645
0.004551
0.004991
0.009516
0.004265
0.005070
0.008653
0.003776
0.005938
0.006792
0.001932
0.009735
0.000689
0.001030
0.009403
0.007211
0.007420
0.004965
0.001988
0.002258
0.002942
0.006898
0.005550
0.002200
0.002062
0.001326
0.002000
0.002023
0.005517
0.008739
0.003808
0.007152
0.003290
0.008789
0.006667
0.007545
0.003860
0.005320
0.001320
0.009787
0.002112
0.003243
0.009522
0.002791
0.004263
0.008926
0.009992
0.001683
0.003891
0.001980
0.003931
0.006823
0.008868
0.009471
0.009014
0.000929
0.000797
0.001013
0.002942
0.006303
0.009742
0.006740
0.003455
0.003032
0.005530
0.000122
0.000576
0.009379
0.005432
0.001887
0.009166
0.007534
0.005119
0.008689
0.000325
0.009372
0.007615
0.000317
0.001055
0.001505
0.002287
0.004975
0.008319
0.001155
0.004446
0.007332
0.002074
0.005233
0.008335
0.005006
0.001536
0.008077
0.001747
0.004981
0.001109
0.007266
0.005094
0.001676
0.006645
0.000526
0.003552
0.005812
0.008050
0.008662
0.004501
0.008366
0.008034
0.002115
0.008673
0.009078
0.003611
0.000960
0.004054
0.001929
0.002104
0.008490
0.009251
0.004168
0.003723
0.007587
0.009165
0.005249
0.005664
0.000911
0.000231
0.006764
0.008167
0.005314
0.008430
0.004812
0.005830
0.001982
0.000624
0.003881
0.000644
0.005115
0.002246
0.008667
0.007220
0.000919
0.007746
0.000831
0.001868
0.001800
0.002750
0.003963
0.000290
0.002001
0.008121
0.004003
0.009578
0.007286
0.009242
0.005243
0.008187
0.009463
0.002007
0.006354
0.004777
0.000436
0.001166
0.000607
0.002408
0.001780
0.004478
0.003042
0.006885
0.006714
0.001709
0.004105
0.007623
0.009445
0.004926
0.009482
0.001245
0.007666
0.003445
0.001524
0.009657
0.001566
0.005517
0.009236
0.008841
0.004759
0.004478
0.007028
0.004222
0.006475
0.003382
0.008989
0.006901
0.004538
0.009586
0.009299
0.006308
0.004064
0.002341
0.003193
0.000778
0.004040
0.007288
0.008392
0.003486
0.002214
0.007874
0.004720
0.009870
0.001318
0.006235
0.009527
0.002874
0.001752
0.008763
0.001715
0.006501
0.003241
0.008732
0.000722
0.009706
0.002114
0.009701
0.006607
0.006642
0.009287
0.005906
0.002950
0.003351
0.008237
0.006133
0.004120
0.002277
0.003421
0.002511
0.005753
0.005625
0.000385
0.000473
0.005495
0.001693
0.006698
0.005022
0.004556
0.008440
0.003785
0.006261
0.004940
0.007016
0.004994
0.005653
0.006721
0.007098
0.005354
0.003328
0.003739
0.004641
0.009224
0.006679
0.007982
0.007461
0.002812
0.002102
0.009728
0.006224
0.004603
0.005481
0.001849
0.004978
0.005945
0.007334
0.006661
0.002643
0.002356
0.001217
0.001083
0.006131
0.007468
0.006013
0.003146
0.002462
0.001666
0.009857
0.009550
0.007010
0.003185
0.003289
0.001651
0.002409
0.009959
0.009624
0.009860
0.002771
0.001726
0.009589
0.008985
0.006319
0.005070
0.000834
0.001297
0.001015
0.008157
0.007948
0.003648
0.000513
0.009155
0.004720
0.006634
0.006624
0.000733
0.009770
0.009076
0.002389
0.009627
0.008625
0.009389
0.002813
0.001915
0.001040
0.005212
0.001873
0.000664
0.005073
0.004634
0.002379
0.004662
0.003619
0.008688
0.009722
0.004442
0.009975
0.000736
0.002600
0.007923
0.004374
0.003103
0.007078
0.009084
0.009727
0.003702
0.009807
0.009497
0.002777
0.002196
0.009125
0.001403
0.001585
0.001938
0.003308
0.002615
0.007140
0.005171
0.003269
0.002213
0.009795
0.005638
0.006865
0.003414
0.004327
0.006586
0.007846
0.004302
0.007313
0.000446
0.002225
0.001687
0.003539
0.009293
0.000771
0.003267
0.002995
0.000579
0.002764
0.005762
0.002765
0.001889
0.007155
0.004340
0.003817
0.000463
0.006945
0.000957
0.005624
0.000214
0.003160
0.005419
0.005843
0.000025
0.008822
0.000170
0.006602
0.006669
0.004462
0.003914
0.007105
0.006677
0.005591
0.000644
0.005970
0.006352
0.003901
0.008955
0.006921
0.006655
0.004717
0.009676
0.008534
0.001873
0.004016
0.002351
0.002325
0.000961
0.003298
0.007939
0.001165
0.006449
0.003358
0.006998
0.006464
0.002180
0.007158
0.003065
0.008839
0.001620
0.006970
0.005944
0.008286
0.002561
0.006578
0.004256
0.008903
0.000479
0.003211
0.005824
0.007124
0.007919
0.005500
0.005658
0.009781
0.009506
0.007999
0.002107
0.000467
0.001297
0.000046
0.001622
0.007736
0.003394
0.008611
0.004200
0.005564
0.005769
0.007256
0.004403
0.007378
0.004225
0.000346
0.005665
0.006776
0.006914
0.009911
0.005680
0.007383
0.003122
0.001504
0.004507
0.001041
0.006994
0.000165
0.000822
0.006500
0.008154
0.002919
0.006957
0.009442
0.002954
0.008569
0.007178
0.006338
0.007180
0.001378
0.001902
0.002948
0.008623
0.006294
0.000326
0.002849
0.006631
0.005981
0.009615
0.003545
0.005892
0.005295
0.000928
0.009004
0.006789
0.005425
0.000044
0.003783
0.005580
0.000856
0.000284
0.003735
0.003765
0.007231
0.003176
0.006709
0.005800
0.000354
0.003047
0.002979
0.001722
0.004939
0.005918
0.000345
0.001233
0.006234
0.003184
0.007854
0.002215
0.002799
0.001399
0.008097
0.008084
0.002317
0.007100
0.004873
0.007732
0.007135
0.008647
0.003313
0.007981
0.008920
0.007038
0.001746
0.006151
0.000214
0.008445
0.001951
0.000558
0.001492
0.004920
0.002270
0.006421
0.000838
0.002605
0.007644
0.007062
0.005779
0.005498
0.009267
0.008569
0.006888
0.007363
0.006653
0.009195
0.004463
0.001526
0.006927
0.001598
0.000173
0.000240
0.009569
0.009083
0.007268
0.001314
0.005234
0.007471
0.009749
0.007175
0.008019
0.001241
0.002095
0.000289
0.007652
0.002923
0.002884
0.005296
0.009975
0.008654
0.000795
0.009241
0.007222
0.007672
0.006604
0.003875
0.006867
0.001068
0.005391
0.003794
0.002655
0.005554
0.004025
0.002224
0.004637
0.001292
0.003528
0.009862
0.008754
0.003277
0.007037
0.006773
0.004508
0.009122
0.007052
0.002160
0.002045
0.009926
0.007447
0.002019
0.008580
0.008232
0.001261
0.005802
0.005904
0.007855
0.009667
0.002772
0.008912
0.005058
0.006556
0.001568
0.000612
0.000580
0.003782
0.005239
0.001863
0.007300
0.005101
0.000616
0.000577
0.002138
0.007379
0.005076
0.001260
0.004431
0.007226
0.003295
0.004357
0.004673
0.005304
0.002937
0.002905
0.006555
0.008729
0.008799
0.004410
0.008396
0.001570
0.003322
0.003454
0.008116
0.004880
0.004056
0.008687
0.008652
0.009285
0.000550
0.005952
0.004386
0.001156
0.006519
0.006514
0.008525
0.001595
0.007764
0.002956
0.008811
0.001059
0.007304
0.003484
0.006353
0.000241
0.006378
0.002908
0.008960
0.005177
0.007308
0.007356
0.006738
0.000630
0.000810
0.004854
0.005500
0.004856
0.003541
0.004151
0.004140
0.004081
0.000103
0.008516
0.005226
0.006612
0.005030
0.003751
0.008197
0.002794
0.006697
0.007007
0.003842
0.004001
0.000491
0.000196
0.004232
0.006859
0.003094
0.003192
0.002036
0.000402
0.000548
0.008764
0.001022
0.001348
0.003618
0.006511
0.006194
0.007149
0.000662
0.000334
0.001229
0.000755
0.008840
0.006446
0.007357
0.003870
0.000197
0.005554
0.006653
0.006884
0.002561
0.000496
0.000885
0.003042
0.000681
0.005107
0.009891
0.003765
0.008289
0.001927
0.004157
0.008827
0.000691
0.005169
0.000175
0.004299
0.001680
0.006358
0.001448
0.002332
0.006682
0.002667
0.003078
0.005522
0.009103
0.000435
0.009382
0.009290
0.005979
0.006035
0.006175
0.008530
0.006520
0.007050
0.001572
0.007192
0.002157
0.001464
0.000957
0.000445
0.003381
0.005104
0.009262
0.004062
0.000272
0.009427
0.008351
0.001942
0.005786
0.009789
0.004265
0.002468
0.002456
0.007333
0.007980
0.001559
0.007758
0.007362
0.000850
0.003737
0.003396
0.007014
0.002267
0.009907
0.004064
0.003829
0.007098
0.006211
0.005283
0.008045
0.006646
0.008654
0.003149
0.005908
0.002716
0.003411
0.005335
0.001067
0.005344
0.001121
0.000856
0.009599
0.003579
0.003302
0.006932
0.001559
0.004852
0.004689
0.008910
0.005691
0.008416
0.002307
0.002705
0.000682
0.002214
0.006759
0.004502
0.009302
0.002970
0.009774
0.007347
0.009606
0.008428
0.000496
0.005514
0.001144
0.003898
0.000849
0.002201
0.009231
0.001960
0.003048
0.008830
0.005529
0.006340
0.005762
0.007078
0.001192
0.000451
0.005988
0.006873
0.008857
0.008285
0.009569
0.009529
0.000498
0.006328
0.004031
0.009790
0.009287
0.003805
0.007137
0.008893
0.002234
0.007623
0.004407
0.003368
0.001521
0.005246
0.005559
0.000752
0.007196
0.008597
0.009573
0.002725
0.004937
0.005335
0.009793
0.006119
0.005776
0.005781
0.002992
0.004633
0.004065
0.002560
0.004162
0.004553
0.008878
0.008183
0.004343
0.008166
0.001988
0.001481
0.007059
0.004212
0.009094
0.001466
0.007570
0.000615
0.006702
0.003129
0.001357
0.003898
0.001726
0.000930
0.006614
0.006653
0.006254
0.006406
0.002772
0.002030
0.002187
0.005754
0.006653
0.006242
0.008305
0.000814
0.000795
0.007183
0.008987
0.005129
0.005348
0.000976
0.006600
0.002407
0.005177
0.005694
0.003863
0.002747
0.006298
0.000565
0.005866
0.007645
0.004453
0.007583
0.008565
0.001067
0.004236
0.004820
0.007463
0.006998
0.006840
0.009640
0.002752
0.003492
0.005882
0.001056
0.004297
0.006667
0.008229
0.003284
0.001796
0.003577
0.004250
0.008386
0.005975
0.009417
0.004079
0.009828
0.002164
0.000378
0.000392
0.008021
0.008013
0.004836
0.005604
0.006579
0.005893
0.009829
0.001398
0.003356
0.006827
0.008228
0.002996
0.009569
0.001721
0.008868
0.000625
0.006007
0.005535
0.008844
0.009282
0.007322
0.002422
0.003531
0.005708
0.008386
0.002948
0.009777
0.008214
0.005103
0.000155
0.008596
0.003124
0.008158
0.003432
0.008717
0.004737
0.009315
0.008547
0.006125
0.002671
0.005374
0.004353
0.005657
0.004943
0.006064
0.004524
0.005558
0.002071
0.000060
0.004402
0.001353
0.007371
0.006814
0.004874
0.003079
0.005200
0.007812
0.002856
0.003414
0.002915
0.003001
0.002010
0.006029
0.001159
0.005433
0.004746
0.005886
0.004747
0.003293
0.002011
0.007408
0.008657
0.006355
0.003065
0.003600
0.002418
0.007579
0.009148
0.004480
0.007629
0.003550
0.005822
0.005000
0.000364
0.000696
0.008069
0.005555
0.008499
0.000925
0.008959
0.001414
0.003916
0.000969
0.007433
0.005066
0.006392
0.002180
0.000952
0.001139
0.005463
0.002953
0.008537
0.004120
0.009298
0.001602
0.007709
0.001716
0.009171
0.006857
0.006186
0.006799
0.000407
0.002008
0.001799
0.000761
0.002695
0.009859
0.006306
0.001194
0.000784
0.005265
0.002598
0.004691
0.006224
0.000031
0.009746
0.002615
0.002201
0.000698
0.003744
0.007654
0.003641
0.002281
0.001774
0.002939
0.003873
0.009473
0.004645
0.003044
0.006330
0.000831
0.009833
0.006727
0.002829
0.001632
0.007479
0.005514
0.001491
0.003784
0.006697
0.002265
0.009039
0.009285
0.006946
0.005263
0.009306
0.006692
0.007868
0.001507
0.007380
0.001612
0.009151
0.001022
0.003884
0.000924
0.003951
0.007747
0.000397
0.008586
0.000790
0.006718
0.009407
0.000623
0.003445
0.002236
0.002246
0.000923
0.007740
0.003727
0.004698
0.004438
0.005982
0.003737
0.003723
0.002928
0.008990
0.003029
0.009610
0.006858
0.004526
0.006990
0.008460
0.003677
0.008002
0.002344
0.004592
0.001953
0.000091
0.004979
0.000539
0.000871
0.001697
0.009936
0.001485
0.005131
0.002172
0.003720
0.006045
0.009902
0.007437
0.000743
0.004340
0.003419
0.004470
0.008053
0.006336
0.003459
0.001082
0.005946
0.000317
0.005598
0.002936
0.008767
0.009265
0.000938
0.001111
0.003857
0.002881
0.001192
0.008826
0.003410
0.002053
0.000522
0.003345
0.003528
0.005644
0.005507
0.007238
0.001689
0.005410
0.004675
0.002421
0.009740
0.008084
0.006881
0.007792
0.004420
0.000340
0.008864
0.000367
0.000647
0.004462
0.003293
0.009404
0.003727
0.004221
0.000515
0.007574
0.007092
0.001697
0.006400
0.000502
0.003740
0.006912
0.003837
0.007258
0.002556
0.009335
0.004496
0.004235
0.004744
0.009161
0.006646
0.004484
0.007244
0.003527
0.002276
0.001665
0.003857
0.001140
0.002021
0.004495
0.005592
0.005304
0.003899
0.009310
0.009516
0.004404
0.006883
0.006608
0.006091
0.003283
0.007100
0.009821
0.000195
0.000937
0.007079
0.002741
0.000272
0.001574
0.006966
0.005007
0.000735
0.003611
0.009481
0.007970
0.007128
0.001757
0.009624
0.000986
0.002887
0.001646
0.005470
0.008470
0.006940
0.009359
0.007779
0.006456
0.003763
0.004663
0.003064
0.009844
0.007936
0.000164
0.009665
0.008121
0.001091
0.006743
0.000862
0.001354
0.008308
0.007817
0.006350
0.009033
0.001429
0.005831
0.007002
0.008547
0.007578
0.006626
0.009523
0.000465
0.008262
0.004993
0.008925
0.005202
0.004352
0.006705
0.001658
0.008105
0.001367
0.004712
0.007949
0.009293
0.004866
0.007613
0.007414
0.005948
0.004357
0.008266
0.007291
0.002664
0.006083
0.003642
0.001697
0.007502
0.009463
0.008689
0.006050
0.007041
0.005315
0.005573
0.007496
0.003578
0.000566
0.006421
0.008770
0.004908
0.003126
0.000428
0.003013
0.004483
0.005130
0.000961
0.003776
0.009986
0.008565
0.001190
0.005934
0.002921
0.009446
0.003225
0.005576
0.005529
0.006857
0.007263
0.003031
0.006319
0.005952
0.009071
0.003360
0.001267
0.004643
0.000856
0.004834
0.005199
0.007267
0.003604
0.000107
0.000393
0.004022
0.003109
0.004866
0.009142
0.004061
0.008632
0.009128
0.002626
0.009812
0.005062
0.005537
0.009258
0.008277
0.001113
0.004787
0.005134
0.008365
0.007808
0.001454
0.004317
0.006879
0.004804
0.005574
0.001522
0.005650
0.000408
0.006711
0.002917
0.004002
0.006808
0.003301
0.008014
0.009907
0.008157
0.007156
0.003968
0.006789
0.006284
0.006584
0.006601
0.001346
0.002121
0.005859
0.009614
0.003224
0.000646
0.004748
0.001590
0.008444
0.006191
0.005897
0.005323
0.000995
0.001470
0.006836
0.006635
0.001869
0.003547
0.009543
0.005861
0.000355
0.002843
0.003876
0.000262
0.001000
0.001032
0.004220
0.007780
0.007306
0.000805
0.004381
0.008643
0.002916
0.000240
0.008257
0.006130
0.000877
0.003004
0.007710
0.009311
0.009186
0.003606
0.004635
0.000181
0.005067
0.001470
0.006806
0.006926
0.005007
0.006349
0.002787
0.005352
0.009182
0.006653
0.005604
0.000183
0.007675
0.009814
0.007952
0.004981
0.000619
0.002333
0.003624
0.003525
0.002564
0.001881
0.009645
0.003430
0.004875
0.007355
0.002741
0.004061
0.000961
0.007366
0.004232
0.006018
0.008826
0.001038
0.002943
0.003834
0.007377
0.005720
0.009175
0.006560
0.002373
0.004779
0.006732
0.000048
0.004594
0.004684
0.005019
0.005203
0.007008
0.008633
0.008718
0.009561
0.000513
0.008363
0.002991
0.005378
0.005718
0.005723
0.009429
0.006669
0.003089
0.003661
0.002686
0.001915
0.004690
0.005620
0.005739
0.002067
0.001340
0.004914
0.008616
0.003703
0.009684
0.005349
0.003740
0.004278
0.000033
0.008749
0.009471
0.007031
0.007382
0.008189
0.006592
0.007885
0.006551
0.009573
0.003264
0.002269
0.005296
0.002693
0.008927
0.008375
0.006344
0.001614
0.000290
0.001034
0.007223
0.006019
0.003091
0.008553
0.000934
0.001707
0.002256
0.000617
0.007046
0.005987
0.004885
0.007069
0.004736
0.004356
0.004099
0.002118
0.002544
0.000691
0.009993
0.009086
0.000264
0.003256
0.001355
0.005551
0.005939
0.000282
0.003926
0.002283
0.001886
0.004206
0.003307
0.009099
0.000225
0.006387
0.007653
0.001149
0.008084
0.009899
0.001756
0.005130
0.005886
0.006632
0.002199
0.000621
0.000987
0.006288
0.002729
0.003522
0.006969
0.002722
0.002608
0.007224
0.005968
0.003953
0.002774
0.001907
0.004225
0.006690
0.004181
0.006101
0.000896
0.007477
0.005200
0.001112
0.003865
0.002852
0.002250
0.001949
0.002751
0.003997
0.007069
0.008627
0.000628
0.009258
0.009238
0.001606
0.005546
0.001967
0.005118
0.002515
0.004679
0.007716
0.009729
0.000647
0.001668
0.002503
0.002544
0.005883
0.009184
0.006715
0.001984
0.000080
0.004192
0.007173
0.001181
0.008047
0.000026
0.003422
0.009986
0.002767
0.007408
0.007055
0.001394
0.008027
0.006313
0.000632
0.009623
0.001859
0.002589
0.004741
0.004364
0.007258
0.002456
0.004093
0.007895
0.004115
0.006586
0.000439
0.009988
0.005770
0.007144
0.001971
0.005840
0.001336
0.009134
0.007011
0.009374
0.009150
0.000432
0.009360
0.001917
0.007831
0.006415
0.003301
0.005858
0.002728
0.003922
0.005481
0.004577
0.006501
0.000221
0.008931
0.003759
0.002668
0.003024
0.001653
0.006772
0.009600
0.002082
0.006760
0.005370
0.009217
0.008721
0.001210
0.000553
0.007855
0.008211
0.009917
0.007005
0.008633
0.009276
0.008912
0.006464
0.005691
0.002213
0.002322
0.008409
0.006126
0.007792
0.002985
0.002627
0.008004
0.001916
0.006376
0.000671
0.004930
0.008019
0.007433
0.004530
0.000102
0.004193
0.009890
0.009308
0.002914
0.001099
0.009851
0.000769
0.009300
0.009768
0.007764
0.007933
0.009044
