0.003409
0.003072
0.003754
0.005905
0.003191
0.001919
0.005659
0.004430
0.007067
0.001884
0.008872
0.002176
0.006018
0.008268
0.009093
0.002741
0.003684
0.001836
0.007287
0.007938
0.003587
0.003578
0.002009
0.007526
0.002456
0.008682
0.005991
0.006452
0.004050
0.000242
0.009204
0.007449
0.003304
0.002957
0.003354
0.006485
0.004866
0.009003
0.000915
0.001933
0.000887
0.009777
0.004099
0.006895
0.008045
0.003192
0.009627
0.001729
0.005018
0.006913
0.009657
0.008594
0.000492
0.001666
0.006120
0.002938
0.000348
0.002111
0.009380
0.004388
0.002343
0.008584
0.001837
0.005638
0.001541
0.005182
0.002123
0.006397
0.004185
0.003028
0.008320
0.005063
0.002805
0.002419
0.001958
0.000851
0.005600
0.001585
0.002570
0.000618
0.008489
0.002228
0.009202
0.008971
0.003884
0.005322
0.001909
0.004222
0.007423
0.001289
0.008600
0.009756
0.009863
0.000437
0.005393
0.001404
0.005609
0.007506
0.007791
0.009785
0.000535
0.006111
0.004847
0.003330
0.008520
0.006796
0.004171
0.004120
0.008371
0.006732
0.004728
0.006859
0.008949
0.003930
0.005830
0.002833
0.009242
0.007729
0.007045
0.006665
0.009008
0.005645
0.006420
0.008871
0.006072
0.001814
0.000275
0.001682
0.009310
0.008056
0.001466
0.009835
0.004167
0.006303
0.003165
0.002686
0.003099
0.007326
0.006797
0.001469
0.004058
0.001525
0.008319
0.003007
0.005445
0.004148
0.005830
0.004686
0.001877
0.002875
0.001351
0.000885
0.008509
0.007761
0.009745
0.004582
0.009565
0.000020
0.006253
0.008876
0.008066
0.007709
0.008711
0.002233
0.004013
0.001876
0.004909
0.007101
0.009192
0.001706
0.008561
0.003250
0.003220
0.006880
0.006247
0.008655
0.001028
0.002076
0.003341
0.002895
0.004941
0.004682
0.003770
0.003450
0.002443
0.003515
0.008022
0.002009
0.003525
0.004275
0.000884
0.001591
0.001984
0.009585
0.003814
0.005987
0.001460
0.008714
0.003088
0.000652
0.000419
0.001649
0.003892
0.003630
0.008519
0.000139
0.002285
0.009537
0.002205
0.005616
0.002432
0.007136
0.000298
0.006191
0.000586
0.002731
0.009696
0.008598
0.004730
0.003221
0.002873
0.005604
0.004803
0.004848
0.005189
0.008607
0.000835
0.006639
0.007320
0.003913
0.007281
0.007730
0.005552
0.001173
0.001360
0.004071
0.001302
0.003634
0.003607
0.003497
0.009240
0.006029
0.000633
0.009528
0.002220
0.001209
0.002260
0.001916
0.009798
0.006979
0.005127
0.002671
0.002584
0.009919
0.007509
0.007762
0.008526
0.008333
0.004401
0.005847
0.002246
0.001683
0.003576
0.007788
0.002846
0.004926
0.001859
0.004138
0.008550
0.005456
0.007625
0.007791
0.001485
0.008248
0.007319
0.003694
0.009447
0.009568
0.005600
0.009244
0.006548
0.000727
0.001916
0.009121
0.000646
0.009414
0.006884
0.009162
0.007748
0.001285
0.005009
0.009984
0.002958
0.008575
0.007772
0.005794
0.003501
0.009621
0.009922
0.002051
0.005077
0.007547
0.009832
0.006551
0.005794
0.007151
0.000245
0.005241
0.006719
0.005835
0.004486
0.003267
0.006552
0.006391
0.002388
0.007188
0.005806
0.009262
0.006350
0.003554
0.000547
0.001359
0.003537
0.003495
0.009924
0.001310
0.009279
0.003425
0.000930
0.009201
0.005466
0.005997
0.006748
0.005298
0.002548
0.002543
0.002449
0.002783
0.007774
0.009158
0.008609
0.002260
0.002424
0.005161
0.008641
0.004803
0.002349
0.004447
0.004064
0.008689
0.007990
0.004601
0.000048
0.001528
0.008086
0.009962
0.002827
0.007365
0.003387
0.003748
0.006567
0.008843
0.009734
0.003315
0.004141
0.002282
0.005847
0.006580
0.005055
0.003621
0.005738
0.003664
0.005871
0.008152
0.008814
0.004512
0.002955
0.001163
0.008948
0.007009
0.009842
0.006939
0.001611
0.009880
0.008456
0.009687
0.009842
0.001284
0.007052
0.003229
0.005021
0.003619
0.002072
0.004756
0.006923
0.006204
0.007028
0.002770
0.002784
0.002083
0.006381
0.008512
0.005737
0.002252
0.006664
0.004551
0.006754
0.009609
0.005704
0.005702
0.006619
0.005546
0.002641
0.008219
0.005426
0.001097
0.007906
0.005268
0.002371
0.004958
0.008488
0.007382
0.008566
0.000560
0.002138
0.005490
0.006754
0.009155
0.008250
0.009528
0.001238
0.004631
0.008039
0.006965
0.006873
0.004704
0.001516
0.003626
0.004313
0.007210
0.009318
0.000932
0.002756
0.001959
0.009141
0.008173
0.003046
0.007047
0.003441
0.005407
0.002004
0.001929
0.002789
0.000571
0.002479
0.004917
0.006050
0.009222
0.004073
0.004300
0.008750
0.005301
0.008921
0.006789
0.002266
0.005794
0.001493
0.003772
0.009411
0.005796
0.000982
0.008729
0.006718
0.003728
0.000688
0.005859
0.001901
0.003724
0.002905
0.005332
0.009121
0.004900
0.007251
0.001911
0.005460
0.009719
0.006818
0.001511
0.008942
0.000891
0.005801
0.007691
0.006182
0.004722
0.004481
0.008437
0.000516
0.005964
0.002209
0.009917
0.001760
0.003180
0.008645
0.008468
0.006898
0.009323
0.004326
0.008789
0.003048
0.007221
0.004121
0.002169
0.002121
0.001372
0.004070
0.007571
0.001091
0.000888
0.009072
0.000033
0.001769
0.004873
0.007714
0.007941
0.009585
0.002195
0.006378
0.000101
0.008149
0.008576
0.000017
0.009899
0.001757
0.008653
0.008366
0.008645
0.007976
0.002693
0.007434
0.001024
0.009904
0.001556
0.003183
0.002025
0.002917
0.007244
0.009586
0.003999
0.008122
0.008658
0.004022
0.009881
0.003531
0.001736
0.007821
0.003116
0.003921
0.004199
0.003207
0.002069
0.002776
0.003214
0.001968
0.004522
0.001867
0.000334
0.003168
0.009834
0.003017
0.000602
0.000858
0.002920
0.002148
0.004031
0.004935
0.005055
0.001275
0.004522
0.009044
0.009386
0.003180
0.003065
0.009267
0.006701
0.004791
0.007089
0.009808
0.008702
0.001288
0.003015
0.000771
0.004054
0.006219
0.002729
0.008566
0.008076
0.003053
0.001734
0.007910
0.006059
0.002326
0.008758
0.008970
0.004464
0.002789
0.003905
0.009509
0.004053
0.008417
0.008553
0.003440
0.001597
0.001618
0.002707
0.008288
0.006399
0.009786
0.008096
0.005101
0.001074
0.001111
0.005862
0.005117
0.007320
0.008581
0.003683
0.005396
0.001634
0.005407
0.003306
0.007683
0.007723
0.002063
0.006653
0.002187
0.004842
0.000558
0.001696
0.008885
0.008965
0.000248
0.002325
0.000562
0.001857
0.005022
0.008841
0.008246
0.004807
0.006937
0.003347
0.005871
0.008037
0.009199
0.000988
0.005357
0.007780
0.004661
0.000753
0.009404
0.000068
0.004049
0.007087
0.007781
0.006102
0.003740
0.009957
0.000944
0.004289
0.001653
0.009819
0.003254
0.001891
0.002144
0.003806
0.003738
0.007155
0.002647
0.001984
0.001963
0.009574
0.005321
0.007823
0.007611
0.004520
0.008801
0.002968
0.002300
0.003462
0.003711
0.001704
0.003520
0.007750
0.008781
0.001300
0.003852
0.002521
0.001258
0.004786
0.006800
0.002900
0.004605
0.000054
0.004782
0.006739
0.003850
0.008509
0.003894
0.006487
0.000493
0.005847
0.006061
0.005803
0.003670
0.003673
0.000323
0.002472
0.006631
0.002613
0.005924
0.000343
0.004307
0.009433
0.008082
0.003088
0.000734
0.001934
0.005599
0.001981
0.006710
0.002398
0.004872
0.001315
0.002442
0.009643
0.008044
0.006282
0.008153
0.001938
0.002769
0.008635
0.007775
0.008821
0.004439
0.001446
0.002494
0.004752
0.003907
0.009115
0.007355
0.009821
0.009448
0.001662
0.009255
0.007530
0.004740
0.009978
0.009455
0.000339
0.001960
0.006165
0.002727
0.006822
0.007470
0.005159
0.006465
0.005514
0.001441
0.004618
0.007442
0.004201
0.003253
0.005218
0.003022
0.007682
0.006654
0.005505
0.002434
0.000561
0.004621
0.009779
0.000382
0.004068
0.001441
0.009627
0.001599
0.006171
0.009605
0.001053
0.006500
0.001565
0.007208
0.009217
0.008376
0.004678
0.004376
0.004842
0.000192
0.005807
0.009449
0.007624
0.009998
0.002702
0.002842
0.003019
0.000384
0.009485
0.008515
0.002808
0.000046
0.003135
0.002588
0.000419
0.007194
0.004019
0.000045
0.008782
0.000190
0.009640
0.009826
0.006680
0.001205
0.007033
0.005896
0.009571
0.001711
0.000272
0.004413
0.001893
0.006069
0.003862
0.009507
0.006067
0.006555
0.002348
0.009076
0.006929
0.001834
0.007591
0.009727
0.001870
0.000726
0.002315
0.002279
0.007910
0.006324
0.002314
0.006692
0.006504
0.001954
0.006518
0.003183
0.003149
0.003551
0.009070
0.002721
0.005252
0.009332
0.007124
0.007135
0.005401
0.000986
0.006642
0.001467
0.007530
0.008980
0.000543
0.004459
0.000814
0.008124
0.004187
0.002674
0.008840
0.006492
0.004942
0.006749
0.002815
0.007246
0.003441
0.009309
0.009190
0.009949
0.002492
0.002339
0.003500
0.001562
0.005050
0.008743
0.000894
0.002173
0.005878
0.006285
0.003149
0.002519
0.007742
0.000679
0.001499
0.008275
0.005129
0.002303
0.006399
0.009305
0.004967
0.005239
0.005797
0.009899
0.001988
0.008602
0.007145
0.005419
0.007911
0.006336
0.005369
0.000404
0.008665
0.008859
0.001956
0.003715
0.007602
0.002840
0.005878
0.003479
0.009114
0.009017
0.005989
0.006856
0.009687
0.007478
0.005131
0.004815
0.009771
0.001530
0.004121
0.004738
0.006759
0.009908
0.004638
0.008737
0.008510
0.001783
0.004156
0.006421
0.008109
0.009515
0.006815
0.006774
0.008374
0.008761
0.000488
0.005976
0.001601
0.006356
0.009445
0.000715
0.005373
0.005433
0.007562
0.005060
0.002911
0.002693
0.009866
0.002683
0.004213
0.003986
0.007411
0.000972
0.003894
0.002049
0.009699
0.002404
0.003822
0.003855
0.008815
0.001930
0.003370
0.005631
0.008694
0.001744
0.004392
0.009172
0.007710
0.005983
0.005529
0.007155
0.006688
0.000902
0.002588
0.004250
0.005952
0.005490
0.006933
0.005818
0.008162
0.001146
0.009794
0.005573
0.002108
0.003688
0.007612
0.001807
0.006082
0.001433
0.005652
0.004898
0.003354
0.009012
0.000528
0.002048
0.000756
0.004910
0.001220
0.008456
0.000893
0.006739
0.005611
0.007571
0.007631
0.008189
0.001821
0.003583
0.003678
0.008744
0.009391
0.001840
0.009879
0.009185
0.007404
0.001987
0.002873
0.005016
0.003783
0.008945
0.006439
0.009425
0.003843
0.009783
0.008437
0.004361
0.001830
0.009183
0.009262
0.003040
0.007639
0.000155
0.009769
0.003250
0.007716
0.007399
0.001439
0.009527
0.000982
0.005107
0.008270
0.000373
0.006937
0.008150
0.009548
0.004341
0.000136
0.002421
0.009346
0.003910
0.001366
0.005785
0.003335
0.005199
0.005568
0.001772
0.009550
0.007388
0.000956
0.008812
0.000428
0.008585
0.008956
0.000197
0.001835
0.006672
0.007587
0.003264
0.006199
0.008559
0.008360
0.004469
0.008922
0.005297
0.002619
0.008470
0.009628
0.002745
0.000890
0.008974
0.006645
0.002246
0.004759
0.009970
0.007435
0.000327
0.001743
0.006985
0.007705
0.002689
0.005797
0.008123
0.001274
0.004753
0.008311
0.003099
0.001425
0.005897
0.006352
0.007614
0.004456
0.004712
0.002083
0.003378
0.010000
0.004692
0.001847
0.009627
0.007428
0.002728
0.008602
0.004073
0.004964
0.003361
0.004043
0.002399
0.003678
0.005776
0.009374
0.001383
0.008455
0.005171
0.009497
0.009719
0.009914
0.007807
0.002817
0.001339
0.003704
0.009159
0.008943
0.008150
0.003872
0.001027
0.001528
0.003871
0.005709
0.003366
0.003499
0.003137
0.006083
0.002100
0.007200
0.001047
0.005451
0.001243
0.003436
0.009119
0.007010
0.002810
0.000502
0.005464
0.007971
0.009989
0.005183
0.007885
0.007796
0.007990
0.009214
0.001500
0.007149
0.008158
0.009640
0.001021
0.009174
0.001168
0.004882
0.004884
0.004524
0.008371
0.008010
0.000607
0.000471
0.005210
0.001645
0.005912
0.006443
0.005071
0.005031
0.003453
0.007871
0.005523
0.008907
0.005842
0.005512
0.004090
0.003727
0.003307
0.002080
0.002941
0.004797
0.009220
0.001099
0.004438
0.000241
0.000273
0.005596
0.005113
0.005147
0.000120
0.003484
0.003157
0.000718
0.003946
0.008357
0.002352
0.009848
0.004801
0.007413
0.004879
0.008244
0.005284
0.000403
0.007151
0.001126
0.005904
0.001241
0.004844
0.009202
0.003312
0.007775
0.003999
0.002531
0.008864
0.008427
0.002762
0.009127
0.004023
0.007866
0.004274
0.004133
0.001350
0.007421
0.004841
0.005286
0.005778
0.007183
0.005134
0.000579
0.004596
0.000013
0.008813
0.009871
0.000406
0.005964
0.000997
0.006300
0.007195
0.005831
0.005502
0.000507
0.003606
0.009491
0.003028
0.002470
0.007918
0.005780
0.001596
0.001941
0.003646
0.005860
0.006065
0.004986
0.003281
0.000905
0.000272
0.009049
0.008079
0.005396
0.009618
0.002675
0.005399
0.008431
0.002546
0.005795
0.004395
0.003533
0.002095
0.001590
0.009354
0.007587
0.002087
0.002960
0.007078
0.005105
0.005419
0.004997
0.000885
0.007006
0.006928
0.004521
0.002866
0.002993
0.009497
0.006137
0.003888
0.009759
0.005186
0.001967
0.005155
0.004804
0.004632
0.000554
0.003235
0.007168
0.006338
0.007620
0.000701
0.008423
0.009200
0.000055
0.006010
0.001287
0.003005
0.003089
0.006382
0.008414
0.008075
0.007257
0.005420
0.005003
0.001778
0.008276
0.007986
0.001276
0.004413
0.001874
0.001035
0.009589
0.003831
0.006180
0.004393
0.008453
0.006723
0.007618
0.005621
0.003062
0.005237
0.006311
0.001485
0.004437
0.006356
0.007485
0.005714
0.009351
0.000574
0.002096
0.007765
0.008639
0.009343
0.003185
0.003642
0.001121
0.001461
0.001628
0.002387
0.005864
0.003492
0.003412
0.005452
0.007313
0.009581
0.009835
0.005766
0.006305
0.007452
0.001387
0.009356
0.002690
0.007688
0.000841
0.007117
0.004045
0.008316
0.002831
0.003396
0.008880
0.004916
0.001161
0.007519
0.004259
0.004337
0.001161
0.005370
0.005788
0.002779
0.007747
0.001651
0.006262
0.001159
0.007094
0.003575
0.000740
0.006929
0.009331
0.007035
0.004381
0.000718
0.006391
0.007061
0.008396
0.007223
0.004178
0.002441
0.005539
0.006998
0.005827
0.004419
0.001914
0.006978
0.001938
0.006163
0.001315
0.003089
0.001533
0.007092
0.005858
0.009270
0.008734
0.002120
0.000428
0.005828
0.005685
0.001159
0.002756
0.005017
0.008183
0.007128
0.005725
0.004575
0.004188
0.004121
0.001797
0.008356
0.006552
0.007326
0.005354
0.002379
0.001745
0.007259
0.009347
0.003673
0.003422
0.000661
0.006751
0.004945
0.007743
0.002609
0.004215
0.006477
0.004719
0.004633
0.002305
0.000405
0.005782
0.005051
0.005411
0.003965
0.002179
0.001136
0.008530
0.006357
0.005247
0.000327
0.004713
0.001799
0.007643
0.000068
0.004168
0.009378
0.007316
0.003515
0.003051
0.000738
0.004166
0.009792
0.005673
0.001909
0.002401
0.009878
0.008377
0.007111
0.004511
0.000681
0.007505
0.000293
0.005722
0.002917
0.004248
0.007891
0.004043
0.002778
0.004248
0.009281
0.003095
0.008951
0.001080
0.000738
0.009009
0.005238
0.000116
0.006325
0.008743
0.003156
0.007054
0.002909
0.002948
0.002727
0.004808
0.005339
0.002605
0.003185
0.002450
0.007106
0.003856
0.009945
0.007388
0.009568
0.002862
0.001636
0.007459
0.006895
0.004404
0.001707
0.006176
0.007488
0.000659
0.007246
0.008216
0.009658
0.002484
0.008322
0.005983
0.001227
0.001478
0.003036
0.004126
0.004417
0.005753
0.008924
0.009746
0.008348
0.002109
0.002196
0.005453
0.005955
0.002142
0.002842
0.005524
0.004994
0.004468
0.002983
0.001889
0.008862
0.004680
0.008055
0.006350
0.005329
0.005300
0.004566
0.004987
0.007774
0.002888
0.000970
0.008991
0.004357
0.003996
0.003117
0.008764
0.009739
0.002041
0.008510
0.008087
0.004140
0.000706
0.003540
0.000095
0.002837
0.006372
0.005609
0.007821
0.000840
0.008582
0.009700
0.009691
0.003262
0.007754
0.006042
0.008581
0.003055
0.000608
0.003568
0.000829
0.003486
0.004528
0.009810
0.007833
0.008514
0.002927
0.006597
0.008253
0.004959
0.005107
0.006340
0.009088
0.005803
0.009869
0.009174
0.008630
0.006241
0.004782
0.006451
0.007071
0.003364
0.006151
0.006762
0.006616
0.003906
0.002804
0.005197
0.006950
0.003402
0.008756
0.007770
0.006878
0.003283
0.007580
0.004711
0.001797
0.000508
0.001308
0.000050
0.005456
0.006405
0.006379
0.004545
0.002208
0.006249
0.003718
0.000838
0.002490
0.008490
0.007279
0.009551
0.001854
0.003430
0.006313
0.008461
0.007326
0.009107
0.003658
0.004276
0.002508
0.002413
0.002046
0.009376
0.005687
0.009616
0.004088
0.007474
0.000124
0.005386
0.007514
0.005570
0.001791
0.003893
0.000114
0.003989
0.000142
0.003823
0.004817
0.002622
0.002313
0.002096
0.002173
0.004158
0.005516
0.008476
0.002618
0.002842
0.007583
0.006266
0.007108
0.000091
0.008670
0.009144
0.009457
0.004356
0.008760
0.003545
0.001830
0.008873
0.008921
0.009334
0.004443
0.000712
0.003227
0.004548
0.004692
0.003359
0.008360
0.009499
0.005972
0.000673
0.001595
0.008135
0.004821
0.007101
0.006611
0.007429
0.009933
0.004193
0.003695
0.007041
0.004274
0.002365
0.006184
0.003731
0.006711
0.004944
0.007266
0.008531
0.003818
0.006187
0.007865
0.008251
0.006889
0.001092
0.002798
0.001581
0.004441
0.001158
0.001079
0.000413
0.001822
0.002664
0.008537
0.006633
0.009755
0.005148
0.004062
0.009688
0.009331
0.007747
0.006728
0.003605
0.000112
0.002913
0.007326
0.006812
0.007847
0.004591
0.005343
0.001665
0.000778
0.003208
0.009905
0.007657
0.004290
0.002703
0.009228
0.008722
0.003852
0.000307
0.009124
0.005664
0.002961
0.007662
0.002296
0.002716
0.002810
0.006348
0.002403
0.002141
0.004095
0.009122
0.005736
0.004197
0.002035
0.003061
0.001009
0.009872
0.007643
0.006342
0.001536
0.008411
0.009541
0.001441
0.006068
0.003831
0.004135
0.005295
0.002553
0.007976
0.005592
0.001677
0.003640
0.008543
0.009329
0.005926
0.001259
0.002139
0.002274
0.003652
0.004269
0.006360
0.002774
0.009995
0.000556
0.004798
0.003056
0.001555
0.004670
0.000699
0.007888
0.006196
0.009099
0.007428
0.007627
0.005167
0.001260
0.001762
0.000462
0.003803
0.009729
0.006044
0.005470
0.003369
0.004587
0.004799
0.009285
0.005836
0.006927
0.001559
0.009478
0.001196
0.007909
0.002252
0.001191
0.008455
0.007041
0.004237
0.000010
0.001711
0.004926
0.007888
0.007897
0.004025
0.005316
0.005524
0.009182
0.006566
0.007277
0.009634
0.000368
0.007005
0.005678
0.005828
0.000374
0.000266
0.000627
0.009649
0.006092
0.007544
0.001208
0.005570
0.008730
0.009107
0.007812
0.009911
0.007562
0.004853
0.004149
0.007562
0.006553
0.009065
0.005450
0.004450
0.003090
0.000766
0.009964
0.002272
0.007322
0.007241
0.001906
0.007681
0.004246
0.007574
0.003509
0.004610
0.007830
0.004126
0.004258
0.003922
0.001669
0.005457
0.009482
0.000400
0.004564
0.007294
0.000311
0.002126
0.002146
0.004449
0.009678
0.008689
0.003514
0.005128
0.003139
0.006594
0.005885
0.003104
0.008855
0.003207
0.000345
0.000761
0.000888
0.004581
0.008325
0.004387
0.009180
0.006155
0.008502
0.003439
0.000077
0.000172
0.008886
0.009549
0.000561
0.003449
0.006842
0.000862
0.005565
0.008978
0.005302
0.005244
0.007668
0.008806
0.000372
0.000807
0.005399
0.006247
0.003901
0.004255
0.009444
0.004236
0.005006
0.000332
0.008806
0.003331
0.004708
0.007987
0.009477
0.003211
0.001426
0.009544
0.003373
0.000311
0.009092
0.003924
0.003751
0.005935
0.004776
0.009306
0.004913
0.000078
0.004549
0.002581
0.008873
0.004911
0.003378
0.004273
0.001158
0.007269
0.008517
0.000602
0.001505
0.003523
0.000923
0.000311
0.006844
0.005621
0.008288
0.006321
0.008822
0.009703
0.005864
0.002195
0.000015
0.004957
0.006109
0.003755
0.000891
0.000885
0.003061
0.005794
0.000953
0.007600
0.008366
0.009816
0.002511
0.001744
0.004088
0.003659
0.009003
0.002605
0.004251
0.000508
0.006118
0.005164
0.000809
0.002962
0.000785
0.009087
0.009273
0.009598
0.008790
0.005137
0.001792
0.008795
0.000094
0.007891
0.002550
0.000975
0.008766
0.005601
0.006759
0.009708
0.003201
0.005125
0.009524
0.005702
0.006859
0.003613
0.009352
0.005861
0.006208
0.003603
0.006359
0.002327
0.008757
0.007158
0.005279
0.009532
0.006245
0.004552
0.009130
0.005035
0.009679
0.000922
0.003829
0.009762
0.008803
0.006369
0.000737
0.007569
0.001969
0.007486
0.007278
0.005160
0.002611
0.006802
0.000863
0.009460
0.000415
0.000214
0.005321
0.006613
0.003807
0.001680
0.008929
0.002563
0.008828
0.004208
0.002095
0.005073
0.008750
0.001225
0.000107
0.008429
0.002137
0.003927
0.008191
0.000941
0.000295
0.008918
0.008500
0.002255
0.006404
0.005778
0.007405
0.009005
0.002579
0.008258
0.008465
0.002984
0.008462
0.003786
0.009587
0.002269
0.005457
0.008516
0.004822
0.004285
0.002725
0.006907
0.009348
0.001474
0.008122
0.009445
0.009893
0.000260
0.003372
0.008084
0.001190
0.003657
0.007002
0.009680
0.005902
0.003406
0.005457
0.003307
0.002411
0.008027
0.001565
0.000876
0.001011
0.000027
0.004652
0.000598
0.002286
0.000109
0.009104
0.007098
0.004384
0.001829
0.004005
0.003732
0.003293
0.002128
0.003177
0.003186
0.002377
0.006539
0.001270
0.003557
0.000196
0.008262
0.003237
0.006089
0.001668
0.008685
0.009386
0.004069
0.006712
0.000951
0.004935
0.007713
0.000968
0.009578
0.008301
0.003243
0.009677
0.007406
0.000341
0.004060
0.009225
0.004336
0.007782
0.002518
0.006453
0.000959
0.005694
0.008821
0.007488
0.006954
0.002378
0.007675
0.005216
0.005605
0.003763
0.006874
0.004290
0.003149
0.000943
0.001002
0.004090
0.005868
0.008705
0.005047
0.005446
0.007006
0.008281
0.005122
0.004412
0.008611
0.009173
0.003636
0.002947
0.006955
0.006144
0.009391
0.007904
0.001838
0.008211
0.005392
0.008783
0.000590
0.003067
0.003999
0.006185
0.006820
0.000873
0.000475
0.009959
0.001806
0.001468
0.004049
0.007664
0.000173
0.009087
0.003109
0.007169
0.007367
0.008222
0.001581
0.005979
0.007394
0.005208
0.008916
0.004349
0.001352
0.008307
0.002253
0.003181
0.006518
0.007635
0.001963
0.007097
0.000702
0.005952
0.003282
0.007513
0.006815
0.003748
0.007472
0.008610
0.005206
0.001521
0.006274
0.005368
0.000608
0.009373
0.002538
0.007965
0.007595
0.004109
0.003944
0.004990
0.009307
0.002859
0.009329
0.000659
0.001166
0.001582
0.003829
0.007674
0.009207
0.005783
0.004771
0.009900
0.001735
0.008044
0.007412
0.008539
0.001791
0.004884
0.007150
0.006987
0.006395
0.003424
0.002355
0.006993
0.002797
0.004883
0.004958
0.000392
0.008982
0.008892
0.005372
0.008289
0.001751
0.004701
0.008938
0.002907
0.006272
0.002767
0.000581
0.005480
0.008540
0.005342
0.005379
0.000275
0.003386
0.002792
0.008804
0.005167
0.007666
0.005954
0.002154
0.004061
0.009368
0.004500
0.001055
0.002165
0.009373
0.006003
0.002547
0.008355
0.004895
0.007909
0.006644
0.006636
0.002609
0.005582
0.009533
0.008872
0.008339
0.000114
0.004351
0.006879
0.005446
0.009721
0.007144
0.008822
0.002512
0.005948
0.003989
0.000178
0.001902
0.006133
0.004229
0.001270
0.000633
0.005274
0.003425
0.009996
0.001277
0.005962
0.008351
0.006162
0.003870
0.004995
0.002798
0.006470
0.000577
0.002332
0.005341
0.008906
0.002436
0.009683
0.005785
0.007872
0.009403
0.002930
0.006694
0.001916
0.008868
0.000683
0.002084
0.000770
0.006806
0.006303
0.002030
0.007429
0.001577
0.005445
0.007425
0.002844
0.001407
0.005775
0.008996
0.005267
0.000770
0.001794
0.001737
0.001336
0.004116
0.007068
0.000242
0.006542
0.006751
0.006018
0.004414
0.006154
0.008937
0.001108
0.008060
0.007805
0.001781
0.000144
0.008566
0.008577
0.006437
0.000596
0.006006
0.008004
0.006031
0.003431
0.000848
0.007428
0.009196
0.009834
0.002694
0.009956
0.001628
0.004421
0.001292
0.005734
0.001489
0.001525
0.002276
0.008230
0.007533
0.006680
0.004384
0.006470
0.007778
0.002444
0.004275
0.009549
0.002578
0.002841
0.008126
0.009005
0.003427
0.004132
0.007009
0.009448
0.007553
0.007847
0.006875
0.006749
0.007681
0.009560
0.006705
0.009299
0.003981
0.007988
0.005033
0.005460
0.009503
0.007300
0.003690
0.007035
0.003980
0.008064
0.003505
0.001757
0.000508
0.007771
0.001306
0.003076
0.000612
0.009422
0.002080
0.004029
0.003554
0.009079
0.003477
0.001108
0.006925
0.000352
0.007847
0.004606
0.009902
0.004552
0.003905
0.003883
0.002540
0.008929
0.009333
0.002043
0.006228
0.003023
0.009068
0.000208
0.001087
0.002573
0.001955
0.001585
0.000344
0.003251
0.004651
0.000945
0.002673
0.006721
0.004964
0.006218
0.005800
0.008431
0.007315
0.002725
0.008773
0.005162
0.007321
0.008675
0.009705
0.001226
0.002558
0.002245
0.000155
0.001891
0.004278
0.006373
0.004904
0.003346
0.006571
0.005982
0.005909
0.008516
0.007557
0.006243
0.001767
0.002207
0.007179
0.004431
0.008918
0.002143
0.000648
0.004718
0.000574
0.007954
0.007433
0.009337
0.003116
0.004755
0.008012
0.002820
0.005971
0.000570
0.005055
0.006116
0.002451
0.009323
0.002489
0.007345
0.002669
0.009049
0.003327
0.008569
0.007565
0.000884
0.004812
0.009323
0.003081
0.001991
0.003754
0.001999
0.004124
0.004392
0.006708
0.004687
0.002346
0.004141
0.004024
0.005451
0.008886
0.002036
0.008262
0.004857
0.002595
0.003317
0.000972
0.005036
0.002640
0.003451
0.002382
0.005300
0.002500
0.005699
0.003869
0.000066
0.006573
0.008671
0.009379
0.009644
0.000661
0.003132
0.001643
0.004775
0.007515
0.008341
0.009453
0.009850
0.002482
0.003477
0.005302
0.001368
0.005502
0.003564
0.006214
0.008088
0.006871
0.007177
0.003124
0.009501
0.000627
0.005496
0.004801
0.003117
0.001195
0.008659
0.003173
0.007757
0.007330
0.002552
0.007401
0.007981
0.005674
0.009034
0.002756
0.003189
0.007375
0.002209
0.003039
0.009847
0.005675
0.008331
0.001214
0.001178
0.001894
0.007419
0.009256
0.008755
0.004595
0.002380
0.008256
0.005213
0.007866
0.003057
0.008320
0.009051
0.001716
0.001493
0.006808
0.009036
0.004035
0.004209
0.007017
0.009699
0.003243
0.009764
0.002887
0.000617
0.001973
0.005916
0.000464
0.007638
0.004247
0.001668
0.008806
0.006131
0.009077
0.008062
0.004886
0.003672
0.000441
0.003142
0.008875
0.008297
0.006189
0.007195
0.007348
0.007895
0.008678
0.004156
0.006932
0.002713
0.008355
0.003949
0.002411
0.001597
0.003713
0.005289
0.002205
0.005675
0.001205
0.002659
0.003314
0.005442
0.004317
0.002120
0.001573
0.003394
0.000181
0.006449
0.007056
0.000612
0.009582
0.005931
0.008899
0.005771
0.003125
0.006247
0.003666
0.001803
0.000402
0.000598
0.004505
0.008747
0.004537
0.006907
0.000344
0.008239
0.002195
0.002539
0.003915
0.003391
0.005188
0.007218
0.008823
0.009495
0.009328
0.000396
0.002889
0.009499
0.006835
0.009935
0.000111
0.006417
0.005866
0.009000
0.002187
0.008981
0.005247
0.005843
0.000783
0.005639
0.006431
0.005279
0.004386
0.000968
0.002185
0.004720
0.009197
0.004371
0.007250
0.003112
0.007751
0.002437
0.000330
0.006574
0.001933
0.009648
0.006959
0.004812
0.009147
0.003795
0.004747
0.009249
0.000211
0.000612
0.008249
0.002388
0.009583
0.003496
0.008222
0.000366
0.009126
0.004653
0.005635
0.003512
0.005610
0.007810
0.008222
0.004808
0.002180
0.005472
0.007909
0.009922
0.007899
0.008230
0.006495
0.009822
0.007878
0.003455
0.004633
0.007025
0.007239
0.009370
0.006274
0.007440
0.009972
0.004523
0.009819
0.009555
0.008009
0.008041
0.009911
0.007134
0.002694
0.005546
0.000646
0.008294
0.003355
0.008858
0.003102
0.005526
0.004330
0.001011
0.005447
0.002230
0.009231
0.001943
0.002051
0.007109
0.005387
0.006675
0.004134
0.002626
0.006045
0.000408
0.000067
0.006017
0.004920
0.009876
0.005572
0.002929
0.007916
0.005483
0.000063
0.000610
0.001029
0.000699
0.008894
0.004374
0.009548
0.001995
0.009890
0.003878
0.002996
0.005338
0.006098
0.002227
0.007270
0.008139
0.009326
0.002657
0.004814
0.003460
0.005274
0.000859
0.003857
0.005330
0.006866
0.008767
0.005206
0.002438
0.001696
0.003122
0.007912
0.001750
0.003722
0.008931
0.002439
0.002616
0.003305
0.001987
0.004601
0.003195
0.005855
0.007587
0.008523
0.001953
0.009804
0.005793
0.000092
0.009130
0.008440
0.004895
0.002590
0.003714
0.005744
0.006437
0.009034
0.002611
0.005204
0.004240
0.005039
0.006890
0.007352
0.002951
0.008630
0.001074
0.001881
0.001069
0.003680
0.005176
0.003046
0.008271
0.008361
0.008891
0.005858
0.006884
0.000844
0.005663
0.002677
0.000925
0.004793
0.001117
0.005811
0.007372
0.004820
0.001555
0.003809
0.003855
0.004155
0.009003
0.008085
0.009184
0.005893
0.005437
0.002135
0.004524
0.006501
0.004006
0.005583
0.000181
0.009172
0.008619
0.008442
0.007534
0.007510
0.004300
0.004418
0.008344
0.009953
0.007084
0.009259
0.004745
0.008191
0.005069
0.002118
0.003011
0.006614
0.005917
0.006856
0.000770
0.004920
0.004941
0.009944
0.000813
0.000378
0.002079
0.005327
0.006869
0.006076
0.000909
0.007040
0.005248
0.009518
0.005482
0.002782
0.007028
0.009772
0.007190
0.005372
0.009725
0.004274
0.004631
0.004471
0.002465
0.009690
0.006578
0.005466
0.006305
0.002495
0.002322
0.007064
0.007404
0.007253
0.007009
0.008208
0.007621
0.009078
0.003534
0.004490
0.005153
0.004434
0.001530
0.000401
0.003952
0.007002
0.003173
0.000981
0.006775
0.000363
0.006343
0.006500
0.004626
0.000974
0.000971
0.007081
0.000664
0.007539
0.002548
0.006958
0.000034
0.004860
0.004023
0.007428
0.002113
0.001031
0.005636
0.009724
0.000109
0.009160
0.004213
0.005253
0.003594
0.005733
0.005644
0.007536
0.002735
0.008807
0.008506
0.009500
0.009160
0.004849
0.006000
0.003786
0.005813
0.006960
0.000867
0.006466
0.004499
0.003405
0.003425
0.004523
0.008255
0.007438
0.001951
0.000368
0.008459
0.007577
0.000091
0.008558
0.006737
0.004295
0.003811
0.000331
0.000028
0.009445
0.007857
0.002753
0.008252
0.006364
0.002253
0.007411
0.001213
0.008243
0.001197
0.007015
0.005203
0.002055
0.003482
0.009692
0.005450
0.006896
0.004215
0.003704
0.004334
0.006156
0.004062
0.002793
0.003734
0.004143
0.001351
0.000471
0.008428
0.005152
0.000792
0.008446
0.004597
0.008639
0.001200
0.002849
0.005003
0.003443
0.000260
0.006205
0.001686
0.001447
0.003220
0.006879
0.003492
0.006692
0.006571
0.008932
0.003588
0.000786
0.002636
0.007912
0.006932
0.006688
0.000705
0.000666
0.000832
0.002047
0.001127
0.009250
0.007189
0.001909
0.007696
0.001786
0.000548
0.008886
0.004625
0.005541
0.002329
0.004875
0.001746
0.004004
0.006313
0.004956
0.000883
0.009795
0.001648
0.007443
0.008726
0.005226
0.008219
0.001362
0.003138
0.005151
0.008041
0.003834
0.005807
0.008862
0.005871
0.006924
0.008112
0.003060
0.008822
0.005809
0.004836
0.009360
0.004694
0.009452
0.004901
0.007013
0.004327
0.006636
0.001017
0.000639
0.001593
0.001890
0.000434
0.003231
0.009323
0.009150
0.008447
0.007543
0.000512
0.001585
0.002694
0.008543
0.005409
0.008491
0.007405
0.001280
0.005415
0.005518
0.004330
0.004237
0.001326
0.009156
0.003597
0.006011
0.008608
0.008488
0.003024
0.002935
0.005124
0.004031
0.003564
0.006707
0.005911
0.003988
0.009927
0.005234
0.003138
0.008374
0.002777
0.003640
0.009949
0.005461
0.002183
0.005359
0.003952
0.009579
0.006629
0.009356
0.005096
0.000959
0.003593
0.006413
0.000115
0.007180
0.002423
0.008713
0.005668
0.005437
0.001648
0.000792
0.009458
0.005202
0.007489
0.005368
0.009179
0.007417
0.000602
0.002317
0.005791
0.003369
0.005947
0.005741
0.008820
0.008120
0.001099
0.002772
0.007698
0.007718
0.002128
0.002795
0.008666
0.005711
0.009197
0.008772
0.002892
0.001621
0.007485
0.008550
0.007047
0.009122
0.009332
0.006505
0.004324
0.006822
0.001873
0.003503
0.004238
0.002466
0.005810
0.000029
0.005825
0.001757
0.005760
0.004645
0.009866
0.006849
0.007407
0.007565
0.004567
0.009525
0.000360
0.003233
0.005236
0.009547
0.002005
0.008117
0.001168
0.009479
0.006667
0.008205
0.008602
0.005999
0.004710
0.002925
0.002821
0.006573
0.006418
0.007049
0.009029
0.002228
0.007069
0.004853
0.003975
0.002829
0.009488
0.003841
0.009668
0.006895
0.001406
0.004235
0.006419
0.001756
0.007458
0.001655
0.001303
0.009453
0.009762
0.002461
0.008932
0.006429
0.000666
0.007534
0.002429
0.005366
0.000460
0.005239
0.001939
0.006868
0.002289
0.000967
0.009086
0.009347
0.005811
0.003061
0.002176
0.005299
0.006892
0.001844
0.002194
0.008288
0.006069
0.008603
0.000044
0.003527
0.000258
0.001337
0.002980
0.000020
0.003787
0.001912
0.006439
0.004443
0.009436
0.008858
0.009799
0.009886
0.004097
0.001737
0.006754
0.006376
0.002694
0.005840
0.005723
0.008495
0.008891
0.007889
0.003794
0.005782
0.009723
0.005977
0.004070
0.005792
0.004580
0.004104
0.009309
0.004828
0.005430
0.002289
0.004838
0.009208
0.004191
0.001277
0.003651
0.003628
0.000135
0.003449
0.003514
0.004223
0.005176
0.000268
0.000599
0.007861
0.006097
0.006312
0.006356
0.004988
0.004201
0.000149
0.000770
0.003925
0.006117
0.004830
0.009707
0.000697
0.008924
0.009016
0.005514
0.004354
0.001305
0.000352
0.003562
0.005487
0.001620
0.007203
0.009104
0.001745
0.000652
0.002618
0.005958
0.005818
0.002876
0.006547
0.003679
0.008963
0.002859
0.000035
0.003951
0.007050
0.000174
0.004711
0.000975
0.006281
0.009531
0.000682
0.006967
0.008455
0.009688
0.002482
0.002810
0.000993
0.002824
0.006362
0.006470
0.004434
0.003565
0.005574
0.006169
0.004207
0.008182
0.002127
0.000025
0.001058
0.008663
0.003694
0.000021
0.001522
0.003719
0.003962
0.008563
0.003883
0.008663
0.009528
0.000164
0.008194
0.000210
0.007121
0.006650
0.009888
0.009592
0.009450
0.000882
0.002416
0.005811
0.007342
0.006840
0.009366
0.002916
0.003009
0.003573
0.001098
0.005126
0.003588
0.002146
0.003789
0.007272
0.002157
0.005301
0.000991
0.006109
0.003864
0.004864
0.004772
0.003392
0.005018
0.002967
0.003592
0.002138
0.009607
0.003480
0.001731
0.009056
0.004351
0.004137
0.004868
0.001693
0.000977
0.004234
0.004599
0.003976
0.007796
0.005688
0.009092
0.001384
0.007824
0.002881
0.008646
0.009972
0.008172
0.009627
0.006081
0.002036
0.004491
0.000853
0.005418
0.009498
0.003810
0.008999
0.001637
0.003417
0.002479
0.003358
0.002473
0.006821
0.007485
0.007331
0.008504
0.008453
0.001564
0.003103
0.002429
0.009351
0.008781
0.001521
0.000735
0.006605
0.004392
0.009371
0.006577
0.002565
0.008998
0.002658
0.004591
0.003489
0.003501
0.009999
0.002987
0.007301
0.008998
0.004614
0.000718
0.001478
0.007962
0.003181
0.008288
0.005447
0.000512
0.006792
0.003900
0.002066
0.009885
0.006319
0.001417
0.008666
0.007830
0.002142
0.005271
0.002222
0.001513
0.001848
0.004776
0.000510
0.004495
0.009357
0.003989
0.007986
0.009356
0.006966
0.005287
0.008355
0.001580
0.005995
0.009822
0.009531
0.009166
0.008111
0.004978
0.009668
0.004903
0.008868
0.001734
0.004788
0.005186
0.003141
0.003454
0.003016
0.005273
0.008716
0.005228
0.006775
0.000563
0.009994
0.007276
0.005049
0.009352
0.001265
0.003035
0.008708
0.008221
0.008312
0.007063
0.009790
0.004307
0.006885
0.009321
0.003473
0.004996
0.004299
0.003141
0.009888
0.003167
0.004865
0.004677
0.008343
0.007996
0.008121
0.001359
0.003269
0.006837
0.006577
0.000045
0.007390
0.006571
0.007310
0.002438
0.005923
0.008565
0.005463
0.004631
0.006786
0.003775
0.001693
0.006576
0.008072
0.008568
0.005897
0.001546
0.003564
0.000197
0.004677
0.003452
0.003354
0.009532
0.008119
0.001697
0.007529
0.006240
0.003046
0.000798
0.003076
0.009613
0.000832
0.000466
0.006184
0.008133
0.002894
0.002107
0.006698
0.008348
0.006728
0.003484
0.002123
0.008411
0.000059
0.000195
0.006979
0.005947
0.001731
0.000543
0.006134
0.006398
0.003985
0.009477
0.005930
0.002103
0.001175
0.003459
0.008333
0.004211
0.004247
0.001409
0.003824
0.005069
0.001865
0.009999
0.003202
0.004749
0.002106
0.009889
0.003097
0.008823
0.003373
0.005210
0.007234
0.003422
0.005395
0.004213
0.009359
0.007116
0.004746
0.005493
0.003514
0.008720
0.004970
0.009434
0.000823
0.006134
0.002893
0.009146
0.000345
0.007130
0.000555
0.004160
0.002199
0.002410
0.004158
0.005390
0.007149
0.006254
0.005279
0.000246
0.005078
0.008642
0.005446
0.002312
0.002065
0.000841
0.006515
0.001424
0.007948
0.001261
0.006906
0.001462
0.009971
0.001876
0.000896
0.000795
0.008001
0.003779
0.009931
0.008336
0.000909
0.000486
0.002496
0.003097
0.002886
0.006644
0.008478
0.000036
0.002898
0.003757
0.000272
0.007966
0.002399
0.005709
0.000278
0.004454
0.006540
0.006783
0.005868
0.004487
0.008034
0.002774
0.005939
0.008005
0.004640
0.006825
0.008789
0.002640
0.000604
0.008720
0.000976
0.001503
0.009196
0.003462
0.004591
0.002083
0.000106
0.003068
0.002109
0.002994
0.006815
0.002371
0.000960
0.009204
0.008069
0.001228
0.003658
0.004609
0.008001
0.009516
0.009087
0.006034
0.002290
0.005026
0.004039
0.006920
0.001851
0.002828
0.009550
0.002445
0.001549
0.000526
0.003939
0.000745
0.003979
0.008519
0.002818
0.004075
0.001587
0.004916
0.007059
0.008393
0.007277
0.008009
0.007597
0.005346
0.009226
0.001256
0.009945
0.007227
0.000772
0.009032
0.003261
0.003051
0.004058
0.007290
0.009961
0.005899
0.000119
0.009511
0.008334
0.001657
0.000037
0.002273
0.002392
0.004006
0.000792
0.005200
0.008071
0.002369
0.000116
0.005129
0.000762
0.007383
0.003138
0.008349
0.002729
0.002365
0.009594
0.002674
0.009582
0.000366
0.001706
0.002843
0.003407
0.005754
0.000133
0.003368
0.001653
0.000242
0.002879
0.009977
0.001889
0.002907
0.002250
0.004271
0.006903
0.003031
0.009461
0.004973
0.005391
0.009567
0.000103
0.006143
0.006950
0.003231
0.004492
0.009669
0.005585
0.004086
0.002343
0.005167
0.004442
0.004039
0.008000
0.007839
0.009784
0.008123
0.001208
0.001437
0.008355
0.004077
0.001414
0.000244
0.006973
0.003653
0.004505
0.003876
0.006675
0.003966
0.008839
0.002065
0.003533
0.008932
0.008198
0.000482
0.002163
0.002689
0.000151
0.007738
0.006766
0.002484
0.002905
0.001208
0.006514
0.000905
0.009037
0.006297
0.009019
0.000244
0.007724
0.007374
0.004311
0.009127
0.007608
0.001285
0.002780
0.002113
0.005151
0.009445
0.006069
0.003990
0.001510
0.009592
0.002922
0.009698
0.000074
0.005075
0.002388
0.000216
0.002813
0.009143
0.002690
0.005708
0.000351
0.009193
0.006604
0.009378
0.005490
0.005622
0.009612
0.003214
0.002996
0.003923
0.002341
0.000604
0.005198
0.005112
0.002707
0.000349
0.004557
0.008766
0.004329
0.006057
0.008358
0.007241
0.005755
0.008422
0.002316
0.008133
0.008628
0.005119
0.007276
0.001317
0.000827
0.007617
0.000511
0.007421
0.006995
0.005991
0.003043
0.006607
0.009195
0.006029
