0.000530
0.001537
0.006622
0.005718
0.006639
0.009319
0.006057
0.001196
0.008085
0.000386
0.007243
0.006442
0.007617
0.002999
0.004865
0.009923
0.001132
0.003492
0.005042
0.008398
0.004800
0.005859
0.006015
0.005301
0.003280
0.003010
0.001292
0.006312
0.009606
0.000487
0.002341
0.000136
0.002014
0.008953
0.005844
0.008643
0.008272
0.001901
0.009829
0.006357
0.002277
0.007072
0.002799
0.009884
0.000071
0.007653
0.009807
0.001192
0.001146
0.004848
0.009580
0.005936
0.000707
0.005595
0.001236
0.003977
0.008595
0.002518
0.000289
0.008201
0.002995
0.002620
0.008327
0.005000
0.001573
0.004172
0.003643
0.009835
0.006063
0.003472
0.006192
0.008330
0.000544
0.008981
0.008214
0.000604
0.006634
0.008021
0.001787
0.007770
0.002869
0.001367
0.003706
0.003566
0.006952
0.004932
0.007533
0.005546
0.007440
0.007812
0.003747
0.000435
0.000433
0.002075
0.005425
0.001996
0.006236
0.009058
0.001831
0.002299
0.002530
0.008013
0.000629
0.003063
0.006994
0.008833
0.003658
0.003628
0.006854
0.005434
0.001398
0.009713
0.006791
0.005094
0.003279
0.003743
0.000026
0.000812
0.009280
0.007456
0.008615
0.003027
0.007881
0.009037
0.005092
0.003306
0.001033
0.001328
0.002364
0.002854
0.003617
0.004883
0.000867
0.004236
0.007937
0.007851
0.003069
0.001595
0.001479
0.009913
0.007019
0.002867
0.009626
0.003810
0.007951
0.002905
0.007544
0.007967
0.003707
0.006823
0.005423
0.002322
0.009841
0.003304
0.001359
0.004932
0.006600
0.002382
0.006250
0.008954
0.005227
0.009857
0.003837
0.006084
0.004093
0.001774
0.003935
0.007153
0.003359
0.005405
0.007065
0.000378
0.008262
0.006691
0.004178
0.006213
0.009586
0.001722
0.004180
0.003293
0.008535
0.009593
0.005604
0.008376
0.002896
0.006954
0.003308
0.009486
0.009326
0.009548
0.008440
0.004553
0.009405
0.002277
0.000637
0.003499
0.004041
0.004562
0.000651
0.007389
0.009957
0.007707
0.007757
0.008219
0.004398
0.001935
0.004432
0.003983
0.003647
0.008603
0.007266
0.002182
0.008195
0.002871
0.000558
0.001091
0.009814
0.003856
0.000577
0.009140
0.003404
0.009007
0.003693
0.002810
0.001284
0.004320
0.006298
0.005315
0.008872
0.006940
0.002704
0.008829
0.004646
0.000461
0.007048
0.009034
0.002386
0.001481
0.003018
0.006023
0.000083
0.000284
0.008195
0.008269
0.003145
0.008742
0.009350
0.002959
0.002598
0.009917
0.002099
0.005992
0.008924
0.005782
0.008792
0.000208
0.000101
0.005090
0.005513
0.008963
0.002030
0.008207
0.007792
0.006667
0.008657
0.004841
0.005701
0.001043
0.006311
0.008708
0.007056
0.006385
0.008982
0.005250
0.004653
0.002127
0.003993
0.004003
0.005075
0.006581
0.003921
0.007164
0.002573
0.002845
0.002946
0.001365
0.003043
0.003037
0.006446
0.008546
0.002001
0.008466
0.006753
0.009783
0.005132
0.005410
0.004624
0.000833
0.006444
0.000935
0.009531
0.003499
0.007310
0.008514
0.008740
0.001963
0.000640
0.002732
0.005956
0.005706
0.009303
0.009866
0.002870
0.001877
0.002712
0.005806
0.003232
0.005745
0.008833
0.009668
0.004291
0.000834
0.008134
0.001044
0.000617
0.003266
0.006444
0.005231
0.004089
0.002887
0.006156
0.003620
0.006377
0.003465
0.002134
0.005117
0.005418
0.002764
0.007839
0.001374
0.008460
0.007142
0.001240
0.001330
0.009009
0.003942
0.007126
0.002241
0.009676
0.005959
0.001909
0.003967
0.006783
0.000043
0.005001
0.007390
0.003298
0.001445
0.002621
0.007377
0.004322
0.008766
0.000998
0.000699
0.002231
0.003122
0.005806
0.007639
0.005876
0.003645
0.009003
0.004336
0.000787
0.000243
0.005655
0.009786
0.004175
0.002781
0.002027
0.003851
0.008730
0.003926
0.007808
0.005513
0.003959
0.002809
0.002904
0.007247
0.004244
0.005514
0.004625
0.008556
0.004281
0.005613
0.009245
0.006502
0.008724
0.005051
0.004141
0.004600
0.008686
0.003144
0.008926
0.009463
0.003377
0.004581
0.009249
0.007542
0.007352
0.001276
0.001393
0.006082
0.005193
0.009192
0.001596
0.009141
0.002001
0.004489
0.006389
0.006235
0.009994
0.001014
0.004791
0.004275
0.006616
0.004037
0.000777
0.005341
0.009078
0.004908
0.009931
0.007763
0.008042
0.008857
0.007226
0.001420
0.003438
0.006475
0.008952
0.000791
0.007741
0.000345
0.006863
0.002933
0.009526
0.008449
0.002075
0.001527
0.002938
0.008453
0.007752
0.002932
0.009457
0.002543
0.007197
0.006073
0.006570
0.007963
0.001414
0.005648
0.002872
0.001345
0.003411
0.000914
0.000203
0.000637
0.002324
0.003631
0.007101
0.001275
0.004412
0.004842
0.001610
0.001275
0.007765
0.001136
0.009714
0.009830
0.002653
0.002652
0.008283
0.000405
0.005574
0.007740
0.002939
0.002771
0.003814
0.009499
0.000734
0.005218
0.005146
0.003596
0.006553
0.008547
0.004500
0.006745
0.009174
0.006814
0.000376
0.006275
0.008079
0.004778
0.001117
0.009679
0.006043
0.008872
0.000815
0.005757
0.008702
0.003458
0.008399
0.006985
0.003854
0.003974
0.004725
0.006782
0.006735
0.008529
0.006281
0.007459
0.003746
0.001427
0.001055
0.000299
0.009965
0.005545
0.007035
0.009139
0.002359
0.007401
0.005414
0.000438
0.002180
0.006521
0.000117
0.008213
0.005393
0.000922
0.003970
0.004095
0.004370
0.002370
0.001080
0.008214
0.006333
0.005795
0.004996
0.003068
0.004324
0.001277
0.000528
0.008061
0.002695
0.001573
0.008350
0.002659
0.007108
0.005385
0.001798
0.009458
0.002786
0.007202
0.009886
0.004956
0.003723
0.009993
0.003169
0.009106
0.000915
0.007129
0.003201
0.005275
0.009488
0.004271
0.003489
0.005822
0.000066
0.008475
0.008880
0.004381
0.009743
0.009398
0.002441
0.002437
0.000971
0.000791
0.005087
0.008069
0.006166
0.006875
0.007527
0.008943
0.004077
0.007413
0.003899
0.007790
0.007406
0.007057
0.006896
0.008310
0.004186
0.000097
0.003586
0.003675
0.004358
0.007065
0.009487
0.004414
0.005540
0.008367
0.008785
0.005283
0.007765
0.001226
0.007710
0.008726
0.002007
0.002797
0.006795
0.008163
0.009662
0.004322
0.007106
0.003739
0.001735
0.001005
0.001529
0.009131
0.008052
0.008415
0.007441
0.002238
0.008502
0.001027
0.005903
0.002860
0.008082
0.005390
0.007265
0.003622
0.003757
0.006050
0.008895
0.001522
0.007266
0.006605
0.000248
0.009263
0.009392
0.007033
0.007426
0.009054
0.001355
0.004533
0.002793
0.003081
0.005527
0.004312
0.002211
0.003579
0.002727
0.009643
0.005808
0.001229
0.000669
0.001711
0.004079
0.008741
0.007091
0.001344
0.002363
0.000848
0.007383
0.001258
0.002360
0.004649
0.007853
0.002598
0.003912
0.007245
0.009621
0.001339
0.006299
0.000976
0.005861
0.009082
0.004047
0.001388
0.003394
0.006248
0.004957
0.006111
0.005891
0.000765
0.007330
0.006550
0.002466
0.001410
0.005291
0.009547
0.002744
0.007644
0.000395
0.000127
0.008892
0.002745
0.004766
0.006745
0.005333
0.008668
0.003990
0.004954
0.009997
0.000288
0.005921
0.005858
0.009360
0.009958
0.007236
0.002754
0.006206
0.002193
0.008855
0.002097
0.002948
0.006186
0.008638
0.005404
0.007585
0.003929
0.004951
0.000329
0.001573
0.005336
0.000446
0.000465
0.008071
0.005202
0.007200
0.003404
0.003870
0.001189
0.008348
0.003867
0.001468
0.004269
0.009715
0.000828
0.004227
0.006951
0.003572
0.000433
0.009134
0.002427
0.002520
0.002083
0.008603
0.001158
0.007477
0.006188
0.005076
0.002429
0.006507
0.006640
0.007755
0.006942
0.007095
0.005826
0.002144
0.004295
0.009221
0.006004
0.005474
0.007569
0.009861
0.006932
0.001838
0.009576
0.007750
0.006055
0.006527
0.001322
0.006478
0.005661
0.003739
0.008988
0.007734
0.002342
0.000145
0.005211
0.008520
0.005212
0.007629
0.005026
0.001851
0.005384
0.001969
0.008936
0.001211
0.004103
0.003231
0.000431
0.000107
0.008694
0.007990
0.009958
0.005626
0.009819
0.009534
0.003376
0.005874
0.006060
0.004687
0.002351
0.001721
0.008416
0.001339
0.009445
0.000758
0.001474
0.004656
0.009268
0.006676
0.002285
0.004294
0.008517
0.007659
0.006253
0.007453
0.008860
0.000356
0.000684
0.009281
0.000453
0.009368
0.007271
0.000411
0.004994
0.007090
0.009935
0.008360
0.002964
0.005996
0.003047
0.005305
0.007707
0.001463
0.006634
0.007151
0.002211
0.008098
0.001807
0.001479
0.004774
0.004082
0.005764
0.003291
0.001741
0.002017
0.000744
0.000601
0.002363
0.001418
0.009872
0.002806
0.000786
0.007143
0.003207
0.005770
0.004233
0.003143
0.004129
0.007187
0.009128
0.007166
0.002492
0.006835
0.008620
0.009116
0.003986
0.000831
0.007214
0.005783
0.002301
0.001988
0.009855
0.008054
0.005269
0.001597
0.000071
0.006003
0.002187
0.002424
0.007411
0.002059
0.005220
0.008186
0.009192
0.008417
0.003956
0.003425
0.001560
0.008075
0.000612
0.000688
0.005242
0.003093
0.007513
0.003861
0.002209
0.001499
0.004683
0.009413
0.007272
0.006973
0.001401
0.007128
0.005027
0.006660
0.008714
0.005088
0.002663
0.000902
0.007502
0.000073
0.002951
0.002721
0.008249
0.002142
0.001138
0.002205
0.005557
0.002688
0.000280
0.006159
0.003366
0.005512
0.009242
0.000879
0.009363
0.001451
0.002368
0.004046
0.000864
0.009630
0.001019
0.002255
0.006758
0.006036
0.008905
0.005473
0.001124
0.001567
0.006364
0.008615
0.001630
0.009305
0.001337
0.009870
0.001447
0.002465
0.002075
0.006995
0.005144
0.002345
0.003154
0.008500
0.007847
0.002396
0.009368
0.007210
0.003838
0.001736
0.001255
0.004692
0.001366
0.002264
0.006937
0.008114
0.008290
0.005841
0.003587
0.009404
0.007398
0.009941
0.008019
0.009019
0.009246
0.009346
0.008888
0.000693
0.001811
0.000963
0.007678
0.006945
0.003298
0.000831
0.005445
0.001145
0.003218
0.004813
0.008345
0.007045
0.006539
0.009590
0.001737
0.007895
0.001854
0.008664
0.006009
0.000144
0.004505
0.009586
0.009538
0.001904
0.009527
0.007557
0.000922
0.008773
0.006903
0.009801
0.009456
0.008704
0.000764
0.007134
0.005649
0.004052
0.007955
0.001094
0.005187
0.001173
0.005897
0.003531
0.008208
0.002435
0.003121
0.009935
0.000330
0.004965
0.008599
0.006330
0.005099
0.003104
0.005916
0.004637
0.004997
0.005443
0.002194
0.005909
0.004216
0.009087
0.005710
0.003672
0.007791
0.006464
0.000806
0.003440
0.000516
0.008751
0.004524
0.005692
0.009913
0.000420
0.009214
0.008121
0.002846
0.002335
0.008056
0.003166
0.007290
0.006655
0.009486
0.002390
0.009748
0.005402
0.007017
0.004745
0.000845
0.009200
0.000655
0.005051
0.008287
0.006355
0.008713
0.006077
0.002818
0.009509
0.009507
0.003324
0.008259
0.004031
0.009006
0.008173
0.004441
0.008220
0.006294
0.007277
0.000555
0.004350
0.000443
0.007835
0.001004
0.009919
0.000224
0.000752
0.005321
0.007231
0.005488
0.006156
0.006431
0.006132
0.001207
0.004718
0.002487
0.009909
0.000795
0.005296
0.009418
0.000303
0.008610
0.007677
0.004324
0.007616
0.005850
0.008755
0.005836
0.002144
0.006033
0.006381
0.006484
0.006466
0.004215
0.007478
0.006385
0.004430
0.008220
0.001706
0.001661
0.003708
0.007852
0.008082
0.009831
0.009049
0.002800
0.002318
0.008958
0.003585
0.007603
0.008376
0.003878
0.006213
0.006053
0.008192
0.003829
0.001903
0.006948
0.009655
0.004037
0.002980
0.006035
0.000521
0.009436
0.000251
0.007989
0.005822
0.004671
0.006209
0.007518
0.006321
0.009908
0.005370
0.004404
0.009738
0.004418
0.007194
0.002056
0.003377
0.000779
0.009649
0.001753
0.004647
0.005862
0.007796
0.002839
0.009680
0.009690
0.009777
0.009335
0.003727
0.002757
0.005370
0.004238
0.002194
0.005611
0.002227
0.008006
0.000282
0.008426
0.005523
0.006593
0.008334
0.000893
0.000997
0.008072
0.005302
0.008180
0.000128
0.008668
0.008949
0.009767
0.000421
0.003596
0.005629
0.008207
0.006426
0.005309
0.007897
0.006203
0.004644
0.001623
0.008950
0.000014
0.005851
0.001144
0.005615
0.008068
0.009140
0.005887
0.006494
0.004663
0.002480
0.004828
0.005546
0.003467
0.002900
0.000848
0.001647
0.003018
0.009506
0.000596
0.002784
0.009917
0.004182
0.008403
0.008124
0.000608
0.003712
0.006021
0.006801
0.008346
0.007635
0.005751
0.008350
0.003486
0.006885
0.003966
0.001554
0.006024
0.009843
0.008038
0.000687
0.002323
0.002866
0.006224
0.005779
0.005755
0.007062
0.007416
0.008763
0.006568
0.008002
0.001548
0.006485
0.002184
0.009941
0.004610
0.002782
0.003653
0.000631
0.009573
0.001999
0.008256
0.005323
0.000349
0.001741
0.002208
0.004305
0.003285
0.008223
0.004148
0.001323
0.008900
0.006461
0.004179
0.005124
0.002240
0.009924
0.002185
0.009646
0.008687
0.008743
0.007648
0.000235
0.005229
0.009822
0.000175
0.009828
0.002605
0.003818
0.000459
0.002177
0.005807
0.008705
0.007491
0.006146
0.000446
0.009689
0.000450
0.003722
0.007912
0.004588
0.005035
0.006812
0.001049
0.009203
0.001936
0.003279
0.009127
0.004111
0.002925
0.007814
0.002855
0.000573
0.008039
0.008073
0.000396
0.008204
0.007901
0.002990
0.002022
0.008351
0.005157
0.007819
0.007056
0.002648
0.003964
0.007492
0.002337
0.004405
0.001213
0.000249
0.008983
0.006238
0.007051
0.000032
0.005441
0.008977
0.003300
0.004568
0.003088
0.006215
0.002382
0.005933
0.006778
0.000421
0.004006
0.007164
0.008615
0.001907
0.000154
0.000638
0.000258
0.005301
0.008446
0.007304
0.007940
0.002410
0.004795
0.000277
0.006805
0.005999
0.000516
0.005788
0.002237
0.007557
0.005809
0.007668
0.006534
0.009100
0.002236
0.009612
0.005315
0.004608
0.005545
0.002093
0.005019
0.009541
0.009247
0.003635
0.001448
0.009391
0.004262
0.001696
0.004693
0.002708
0.008990
0.002632
0.005109
0.003785
0.002899
0.001914
0.009774
0.003405
0.007691
0.002010
0.000963
0.003501
0.009668
0.007487
0.002601
0.001904
0.007099
0.007906
0.006502
0.002644
0.009989
0.001521
0.002185
0.009236
0.005146
0.003623
0.008627
0.009398
0.005309
0.003319
0.002107
0.004298
0.005942
0.007205
0.008073
0.008831
0.009109
0.007847
0.002236
0.006800
0.009847
0.003189
0.000301
0.009515
0.000675
0.002892
0.001419
0.007765
0.000797
0.007910
0.000409
0.000786
0.009421
0.002583
0.000022
0.004567
0.006196
0.008639
0.003966
0.001505
0.001958
0.006062
0.005793
0.007890
0.003268
0.003867
0.006720
0.002377
0.001714
0.008946
0.009167
0.001561
0.002135
0.009458
0.001076
0.002800
0.002350
0.002484
0.000565
0.003137
0.000394
0.000964
0.003913
0.009806
0.003537
0.003925
0.004373
0.009723
0.002564
0.008329
0.001228
0.004512
0.004391
0.007011
0.002401
0.007649
0.000878
0.009112
0.000026
0.002582
0.008058
0.009182
0.004132
0.000193
0.008641
0.005198
0.002984
0.000991
0.007672
0.003539
0.004118
0.008056
0.004492
0.008021
0.007862
0.008019
0.001946
0.002235
0.007742
0.004500
0.000564
0.008960
0.009002
0.004946
0.005971
0.001404
0.002595
0.006839
0.000515
0.002610
0.009411
0.008563
0.001793
0.003543
0.008746
0.000433
0.008730
0.001730
0.001414
0.006402
0.005258
0.005522
0.004458
0.009740
0.003543
0.002320
0.007759
0.005479
0.004546
0.005501
0.009969
0.005100
0.004461
0.008972
0.000046
0.000432
0.000375
0.002631
0.007261
0.000881
0.005231
0.006672
0.009434
0.007014
0.000214
0.008180
0.007437
0.008935
0.009900
0.008840
0.005337
0.005158
0.004362
0.009785
0.004899
0.007895
0.002105
0.002658
0.003374
0.006641
0.008149
0.003343
0.001741
0.002610
0.002315
0.001777
0.003032
0.002680
0.004398
0.000294
0.003551
0.009619
0.006955
0.002985
0.006632
0.007160
0.001165
0.004069
0.006094
0.001065
0.002909
0.001431
0.006213
0.007261
0.001216
0.001112
0.005156
0.003311
0.003761
0.008520
0.009942
0.001910
0.001863
0.001683
0.004510
0.004168
0.003450
0.007533
0.006839
0.007838
0.007816
0.000390
0.007456
0.004772
0.003364
0.004088
0.001931
0.004519
0.008147
0.008015
0.005574
0.001056
0.009436
0.001787
0.008308
0.000652
0.002889
0.003464
0.003953
0.006640
0.001984
0.003895
0.008540
0.003837
0.005568
0.003050
0.007996
0.009007
0.000583
0.004835
0.006845
0.008390
0.005214
0.004301
0.003161
0.008569
0.008380
0.005083
0.003088
0.006527
0.003098
0.008651
0.007573
0.002534
0.000439
0.005881
0.003176
0.003318
0.009335
0.007119
0.009948
0.001319
0.001013
0.008488
0.005146
0.006571
0.001538
0.003142
0.005578
0.002111
0.007967
0.002423
0.000501
0.003181
0.006715
0.003652
0.001749
0.005094
0.008725
0.004827
0.001621
0.001823
0.003478
0.009184
0.004347
0.003907
0.005065
0.007513
0.007215
0.004400
0.004631
0.007163
0.005709
0.005635
0.005650
0.000855
0.002205
0.007178
0.003987
0.007774
0.009279
0.001954
0.000197
0.009769
0.005125
0.006902
0.003421
0.006864
0.001996
0.002146
0.001691
0.003607
0.003959
0.005160
0.002792
0.008295
0.009057
0.007847
0.005808
0.006272
0.002247
0.000439
0.003434
0.007947
0.006064
0.009074
0.008792
0.008259
0.006252
0.002779
0.006033
0.005531
0.004723
0.006220
0.005300
0.009838
0.003122
0.008712
0.006702
0.005108
0.000858
0.008383
0.008705
0.004806
0.003543
0.001497
0.003102
0.002600
0.009334
0.008900
0.008861
0.001582
0.009329
0.002296
0.009518
0.005393
0.001370
0.008310
0.003653
0.007612
0.001089
0.009675
0.003142
0.005802
0.005895
0.008432
0.005640
0.009007
0.007144
0.002342
0.004115
0.007992
0.000726
0.002820
0.002798
0.004259
0.004308
0.005890
0.006849
0.003642
0.004790
0.005710
0.005214
0.004120
0.007996
0.004732
0.009503
0.009356
0.003043
0.003155
0.006967
0.004122
0.002831
0.000110
0.009914
0.008716
0.008532
0.005554
0.007723
0.005676
0.007887
0.001838
0.003668
0.008602
0.004648
0.006456
0.002861
0.008946
0.002347
0.009700
0.002588
0.007127
0.005411
0.007792
0.001246
0.003407
0.002524
0.000749
0.002762
0.005556
0.003894
0.009720
0.009668
0.006715
0.009819
0.009583
0.005431
0.008351
0.005137
0.003154
0.004028
0.003024
0.004982
0.007686
0.001626
0.009621
0.004142
0.004477
0.008567
0.006478
0.004178
0.001155
0.003605
0.009578
0.008936
0.004841
0.002985
0.001460
0.005580
0.005737
0.007007
0.009465
0.005457
0.006675
0.006180
0.005276
0.006258
0.001611
0.003627
0.001395
0.004755
0.007645
0.004408
0.009727
0.005330
0.006024
0.009347
0.009462
0.000502
0.007914
0.005941
0.004670
0.009059
0.009536
0.004248
0.007995
0.004377
0.007223
0.009445
0.009948
0.002960
0.006452
0.009412
0.008406
0.003127
0.005592
0.003682
0.009375
0.007193
0.007299
0.000770
0.001947
0.004943
0.005168
0.001674
0.000274
0.001193
0.001022
0.009726
0.001685
0.008926
0.005666
0.006344
0.007985
0.005202
0.000592
0.005980
0.009570
0.007804
0.005425
0.009517
0.000764
0.001877
0.008930
0.009160
0.004995
0.004522
0.002842
0.004370
0.001715
0.000141
0.005130
0.003652
0.005074
0.000298
0.005316
0.005338
0.001481
0.006328
0.005064
0.003155
0.005254
0.000730
0.009489
0.003239
0.005923
0.000081
0.009208
0.005492
0.007876
0.004633
0.005010
0.008629
0.006501
0.003939
0.007790
0.001495
0.008451
0.000631
0.005855
0.000166
0.000762
0.000985
0.003808
0.005826
0.001273
0.009115
0.001164
0.002744
0.005443
0.006218
0.005890
0.000697
0.006938
0.005379
0.003926
0.002861
0.005450
0.003134
0.008343
0.003326
0.007757
0.003352
0.001955
0.004258
0.007282
0.009735
0.005744
0.005733
0.000366
0.001599
0.005889
0.001118
0.002574
0.009687
0.006934
0.003838
0.008802
0.008088
0.006572
0.004245
0.004306
0.002462
0.004932
0.001244
0.007830
0.008848
0.004095
0.003280
0.001982
0.002438
0.006596
0.009729
0.005780
0.008541
0.003987
0.003062
0.008276
0.009721
0.008785
0.008631
0.001320
0.004674
0.009739
0.003884
0.004361
0.006674
0.007712
0.003163
0.004762
0.004284
0.007398
0.009058
0.006736
0.002330
0.000302
0.004566
0.001177
0.004387
0.007836
0.003149
0.006815
0.004432
0.002878
0.002595
0.002973
0.006855
0.005647
0.001249
0.006576
0.004432
0.009871
0.007886
0.009096
0.009610
0.001770
0.003458
0.006284
0.009472
0.006611
0.001046
0.003756
0.004009
0.000104
0.000491
0.006329
0.000396
0.005047
0.007497
0.004773
0.002883
0.000646
0.001588
0.007306
0.003514
0.004173
0.000279
0.000369
0.009810
0.001518
0.006935
0.004242
0.001389
0.004820
0.003338
0.000999
0.006580
0.006786
0.007272
0.006052
0.003397
0.008308
0.009797
0.007396
0.008402
0.000288
0.003725
0.008788
0.005325
0.001222
0.003561
0.008199
0.001858
0.005139
0.005505
0.005361
0.009303
0.005774
0.005720
0.009113
0.007282
0.002655
0.003355
0.008661
0.007465
0.006684
0.009650
0.004045
0.003470
0.006923
0.000097
0.006857
0.005231
0.009884
0.004253
0.003632
0.000173
0.007969
0.002420
0.005488
0.009181
0.005971
0.003686
0.001038
0.001111
0.009181
0.006390
0.000413
0.004955
0.002110
0.009516
0.002237
0.004755
0.002871
0.000899
0.002221
0.009545
0.000549
0.006256
0.003015
0.007462
0.006343
0.009861
0.002692
0.006228
0.004115
0.006315
0.006390
0.002083
0.008725
0.001878
0.001264
0.004696
0.005554
0.002292
0.005797
0.004735
0.008672
0.006201
0.009680
0.000782
0.005717
0.001918
0.005528
0.008578
0.002806
0.007738
0.008123
0.003345
0.003994
0.001138
0.000807
0.000338
0.000999
0.003489
0.006555
0.005104
0.009794
0.002945
0.007177
0.008519
0.004813
0.008431
0.003216
0.000368
0.000723
0.009003
0.005093
0.009385
0.005203
0.004774
0.000167
0.000920
0.006681
0.005685
0.009488
0.009478
0.003423
0.007612
0.002823
0.007407
0.008739
0.003620
0.007735
0.009728
0.007100
0.004290
0.004832
0.006894
0.007226
0.002008
0.005413
0.002039
0.000439
0.008618
0.002397
0.001152
0.007621
0.007480
0.000536
0.002824
0.002253
0.000694
0.003735
0.008925
0.006368
0.003223
0.008403
0.009781
0.000835
0.001226
0.007188
0.009564
0.004836
0.004923
0.009292
0.001936
0.009203
0.004124
0.008819
0.006429
0.006122
0.004232
0.008457
0.006551
0.002851
0.000854
0.007692
0.000472
0.008324
0.008219
0.003286
0.000577
0.008902
0.007011
0.009492
0.005270
0.000234
0.007895
0.005051
0.001059
0.009110
0.002240
0.000622
0.003946
0.007153
0.009904
0.005872
0.006356
0.004028
0.004692
0.002784
0.000150
0.008914
0.001242
0.006691
0.001765
0.002086
0.004383
0.002227
0.000410
0.002602
0.005503
0.000977
0.001504
0.002514
0.000469
0.006764
0.002738
0.008354
0.001816
0.003786
0.007464
0.004046
0.004399
0.001411
0.001198
0.004303
0.007273
0.007544
0.008321
0.001964
0.000328
0.008461
0.000878
0.001560
0.005151
0.002633
0.003636
0.009524
0.004850
0.004035
0.002126
0.000353
0.005002
0.003620
0.002856
0.005462
0.000384
0.005584
0.003815
0.002190
0.009360
0.001280
0.006226
0.003759
0.002680
0.007414
0.008052
0.009943
0.004958
0.006373
0.001907
0.005276
0.004834
0.002775
0.006826
0.009975
0.005398
0.000461
0.009499
0.000248
0.004487
0.001625
0.000590
0.009479
0.005235
0.003436
0.004941
0.005609
0.009011
0.008746
0.007790
0.008371
0.000026
0.004015
0.002130
0.002696
0.001429
0.000183
0.002639
0.006377
0.006546
0.004536
0.001653
0.001380
0.007301
0.008469
0.001355
0.002699
0.008920
0.000854
0.002936
0.003407
0.002470
0.003516
0.002886
0.007695
0.006943
0.007817
0.003304
0.005954
0.006563
0.001094
0.004325
0.006579
0.005099
0.006445
0.009265
0.006518
0.006618
0.001904
0.002895
0.003163
0.006429
0.004538
0.004533
0.003730
0.003007
0.005878
0.006419
0.001927
0.006722
0.009345
0.005324
0.009182
0.002862
0.008201
0.006876
0.009794
0.006018
0.000181
0.005748
0.002581
0.001264
0.000073
0.009151
0.006353
0.006508
0.008416
0.002871
0.003125
0.000320
0.005756
0.006279
0.006739
0.000294
0.000812
0.000469
0.003292
0.006679
0.006878
0.005209
0.003402
0.006223
0.000533
0.002583
0.009074
0.008724
0.009450
0.008869
0.004742
0.009620
0.004617
0.007313
0.000885
0.004679
0.006463
0.007227
0.001187
0.004879
0.000098
0.004302
0.005189
0.005845
0.000581
0.001928
0.006129
0.001383
0.002387
0.009411
0.008052
0.009255
0.004619
0.001454
0.005477
0.005143
0.004027
0.004552
0.003867
0.003477
0.003420
0.008598
0.003097
0.008027
0.005911
0.003972
0.002707
0.002375
0.001199
0.003884
0.007244
0.001288
0.008176
0.002433
0.007122
0.008747
0.004350
0.003251
0.000130
0.006727
0.002662
0.008172
0.005982
0.007271
0.009616
0.001459
0.002414
0.003643
0.006001
0.006271
0.007110
0.009411
0.004869
0.000207
0.007438
0.000780
0.004169
0.000145
0.003144
0.005359
0.004019
0.000388
0.006637
0.002195
0.002811
0.003759
0.000942
0.007151
0.007000
0.001062
0.003878
0.009652
0.009224
0.009850
0.006924
0.008839
0.001309
0.009328
0.002482
0.007300
0.005599
0.009582
0.006712
0.000467
0.009779
0.004150
0.001237
0.003949
0.004285
0.004372
0.009298
0.008294
0.004750
0.005934
0.000488
0.007551
0.009683
0.001421
0.004702
0.006684
0.002472
0.008570
0.006336
0.001696
0.008421
0.003260
0.000536
0.009720
0.002588
0.003008
0.007021
0.008176
0.002590
0.003732
0.008634
0.002369
0.007872
0.009861
0.006308
0.002157
0.004233
0.005606
0.000451
0.008973
0.001540
0.000929
0.006524
0.001223
0.002340
0.001226
0.007897
0.004802
0.009786
0.004233
0.006488
0.008207
0.007483
0.007014
0.007927
0.000071
0.000022
0.004947
0.008237
0.002602
0.008670
0.006871
0.004961
0.006542
0.006732
0.001269
0.008689
0.000965
0.006865
0.009129
0.009927
0.008395
0.000058
0.006451
0.009608
0.002388
0.007667
0.007504
0.007180
0.007453
0.001737
0.003668
0.005659
0.009210
0.000682
0.003586
0.009271
0.000694
0.008523
0.007508
0.003285
0.007193
0.004379
0.008237
0.003735
0.001111
0.009496
0.002423
0.002065
0.006361
0.001552
0.001993
0.004756
0.001601
0.008434
0.004363
0.003979
0.006100
0.001868
0.001158
0.003553
0.003595
0.004816
0.009202
0.002805
0.005488
0.002788
0.002076
0.006172
0.001311
0.009574
0.009447
0.008494
0.003952
0.007684
0.002229
0.005053
0.007180
0.004642
0.007108
0.003541
0.006184
0.009091
0.008286
0.007775
0.007525
0.002650
0.001754
0.003625
0.004508
0.002902
0.007168
0.008093
0.007709
0.006370
0.000898
0.003197
0.009148
0.002964
0.009359
0.000459
0.002537
0.008806
0.008943
0.006480
0.006490
0.001172
0.001533
0.003670
0.005804
0.008631
0.007201
0.001988
0.007722
0.005487
0.009754
0.005247
0.008127
0.001508
0.008862
0.002635
0.004400
0.006030
0.000728
0.002109
0.002399
0.001615
0.005296
0.001547
0.004569
0.004655
0.001996
0.007096
0.003461
0.000939
0.003576
0.009941
0.002101
0.005098
0.003611
0.007895
0.003729
0.000812
0.009873
0.001451
0.006290
0.009627
0.006688
0.004417
0.001134
0.005550
0.007042
0.005524
0.001580
0.007759
0.007623
0.003969
0.009364
0.002919
0.005506
0.003933
0.007564
0.007492
0.001029
0.001025
0.008421
0.004595
0.000966
0.000522
0.009683
0.004568
0.008407
0.003413
0.005370
0.008280
0.004854
0.001660
0.007907
0.001543
0.006066
0.009032
0.007083
0.003108
0.004556
0.008653
0.000867
0.002179
0.002622
0.000231
0.005088
0.008119
0.004155
0.002652
0.005611
0.005174
0.003667
0.004032
0.009759
0.004623
0.004545
0.009442
0.009181
0.002952
0.002855
0.004551
0.001232
0.007699
0.006200
0.009129
0.009232
0.002267
0.008161
0.006315
0.005365
0.002717
0.004968
0.006222
0.004886
0.007580
0.006443
0.009964
0.005699
0.000598
0.002616
0.001310
0.005762
0.006273
0.005332
0.005521
0.000896
0.009867
0.004964
0.000077
0.002819
0.007809
0.004618
0.004041
0.005508
0.000819
0.003170
0.004740
0.003075
0.001331
0.001055
0.008430
0.004037
0.006013
0.004651
0.008913
0.003593
0.001095
0.008877
0.009282
0.001682
0.001493
0.000591
0.007434
0.007756
0.005913
0.002956
0.008643
0.005780
0.007909
0.008710
0.008589
0.005718
0.003328
0.002629
0.001226
0.004136
0.005789
0.005957
0.007202
0.007110
0.007002
0.005632
0.001147
0.003015
0.000283
0.000061
0.006598
0.001368
0.008928
0.005879
0.003040
0.000422
0.006460
0.000475
0.008168
0.002374
0.003420
0.006811
0.008144
0.001329
0.005520
0.006732
0.007037
0.008838
0.009351
0.008254
0.002975
0.005141
0.004210
0.000176
0.002250
0.001212
0.005798
0.003388
0.004217
0.006071
0.003438
0.000814
0.007429
0.002366
0.006684
0.000469
0.002778
0.003144
0.000933
0.000946
0.005508
0.004343
0.007747
0.003651
0.005663
0.003267
0.000384
0.002700
0.002105
0.009725
0.000954
0.005070
0.004866
0.005154
0.005236
0.007106
0.006356
0.001034
0.000494
0.000573
0.007095
0.003922
0.001377
0.004524
0.006279
0.008051
0.004983
0.009047
0.001195
0.005906
0.009983
0.006692
0.000250
0.007729
0.000344
0.005903
0.000996
0.000717
0.008593
0.003091
0.000442
0.009536
0.008151
0.005298
0.004690
0.003387
0.002404
0.001046
0.004411
0.002888
0.001609
0.001507
0.006800
0.002977
0.006021
0.003079
0.001028
0.001004
0.002125
0.002212
0.006900
0.002108
0.008895
0.007140
0.009827
0.009228
0.003042
0.000824
0.009936
0.001635
0.003905
0.000378
0.001171
0.002056
0.005665
0.005852
0.005433
0.008059
0.006888
0.009834
0.000947
0.008488
0.001341
0.007737
0.001464
0.007352
0.000816
0.002482
0.008345
0.002931
0.004684
0.005245
0.005029
0.003579
0.002385
0.004857
0.002807
0.005418
0.005670
0.002743
0.007043
0.009565
0.003111
0.008204
0.001621
0.008766
0.004056
0.007044
0.006825
0.000944
0.006878
0.007763
0.009421
0.008209
0.005499
0.000886
0.005561
0.006305
0.003357
0.003906
0.009226
0.008032
0.009142
0.004256
0.001611
0.001527
0.009103
0.004408
0.006935
0.004773
0.007141
0.003977
0.004338
0.000252
0.002181
0.005949
0.009008
0.006227
0.002993
0.005834
0.007161
0.009861
0.003596
0.006582
0.008071
0.009086
0.007458
0.003632
0.005391
0.000815
0.007528
0.004617
0.008837
0.006670
0.008863
0.000448
0.008187
0.007966
0.004846
0.005121
0.002739
0.001987
0.009089
0.007067
0.002229
0.001270
0.003016
0.001238
0.007487
0.005999
0.007061
0.004648
0.005860
0.000657
0.001230
0.003931
0.009733
0.008678
0.007552
0.005124
0.009483
0.005081
0.009731
0.008321
0.001750
0.008594
0.008758
0.009927
0.006560
0.003605
0.005049
0.009288
0.005582
0.004137
0.006355
0.007801
0.005397
0.009361
0.009029
0.002884
0.005360
0.006090
0.007521
0.001220
0.006738
0.008741
0.005141
0.006471
0.007419
0.002693
0.001595
0.006903
0.007764
0.001326
0.005223
0.009504
0.009910
0.003981
0.009431
0.006470
0.007576
0.004480
0.005758
0.003158
0.008607
0.002113
0.000960
0.004004
0.001474
0.009979
0.006878
0.006824
0.006069
0.004400
0.008034
0.002806
0.003141
0.003174
0.009267
0.000560
0.005857
0.000862
0.007453
0.003621
0.002177
0.002676
0.003125
0.002087
0.006647
0.002556
0.008547
0.004223
0.007026
0.004305
0.007371
0.005634
0.006408
0.008321
0.009628
0.007872
0.008299
0.006507
0.004696
0.004368
0.000906
0.002730
0.007165
0.004037
0.005894
0.006432
0.004587
0.001751
0.007283
0.002040
0.005362
0.009450
0.004706
0.008477
0.001537
0.001353
0.001033
0.000084
0.005566
0.008050
0.004379
0.002938
0.003684
0.000787
0.001258
0.003312
0.008649
0.009548
0.009808
0.003345
0.003916
0.000715
0.006065
0.001080
0.004742
0.001959
0.007502
0.009319
0.003700
0.004785
0.001360
0.009052
0.004235
0.006055
0.007529
0.005763
0.007398
0.008552
0.005837
0.002965
0.006602
0.000216
0.005892
0.000286
0.000993
0.007141
0.003588
0.009632
0.006688
0.003396
0.002977
0.000604
0.004101
0.009032
0.001675
0.008833
0.000991
0.009167
0.008152
0.004680
0.003952
0.009502
0.003732
0.008177
0.005557
0.001261
0.003940
0.002955
0.009803
0.009767
0.005910
0.006405
0.009973
0.001802
0.006681
0.000966
0.008933
0.000269
0.000599
0.005622
0.003655
0.003566
0.006216
0.007746
0.002598
0.007881
0.006579
0.003579
0.007047
0.004731
0.008249
0.000999
0.004233
0.001982
0.009166
0.009780
0.003233
0.003106
0.002736
0.003036
0.002873
0.008636
0.009431
0.002847
0.000438
0.006113
0.003803
0.009361
0.006372
0.004392
0.004983
0.000027
0.007948
0.001199
0.007764
0.000546
0.009069
0.004343
0.004115
0.006117
0.009065
0.002364
0.007106
0.003298
0.004336
0.006272
0.003078
0.007559
0.009369
0.005803
0.000595
0.002242
0.004439
0.000026
0.005079
0.004867
0.006129
0.008871
0.004229
0.002501
0.003263
0.009201
0.002518
0.001211
0.000400
0.000282
0.001747
0.009459
0.004615
0.005852
0.005576
0.003680
0.008206
0.002682
0.006968
0.002542
0.008944
0.000045
0.000101
0.008312
0.005839
0.000685
0.000554
0.000278
0.000701
0.005623
0.005135
0.006820
0.004494
0.009354
0.009311
0.007747
0.008555
0.001829
0.008948
0.008945
0.002102
0.000695
0.008405
0.006707
0.006536
0.003980
0.000387
0.004742
0.006652
0.007344
0.007274
0.005596
0.007380
0.007365
0.003909
0.003219
0.008041
0.004453
0.003487
0.008732
0.000076
0.008612
0.005552
0.004560
0.007966
0.004863
0.002308
0.006521
0.006683
0.001256
0.005466
0.008774
0.001940
0.003871
0.005481
0.008466
0.007841
0.005858
0.003209
0.004494
0.003203
0.000483
0.000090
0.000582
0.007838
0.003988
0.003791
0.005879
0.008431
0.007268
0.004611
0.008497
0.005879
0.000163
0.003057
0.003845
0.005016
0.005355
0.000366
0.001699
0.006600
0.005823
0.000473
0.008531
0.009684
0.005944
0.006997
0.007525
0.001803
0.000206
0.002019
0.004995
0.000679
0.002099
0.005568
0.008508
0.006077
0.009349
0.004387
0.004508
0.006616
0.008987
0.003005
0.002496
0.009140
0.006053
0.006331
0.004157
0.001408
0.006687
0.005846
0.007998
0.002510
0.006309
0.006529
0.002194
0.002253
0.003526
0.009709
0.004046
0.003722
0.001728
0.009031
0.004391
0.003817
0.004599
0.002898
0.009884
0.003948
0.007275
0.004392
0.000564
0.006262
0.007388
0.003050
0.005402
0.003441
0.009371
0.009549
0.004838
0.006059
0.005395
0.002836
0.008559
0.001703
0.009355
0.000753
0.003947
0.002881
0.000462
0.007982
0.006592
0.002180
0.007014
0.000983
0.005987
0.001613
0.003871
0.005871
0.005551
0.001145
0.000264
0.006105
0.007397
0.007641
0.009145
0.002800
0.001082
0.008516
0.002349
0.005910
0.004575
0.007734
0.008736
0.003134
0.009427
0.008091
0.003877
0.003374
0.000972
0.004329
0.001356
0.007554
0.006499
0.008360
0.008526
0.002486
0.009962
0.002397
0.008348
0.005513
0.003532
0.008601
0.001618
0.000930
0.006242
0.000763
0.003720
0.007314
0.009269
0.006059
0.003224
0.003844
0.003792
0.001960
0.006968
0.003219
0.000051
0.000845
0.006583
0.001013
0.005164
0.007929
0.008557
0.001663
0.006289
0.007083
0.004139
0.006251
0.009470
0.002487
0.001764
0.003003
0.001088
0.003372
0.003922
0.007321
0.004124
0.007632
0.004635
0.003394
0.003691
0.007849
0.007228
0.007473
0.009799
0.004196
0.000692
0.009840
0.005031
0.007265
0.000853
0.000195
0.005194
0.009400
0.001847
0.001482
0.006483
0.005976
0.007723
0.005953
0.008453
0.009477
0.008946
0.009531
0.002848
0.002868
0.006852
0.006963
0.000500
0.001487
0.000357
0.004180
0.009326
0.007575
0.001653
0.009125
0.001771
0.002335
0.008965
0.006792
0.009590
0.009808
0.006977
0.004784
0.009208
0.008814
0.006257
0.005691
0.004791
0.003980
0.001644
0.003244
0.003457
0.000589
0.002775
0.006295
0.003447
0.009617
0.003258
0.003937
0.001104
0.003605
0.008107
0.000430
0.001180
0.009751
0.009544
0.002941
0.002086
0.008509
0.009723
0.001676
0.008317
0.006700
0.006450
0.007525
0.005514
0.002707
0.003216
0.000305
0.006677
0.004849
0.003539
0.000134
0.005428
0.006304
0.006419
0.008865
0.005922
0.009667
0.002802
0.007016
0.003272
0.000910
0.007435
0.004442
0.000661
0.006979
0.007373
0.002736
0.005488
0.007097
0.004403
0.003806
0.003797
0.000853
0.001330
0.009301
0.003550
0.004536
0.009596
0.000226
0.009375
0.003135
0.000350
0.004804
0.009429
0.006759
0.003669
0.005351
0.006426
0.006462
0.002366
0.009688
0.007361
0.009792
0.004130
0.008012
0.006771
0.001503
0.000748
0.002260
0.008590
0.005141
0.006055
0.002387
0.005984
0.007376
0.001688
0.009524
0.001911
0.001285
0.009740
0.001287
0.004410
0.000090
0.006080
0.003839
0.006839
0.009739
0.009180
0.003265
0.006201
0.001546
0.002953
0.003562
0.001338
0.007073
0.001574
0.008099
0.008566
0.002313
0.000358
0.007156
0.007444
0.006404
0.009533
0.003428
0.003779
0.001222
0.002952
0.005681
0.002496
0.002692
0.006957
0.006896
0.002772
0.003038
0.000735
0.009601
0.002777
0.009905
0.002866
0.008968
0.001451
0.005809
0.002530
0.002778
0.002882
0.004094
0.000877
0.001448
0.006397
0.001226
0.008594
0.003841
0.007619
0.008127
0.007259
0.001399
0.009339
0.000210
0.007069
0.001835
0.002892
0.004026
0.008721
0.005654
0.007054
0.009446
0.005255
0.009821
0.009351
0.008110
0.008789
0.000802
0.003919
0.001319
0.003570
0.006791
0.005403
0.004437
0.008228
0.001800
0.005653
0.006823
0.005631
0.003273
0.004950
0.002890
0.004661
0.004289
0.003090
0.001731
0.006114
0.005972
0.005747
0.004836
0.001626
0.002801
0.004282
0.006870
0.002622
0.003633
0.004981
0.001411
0.004425
0.008889
0.002719
0.007985
0.005680
0.008112
0.002422
0.003908
0.009902
0.008065
0.000731
0.005533
0.001338
0.005671
0.008413
0.005990
0.009950
0.001503
0.007710
0.006064
0.007465
0.003457
0.000900
0.009081
0.006248
0.005172
0.005951
0.008860
0.008795
0.000931
0.000271
0.003220
0.009811
0.002980
0.001204
0.005491
0.001093
0.003616
0.009389
0.000995
0.001682
0.000120
0.006519
0.003010
0.005781
0.004932
0.008990
0.005731
0.006425
0.006700
0.001795
0.003890
0.000158
0.002685
0.002970
0.006396
0.007847
0.008911
0.005257
0.006643
0.009832
0.005518
0.009852
0.009643
0.008488
0.001057
0.005134
0.009571
0.004663
0.004523
0.000566
0.006335
0.004633
0.007075
0.009335
0.000414
0.002007
0.008325
0.006135
0.008422
0.005026
0.007920
0.002312
0.005173
0.000605
0.005272
0.001570
0.008442
0.004183
0.006816
0.005085
0.004016
0.002334
0.004937
0.003659
0.000822
0.005984
0.008783
0.000393
0.000647
0.003306
0.000949
0.006972
0.007929
0.008014
0.006307
0.008333
0.000021
0.004632
0.004467
0.008432
0.009648
0.002387
0.000744
0.004821
0.002982
0.006006
0.006381
0.001425
0.000189
0.003197
0.006500
0.004195
0.005521
0.001437
0.007843
0.006334
0.007411
0.006626
0.006717
0.008048
0.009922
0.007656
0.005020
0.007851
0.005670
0.001327
0.006184
0.005680
0.005949
0.000651
0.004113
0.005597
0.003028
0.004846
0.000419
0.006001
0.000852
0.006790
0.007415
0.001031
0.009977
0.003915
0.005216
0.005499
0.005342
0.003059
0.001832
0.002753
0.009675
0.008539
0.000801
0.009597
0.006194
0.005811
0.007448
0.001864
0.007128
0.003631
0.007534
0.003077
0.004272
0.001647
0.008664
