0.007508
0.001695
0.003936
0.002657
0.007967
0.004145
0.002213
0.003628
0.004053
0.001258
0.007193
0.001090
0.000139
0.005932
0.006495
0.002142
0.006646
0.001107
0.000498
0.000850
0.001193
0.006100
0.001595
0.005254
0.001894
0.005875
0.009360
0.007731
0.001989
0.006923
0.003815
0.009487
0.008607
0.007741
0.002144
0.006574
0.001885
0.004346
0.000202
0.005928
0.005595
0.007385
0.007008
0.005723
0.003317
0.003503
0.007855
0.009953
0.004600
0.008344
0.000803
0.005782
0.004444
0.002388
0.001037
0.006328
0.008253
0.000397
0.004058
0.000242
0.007310
0.007863
0.009719
0.005917
0.005604
0.001863
0.002491
0.007479
0.006199
0.002683
0.003407
0.001794
0.000068
0.000415
0.007507
0.003375
0.003908
0.005362
0.003328
0.008497
0.003706
0.004121
0.004280
0.008140
0.006499
0.005306
0.004468
0.004753
0.005693
0.008517
0.004985
0.003003
0.006380
0.004704
0.008910
0.001984
0.006556
0.001400
0.009453
0.002755
0.004073
0.002860
0.004539
0.004132
0.003265
0.002046
0.007497
0.007162
0.007398
0.000825
0.005660
0.001104
0.004936
0.009929
0.009235
0.001436
0.005236
0.003703
0.006178
0.000929
0.002220
0.001163
0.003921
0.008590
0.005857
0.002831
0.000573
0.002413
0.004221
0.000026
0.005158
0.008285
0.002876
0.009687
0.002416
0.006130
0.001732
0.009903
0.003293
0.009120
0.000728
0.008942
0.000224
0.005655
0.008872
0.009449
0.007080
0.004107
0.003152
0.003259
0.005026
0.005362
0.004412
0.008938
0.003951
0.000268
0.001768
0.004514
0.002671
0.005980
0.004530
0.007819
0.004264
0.007396
0.007506
0.006671
0.003526
0.009228
0.006574
0.006809
0.008349
0.007292
0.005751
0.008563
0.002947
0.004623
0.008012
0.000027
0.008721
0.001164
0.003276
0.003747
0.006516
0.007677
0.002685
0.000467
0.007936
0.004443
0.004971
0.000607
0.000423
0.009491
0.008416
0.004677
0.006887
0.005922
0.001348
0.000413
0.005151
0.007912
0.007213
0.003500
0.005204
0.002964
0.002063
0.008141
0.007577
0.000075
0.008158
0.006298
0.001229
0.001434
0.000045
0.007735
0.009101
0.002720
0.008191
0.007037
0.007153
0.003162
0.007634
0.007565
0.002653
0.006050
0.002243
0.009531
0.001973
0.003581
0.009934
0.007114
0.001493
0.007147
0.000613
0.006687
0.000111
0.002666
0.004828
0.007678
0.002731
0.002986
0.003976
0.003950
0.004410
0.004011
0.001685
0.003512
0.006720
0.009867
0.000549
0.003873
0.003029
0.008173
0.001438
0.005672
0.004223
0.003671
0.005203
0.006186
0.007242
0.005137
0.003299
0.008725
0.002284
0.003903
0.005412
0.002384
0.006559
0.000241
0.000062
0.009280
0.003217
0.004028
0.003231
0.007618
0.008029
0.004906
0.001129
0.004749
0.004773
0.001668
0.008612
0.007791
0.009830
0.000050
0.003464
0.004054
0.003711
0.008657
0.000239
0.000953
0.003794
0.003529
0.009668
0.006068
0.007422
0.005081
0.008442
0.003981
0.005311
0.008494
0.003261
0.008519
0.002522
0.006482
0.006136
0.000551
0.001388
0.007255
0.005290
0.006150
0.008913
0.003902
0.003942
0.008743
0.003942
0.007396
0.002797
0.007643
0.006052
0.003026
0.008587
0.009836
0.006545
0.008255
0.005904
0.003967
0.003336
0.004346
0.007938
0.008637
0.002840
0.001198
0.007156
0.005352
0.007670
0.003292
0.005893
0.009048
0.000547
0.001183
0.005198
0.009450
0.005075
0.009130
0.008194
0.009007
0.006526
0.000991
0.006650
0.002578
0.004007
0.005237
0.002415
0.000552
0.003492
0.008309
0.004509
0.006818
0.002654
0.002447
0.005455
0.005484
0.003635
0.002611
0.000836
0.001306
0.005893
0.006719
0.000354
0.006431
0.007892
0.005542
0.005881
0.002967
0.004672
0.004075
0.001974
0.001198
0.005056
0.008614
0.003766
0.009053
0.003851
0.006171
0.009596
0.007333
0.004480
0.004105
0.004150
0.007124
0.006542
0.009595
0.002608
0.000177
0.002206
0.003435
0.001473
0.008090
0.000154
0.001816
0.004520
0.008036
0.007348
0.000401
0.001004
0.002020
0.004466
0.002968
0.003208
0.009512
0.001582
0.006964
0.008565
0.005423
0.003135
0.008160
0.002756
0.007605
0.002265
0.006896
0.004729
0.008797
0.006491
0.007327
0.008964
0.008688
0.000761
0.000437
0.006777
0.000906
0.002243
0.001298
0.008932
0.009580
0.001689
0.009926
0.001600
0.006145
0.002893
0.004798
0.005657
0.004465
0.001763
0.004222
0.009878
0.004888
0.002382
0.002633
0.002492
0.004638
0.009519
0.007211
0.003435
0.006011
0.004538
0.002399
0.004699
0.005289
0.002825
0.001476
0.006185
0.005058
0.002764
0.005117
0.004638
0.004442
0.005042
0.006228
0.000587
0.007926
0.001027
0.006234
0.002391
0.002779
0.000456
0.002269
0.007657
0.002828
0.004892
0.000149
0.007456
0.004412
0.007350
0.000891
0.000422
0.001888
0.003279
0.005111
0.007167
0.006094
0.006577
0.003352
0.001152
0.009331
0.008459
0.005780
0.003773
0.003501
0.002008
0.004350
0.001427
0.003025
0.000584
0.003807
0.005795
0.001030
0.006066
0.003452
0.003849
0.000958
0.003591
0.001305
0.005360
0.000941
0.002185
0.005772
0.002819
0.005454
0.000884
0.009977
0.001548
0.007451
0.003329
0.002690
0.006781
0.001787
0.008460
0.000554
0.005278
0.000469
0.004895
0.006695
0.003484
0.005469
0.000502
0.009269
0.006489
0.006558
0.002720
0.000338
0.007506
0.006301
0.001633
0.002866
0.007232
0.003808
0.008629
0.000052
0.009252
0.009502
0.000028
0.000800
0.006953
0.003347
0.003480
0.003734
0.005124
0.001941
0.004279
0.000402
0.002399
0.009163
0.007087
0.005873
0.004632
0.007579
0.005142
0.001122
0.004137
0.007852
0.001450
0.001644
0.004153
0.003072
0.004500
0.001385
0.006870
0.003129
0.001427
0.006122
0.002631
0.001445
0.006912
0.009575
0.004782
0.000392
0.003309
0.009896
0.002323
0.007578
0.000299
0.004712
0.006741
0.007376
0.000585
0.001373
0.004955
0.005717
0.002485
0.009082
0.003569
0.003925
0.000726
0.007712
0.006987
0.005216
0.009088
0.003857
0.008335
0.000515
0.009968
0.000967
0.001950
0.006880
0.000541
0.006723
0.007262
0.003840
0.006619
0.009575
0.001418
0.006908
0.004287
0.008149
0.004283
0.004862
0.009512
0.009228
0.000579
0.001997
0.008311
0.004139
0.005912
0.009026
0.001851
0.002899
0.004243
0.000938
0.006746
0.002578
0.001443
0.006714
0.003534
0.003384
0.003594
0.004065
0.000106
0.000856
0.007896
0.006715
0.000431
0.009303
0.003623
0.004707
0.007452
0.007896
0.009560
0.006964
0.007125
0.000139
0.008951
0.005435
0.004268
0.004863
0.004462
0.006108
0.007752
0.008694
0.007037
0.004497
0.001272
0.008470
0.001211
0.004796
0.001854
0.004795
0.008852
0.001950
0.005641
0.006747
0.008655
0.006061
0.006051
0.002278
0.000769
0.003503
0.000174
0.000328
0.000467
0.007289
0.000457
0.009408
0.002724
0.004715
0.004271
0.007176
0.000824
0.002023
0.005870
0.007851
0.006511
0.007132
0.006321
0.007712
0.001928
0.008164
0.002507
0.000780
0.000114
0.008138
0.007517
0.008759
0.004199
0.003567
0.001037
0.004958
0.007060
0.001201
0.005276
0.007517
0.008480
0.005724
0.006925
0.001204
0.000439
0.001197
0.008370
0.001252
0.003210
0.004239
0.009093
0.009710
0.001371
0.005414
0.007422
0.003289
0.003578
0.009919
0.004059
0.003682
0.008057
0.001576
0.002442
0.002256
0.005133
0.003469
0.007204
0.002194
0.004660
0.002480
0.009701
0.003139
0.008193
0.006626
0.004333
0.008622
0.007812
0.002703
0.009865
0.001022
0.006932
0.008958
0.000732
0.008294
0.004371
0.008145
0.001583
0.007939
0.008064
0.005632
0.001622
0.006120
0.007198
0.004054
0.008366
0.002331
0.007512
0.005570
0.004515
0.002172
0.008039
0.004215
0.005301
0.006233
0.000841
0.009624
0.004855
0.008644
0.002327
0.004720
0.009656
0.009249
0.003678
0.000388
0.007543
0.008039
0.008523
0.009116
0.005978
0.006586
0.004748
0.007590
0.002707
0.001946
0.001644
0.001073
0.004267
0.009146
0.006632
0.008772
0.001318
0.004672
0.002988
0.006609
0.000905
0.003819
0.006233
0.005750
0.002462
0.008550
0.000470
0.002118
0.007799
0.004137
0.002496
0.005342
0.002176
0.001019
0.004458
0.008145
0.007595
0.009196
0.005735
0.000302
0.001141
0.007369
0.001365
0.005399
0.006515
0.007987
0.004171
0.007822
0.002659
0.007148
0.004431
0.003554
0.000967
0.000664
0.009294
0.003420
0.009203
0.009753
0.005528
0.007003
0.003891
0.008014
0.002345
0.006057
0.009022
0.006793
0.004202
0.006618
0.005988
0.009927
0.006910
0.007120
0.007295
0.008264
0.002518
0.003810
0.006252
0.006679
0.001632
0.008901
0.003827
0.006052
0.002455
0.004785
0.006706
0.001748
0.008194
0.005909
0.001502
0.003722
0.002912
0.005383
0.001735
0.005247
0.001440
0.000758
0.002040
0.005631
0.007366
0.008018
0.005558
0.004275
0.005138
0.002853
0.002539
0.007646
0.006653
0.008781
0.004326
0.008275
0.007682
0.008143
0.004327
0.000136
0.002928
0.001033
0.001875
0.001122
0.006933
0.003366
0.004834
0.009835
0.008739
0.006559
0.005082
0.000178
0.007307
0.007111
0.005800
0.004673
0.005129
0.001358
0.008938
0.000267
0.004201
0.001477
0.007904
0.000854
0.000258
0.002230
0.009119
0.007930
0.000373
0.003446
0.008056
0.003291
0.004469
0.009921
0.004402
0.001401
0.003287
0.009226
0.001236
0.002026
0.005785
0.006308
0.002194
0.003092
0.003419
0.007984
0.007755
0.008539
0.009331
0.006692
0.008796
0.003532
0.008159
0.006700
0.004376
0.008407
0.008920
0.003494
0.006337
0.009282
0.006930
0.004393
0.002573
0.001399
0.004314
0.006965
0.002790
0.007590
0.006192
0.004017
0.009606
0.001977
0.000325
0.001800
0.005059
0.003734
0.009773
0.002814
0.002272
0.009105
0.009496
0.001069
0.002637
0.007655
0.007759
0.007003
0.006063
0.006678
0.000497
0.002400
0.005961
0.007417
0.006783
0.008524
0.008806
0.001097
0.005489
0.001597
0.008677
0.001680
0.005603
0.008283
0.003647
0.005918
0.000083
0.008696
0.009642
0.009846
0.001510
0.001914
0.008951
0.001006
0.002973
0.001588
0.008651
0.000731
0.008581
0.004714
0.007400
0.009068
0.007104
0.003360
0.006485
0.003887
0.001884
0.005291
0.004974
0.007363
0.006878
0.003651
0.009033
0.002481
0.001934
0.002680
0.008389
0.002007
0.001376
0.008031
0.001853
0.002876
0.009935
0.000804
0.003872
0.002908
0.002382
0.002523
0.003629
0.000963
0.007227
0.001028
0.000031
0.004331
0.004379
0.006506
0.008208
0.006252
0.001797
0.003182
0.003615
0.008665
0.006823
0.002648
0.001146
0.008747
0.005318
0.009526
0.000754
0.006685
0.007557
0.002598
0.009551
0.007492
0.003392
0.003423
0.000399
0.005764
0.005936
0.004018
0.006718
0.003163
0.005037
0.006738
0.007484
0.009405
0.003244
0.005693
0.005658
0.005031
0.008865
0.009263
0.003697
0.005688
0.001911
0.004833
0.004435
0.007219
0.004359
0.005180
0.003903
0.001915
0.007767
0.003454
0.009397
0.001159
0.006867
0.009786
0.006914
0.002802
0.003804
0.003631
0.005955
0.008831
0.000370
0.003440
0.008236
0.003604
0.009123
0.003894
0.008626
0.007988
0.003156
0.002322
0.003676
0.005057
0.007145
0.008101
0.002276
0.001504
0.003281
0.006169
0.003410
0.001048
0.009613
0.002807
0.002197
0.006479
0.002593
0.009101
0.009272
0.006387
0.002733
0.005227
0.005218
0.003092
0.008657
0.003454
0.006687
0.007779
0.007338
0.005312
0.005767
0.000494
0.007624
0.009433
0.005541
0.004770
0.007534
0.007807
0.006264
0.000815
0.003975
0.009663
0.001853
0.003588
0.002470
0.004041
0.000067
0.005053
0.003142
0.009329
0.001440
0.005864
0.004556
0.006649
0.008947
0.003213
0.000103
0.005633
0.000992
0.007431
0.000945
0.006749
0.007916
0.008560
0.006182
0.003457
0.003329
0.003716
0.001263
0.009583
0.004521
0.005229
0.009247
0.006364
0.008807
0.001717
0.000404
0.008864
0.006760
0.003536
0.008193
0.008190
0.009390
0.002749
0.004839
0.008337
0.005952
0.004932
0.003970
0.006934
0.002363
0.004905
0.003683
0.000279
0.003465
0.009855
0.003725
0.006784
0.003571
0.004979
0.006367
0.008081
0.000207
0.005614
0.004445
0.009004
0.007321
0.004839
0.007868
0.004080
0.008365
0.006061
0.002270
0.007755
0.008800
0.007099
0.006092
0.004752
0.002031
0.000062
0.001686
0.004384
0.004957
0.005359
0.004653
0.008412
0.005214
0.008369
0.005196
0.008774
0.003347
0.001564
0.006856
0.003545
0.007168
0.001301
0.002548
0.004488
0.006130
0.000416
0.008559
0.004495
0.006467
0.000829
0.002250
0.005267
0.007918
0.008332
0.000019
0.009939
0.008384
0.001694
0.004324
0.003341
0.007043
0.008967
0.001753
0.002257
0.007336
0.006940
0.001031
0.000683
0.008493
0.007877
0.004218
0.005661
0.009167
0.006756
0.000149
0.005297
0.007163
0.008697
0.009782
0.003630
0.009516
0.002032
0.008887
0.007435
0.000364
0.008895
0.007374
0.008739
0.000590
0.001698
0.002080
0.007622
0.000665
0.003823
0.009869
0.007991
0.000763
0.000900
0.008665
0.009246
0.008767
0.002883
0.004907
0.007934
0.009629
0.005046
0.003231
0.006792
0.003743
0.003013
0.000422
0.003259
0.005035
0.009299
0.000694
0.005390
0.008194
0.008058
0.004129
0.008774
0.009746
0.006198
0.006396
0.000411
0.000022
0.006265
0.008392
0.000775
0.007155
0.007057
0.000021
0.005922
0.009930
0.004918
0.003856
0.009559
0.009953
0.007077
0.006351
0.003696
0.000090
0.006763
0.006946
0.005116
0.006061
0.007629
0.000506
0.004255
0.005687
0.004624
0.003029
0.005433
0.000823
0.009415
0.005834
0.000834
0.005680
0.004226
0.001599
0.002836
0.001283
0.001610
0.008747
0.001212
0.006518
0.002603
0.000771
0.006471
0.009670
0.007112
0.000167
0.009750
0.003874
0.007103
0.004866
0.009926
0.004732
0.005362
0.004181
0.000419
0.009976
0.007200
0.005842
0.000799
0.006616
0.001676
0.001623
0.002296
0.005892
0.003212
0.005122
0.007165
0.004812
0.003869
0.008367
0.001330
0.006462
0.009128
0.007791
0.006132
0.006240
0.007948
0.005883
0.000114
0.005051
0.000749
0.000040
0.009773
0.006101
0.004211
0.000193
0.006077
0.001411
0.006025
0.006866
0.008017
0.007691
0.008479
0.000313
0.003583
0.001691
0.005424
0.000748
0.006494
0.009283
0.009105
0.007814
0.005745
0.008233
0.005605
0.001878
0.004473
0.003554
0.007751
0.004578
0.008595
0.008490
0.004608
0.008368
0.004590
0.008809
0.008551
0.000667
0.000220
0.004576
0.007523
0.008227
0.002267
0.006002
0.008529
0.005840
0.007683
0.003954
0.006578
0.004177
0.003237
0.005683
0.001991
0.008972
0.003916
0.007586
0.000850
0.008380
0.001140
0.008590
0.002957
0.009725
0.007080
0.007555
0.008093
0.001670
0.006363
0.006643
0.002328
0.006573
0.001219
0.009841
0.004800
0.003476
0.005843
0.003329
0.009305
0.003526
0.007273
0.005883
0.007693
0.000509
0.001566
0.009674
0.009472
0.005472
0.007260
0.000321
0.003852
0.008390
0.008902
0.006799
0.008114
0.005982
0.004354
0.006207
0.007642
0.000717
0.002850
0.009960
0.007281
0.004060
0.009801
0.002080
0.007525
0.005644
0.005399
0.006831
0.009160
0.002672
0.002714
0.006853
0.003171
0.004270
0.006527
0.002643
0.009732
0.003787
0.002954
0.003583
0.002177
0.001856
0.000382
0.000291
0.007828
0.004726
0.006488
0.005470
0.005434
0.009328
0.005429
0.002714
0.003388
0.005230
0.004785
0.000913
0.000874
0.000184
0.007734
0.000034
0.002846
0.000448
0.006876
0.006008
0.004708
0.003403
0.008641
0.004439
0.007180
0.001595
0.008013
0.009347
0.003441
0.008385
0.009628
0.001268
0.003111
0.006116
0.006728
0.008535
0.005445
0.002157
0.001249
0.008823
0.007377
0.006024
0.009726
0.008241
0.006198
0.007460
0.008265
0.009035
0.007898
0.005141
0.005042
0.002606
0.008534
0.003683
0.007035
0.005715
0.005268
0.005048
0.005062
0.008698
0.003433
0.004690
0.009957
0.006535
0.000806
0.006685
0.005070
0.006240
0.008832
0.006309
0.005063
0.006209
0.002333
0.004789
0.004450
0.008521
0.002249
0.002715
0.007556
0.000147
0.007846
0.002598
0.002743
0.006380
0.006271
0.009768
0.002094
0.001539
0.004816
0.007146
0.000237
0.008240
0.001836
0.000194
0.004774
0.002632
0.006869
0.009834
0.008862
0.005701
0.006143
0.003925
0.001910
0.008466
0.008704
0.006350
0.006987
0.000953
0.009055
0.004543
0.001091
0.006901
0.007132
0.003824
0.003281
0.003403
0.003592
0.005365
0.004932
0.008399
0.002511
0.005159
0.006638
0.004337
0.005343
0.001413
0.006959
0.002212
0.001246
0.005821
0.007903
0.007379
0.009737
0.009803
0.005845
0.008441
0.006154
0.002833
0.009385
0.005209
0.007366
0.000476
0.002110
0.004498
0.004289
0.005380
0.007891
0.007872
0.000746
0.002822
0.006271
0.003247
0.007972
0.002909
0.007574
0.003315
0.004312
0.004533
0.005517
0.005548
0.000355
0.003421
0.002928
0.000092
0.003224
0.008763
0.008523
0.009368
0.001595
0.007908
0.004577
0.008951
0.008373
0.006677
0.003449
0.002663
0.002057
0.001340
0.000534
0.002793
0.004152
0.006795
0.006030
0.002124
0.009694
0.003604
0.005429
0.004006
0.008127
0.000946
0.009544
0.008472
0.004357
0.002472
0.008553
0.007571
0.001235
0.007076
0.006939
0.002820
0.004984
0.001516
0.001771
0.003357
0.008183
0.005211
0.006010
0.000241
0.006540
0.006534
0.003023
0.000693
0.003329
0.009043
0.002807
0.003024
0.002647
0.008226
0.007020
0.000774
0.009162
0.006564
0.009236
0.003519
0.009026
0.007789
0.001091
0.000261
0.004865
0.008020
0.003071
0.009839
0.009526
0.004833
0.003197
0.007710
0.000043
0.009197
0.007940
0.006574
0.005731
0.000964
0.007256
0.009050
0.009997
0.000063
0.002074
0.002643
0.008279
0.009084
0.003407
0.007441
0.005648
0.002643
0.000960
0.004674
0.000432
0.002041
0.004925
0.005287
0.000061
0.007987
0.005127
0.009577
0.002819
0.008313
0.007287
0.002852
0.007510
0.005227
0.009416
0.003241
0.006180
0.006672
0.002291
0.006177
0.006725
0.004355
0.008810
0.005004
0.003439
0.002217
0.002445
0.009077
0.004850
0.003395
0.003752
0.005272
0.005426
0.008667
0.000559
0.005476
0.006654
0.005676
0.005053
0.009463
0.003989
0.002340
0.002315
0.001499
0.007557
0.001731
0.004729
0.003738
0.008393
0.007010
0.009905
0.005119
0.001365
0.008715
0.000123
0.004794
0.000932
0.002558
0.003871
0.005772
0.005943
0.007613
0.001044
0.001369
0.006280
0.001593
0.006835
0.002933
0.007258
0.001889
0.002396
0.001247
0.004219
0.004701
0.002736
0.001776
0.006422
0.007455
0.005504
0.004815
0.004465
0.005408
0.009924
0.005820
0.004123
0.000047
0.000614
0.005046
0.002595
0.004475
0.000818
0.008528
0.002088
0.001852
0.009887
0.008357
0.003435
0.006722
0.001291
0.000693
0.008601
0.003677
0.001931
0.002820
0.008368
0.004657
0.004586
0.004790
0.002112
0.000090
0.009595
0.006567
0.005489
0.009520
0.002387
0.009602
0.009557
0.002991
0.004648
0.002151
0.007457
0.005455
0.000679
0.009535
0.007297
0.000566
0.007892
0.000732
0.007279
0.009173
0.001416
0.005880
0.002850
0.003337
0.008690
0.001217
0.007983
0.003276
0.005997
0.000095
0.003356
0.005592
0.006652
0.008835
0.005112
0.009029
0.008437
0.004669
0.002020
0.003084
0.006810
0.009467
0.008530
0.007479
0.009002
0.005827
0.008036
0.006894
0.006550
0.005314
0.006067
0.007956
0.001194
0.008906
0.001292
0.009874
0.000124
0.009265
0.003150
0.006111
0.009350
0.006496
0.001703
0.006002
0.005331
0.006805
0.005031
0.003768
0.001474
0.007041
0.006843
0.008274
0.006508
0.005372
0.005753
0.005510
0.001200
0.003789
0.002404
0.007739
0.009093
0.008461
0.005695
0.000286
0.007367
0.006977
0.000160
0.007480
0.006242
0.003300
0.003591
0.005592
0.009786
0.005284
0.001594
0.005117
0.002089
0.006614
0.008875
0.003553
0.003655
0.005718
0.001827
0.000163
0.001090
0.007570
0.005663
0.002280
0.001358
0.008057
0.000019
0.000451
0.006518
0.005704
0.000727
0.003884
0.002681
0.000877
0.001365
0.008914
0.004167
0.004946
0.004506
0.003953
0.000230
0.006090
0.009060
0.002309
0.002704
0.007936
0.005852
0.006349
0.003653
0.007669
0.006503
0.004734
0.005238
0.002166
0.007004
0.006586
0.000223
0.007013
0.007027
0.006731
0.002717
0.007744
0.000615
0.005389
0.008611
0.001970
0.004302
0.002778
0.006906
0.008798
0.006721
0.007126
0.004888
0.005781
0.009425
0.007582
0.003717
0.005277
0.003931
0.007360
0.002945
0.000434
0.002094
0.008173
0.002590
0.009088
0.004759
0.002803
0.006101
0.001786
0.009524
0.008808
0.009521
0.000140
0.004197
0.008132
0.002100
0.008489
0.000910
0.008995
0.007287
0.007621
0.006121
0.002175
0.003402
0.005546
0.009746
0.007108
0.000822
0.003677
0.004469
0.003757
0.004101
0.006553
0.001930
0.006682
0.005640
0.006680
0.009475
0.001741
0.008456
0.008999
0.000549
0.007977
0.009129
0.004736
0.006108
0.001229
0.003225
0.007008
0.000224
0.000512
0.004629
0.006335
0.002677
0.008020
0.001881
0.002424
0.005129
0.002693
0.006091
0.009587
0.006440
0.000192
0.006140
0.008360
0.006864
0.001780
0.005040
0.006339
0.003511
0.003496
0.005338
0.004050
0.001473
0.004468
0.008776
0.007571
0.005686
0.002001
0.004579
0.005901
0.002504
0.009198
0.002236
0.005171
0.007218
0.004107
0.007585
0.002347
0.006789
0.003676
0.001935
0.003229
0.003858
0.008065
0.001589
0.000722
0.009835
0.006619
0.007051
0.003346
0.000115
0.002390
0.007386
0.001578
0.006847
0.006162
0.009139
0.002534
0.008154
0.003718
0.008424
0.000658
0.002916
0.000660
0.005819
0.000134
0.004757
0.003404
0.002471
0.001546
0.007070
0.004396
0.004766
0.000928
0.002460
0.006345
0.001641
0.002295
0.002964
0.008682
0.005631
0.003070
0.001072
0.003017
0.004638
0.007909
0.009169
0.003776
0.000443
0.007323
0.007484
0.008858
0.007971
0.000400
0.009508
0.003790
0.000524
0.004265
0.007183
0.002985
0.005802
0.004253
0.007370
0.000567
0.005172
0.009820
0.006903
0.006802
0.002115
0.009857
0.005485
0.007736
0.002927
0.006547
0.000753
0.007554
0.004456
0.009912
0.001331
0.004889
0.007235
0.008805
0.003747
0.005205
0.009195
0.003255
0.008985
0.009708
0.007510
0.006168
0.002693
0.003312
0.000421
0.000064
0.003869
0.005583
0.009874
0.000772
0.002386
0.001989
0.000629
0.007860
0.009716
0.003546
0.004407
0.000469
0.001100
0.008853
0.000380
0.002420
0.003742
0.007605
0.001225
0.007480
0.002810
0.000420
0.000735
0.001795
0.000128
0.008235
0.007953
0.002811
0.001547
0.008365
0.002865
0.005407
0.003948
0.002739
0.006169
0.006323
0.004718
0.006787
0.004184
0.004434
0.000333
0.008581
0.004893
0.001423
0.007434
0.005263
0.003833
0.001176
0.002868
0.005048
0.008646
0.005669
0.005458
0.009370
0.007454
0.005576
0.007606
0.005407
0.008378
0.009143
0.003772
0.001243
0.004549
0.007710
0.003972
0.000718
0.004033
0.008680
0.007495
0.008207
0.003114
0.007818
0.006788
0.007997
0.009231
0.004221
0.003260
0.003064
0.005387
0.006118
0.008102
0.004033
0.001787
0.003560
0.003403
0.009231
0.009126
0.001009
0.004638
0.007504
0.000152
0.008400
0.008737
0.004691
0.006109
0.002708
0.005399
0.000143
0.001388
0.002895
0.008340
0.004492
0.000713
0.005127
0.002489
0.009934
0.009339
0.005739
0.002999
0.004726
0.001857
0.001101
0.008749
0.003634
0.004651
0.002152
0.002865
0.003778
0.003151
0.007492
0.001282
0.003293
0.005892
0.000018
0.007975
0.002001
0.002716
0.003374
0.002134
0.004095
0.006258
0.000474
0.008577
0.006962
0.005591
0.001066
0.006896
0.004929
0.006795
0.009884
0.009645
0.008642
0.000986
0.008394
0.002276
0.005627
0.000547
0.005131
0.009395
0.003688
0.002623
0.000677
0.006972
0.008505
0.000685
0.004946
0.000507
0.003392
0.008310
0.002631
0.007476
0.004569
0.003094
0.006053
0.001530
0.008675
0.007109
0.008416
0.003605
0.003904
0.008300
0.003250
0.002546
0.009276
0.001644
0.004812
0.004903
0.002181
0.009933
0.004298
0.005859
0.002556
0.004965
0.002830
0.001061
0.005640
0.007767
0.001558
0.009021
0.006077
0.004179
0.006497
0.000645
0.007263
0.002550
0.002165
0.005938
0.009649
0.000581
0.009533
0.003553
0.008871
0.002783
0.006089
0.008147
0.004417
0.000901
0.003050
0.006588
0.000834
0.007338
0.002447
0.003380
0.002303
0.005267
0.004432
0.007932
0.003034
0.005980
0.006953
0.009101
0.000158
0.003451
0.009736
0.007412
0.005991
0.001901
0.003350
0.005640
0.002472
0.002883
0.009183
0.001344
0.005656
0.005272
0.009481
0.000073
0.006163
0.002531
0.006650
0.006987
0.009859
0.009087
0.000367
0.002162
0.004354
0.004789
0.000094
0.007378
0.000769
0.007037
0.006479
0.000917
0.000488
0.006215
0.008319
0.006469
0.008106
0.001669
0.002109
0.000578
0.004541
0.001292
0.001911
0.000197
0.006554
0.001392
0.000260
0.002717
0.003914
0.006900
0.009694
0.003773
0.005987
0.000061
0.005925
0.000341
0.004840
0.006009
0.007710
0.005599
0.003047
0.004188
0.006506
0.003525
0.000403
0.004825
0.009984
0.008498
0.006484
0.002092
0.009066
0.001025
0.003374
0.000977
0.001213
0.009918
0.002360
0.001462
0.002634
0.006264
0.008352
0.002328
0.000037
0.004339
0.002380
0.005952
0.004671
0.007210
0.001961
0.002380
0.002809
0.004998
0.006559
0.009306
0.008513
0.006951
0.004131
0.008496
0.005450
0.000615
0.000589
0.004516
0.001630
0.003953
0.005483
0.002833
0.003870
0.007833
0.004285
0.006495
0.004097
0.002638
0.008813
0.004124
0.006967
0.001192
0.000076
0.001638
0.008392
0.002027
0.004008
0.001202
0.007014
0.000567
0.000507
0.005527
0.007509
0.004628
0.004023
0.002958
0.005233
0.004602
0.007464
0.006853
0.008544
0.002948
0.009676
0.002415
0.000781
0.003961
0.008899
0.004868
0.006589
0.007712
0.008982
0.003556
0.008895
0.009047
0.005184
0.007287
0.001074
0.009182
0.008479
0.008078
0.009739
0.008976
0.003605
0.007248
0.003604
0.007618
0.000206
0.008827
0.002220
0.007661
0.005680
0.000764
0.000608
0.005356
0.003169
0.001380
0.009308
0.002068
0.006237
0.005896
0.009771
0.005219
0.009442
0.008666
0.004266
0.004626
0.005953
0.005330
0.003809
0.004432
0.003408
0.003548
0.003408
0.007003
0.000796
0.007002
0.004621
0.000992
0.005829
0.006831
0.008643
0.001509
0.007585
0.009242
0.006855
0.000754
0.000621
0.006163
0.002813
0.006849
0.002059
0.002584
0.002068
0.001501
0.001250
0.006324
0.006118
0.007193
0.001654
0.009916
0.001625
0.005052
0.003464
0.005022
0.002056
0.004250
0.002024
0.006667
0.005232
0.007843
0.003498
0.003876
0.009342
0.001084
0.003117
0.006197
0.001828
0.003729
0.002360
0.004631
0.000577
0.004409
0.007205
0.002635
0.005900
0.008444
0.008949
0.002017
0.005637
0.000603
0.001933
0.007252
0.005646
0.005387
0.002274
0.007691
0.009627
0.004288
0.004358
0.004860
0.002131
0.007846
0.008726
0.001474
0.008920
0.001843
0.007661
0.000748
0.005561
0.000020
0.005369
0.006129
0.004419
0.002574
0.008754
0.000319
0.001018
0.007703
0.002326
0.006645
0.008296
0.004249
0.003897
0.003942
0.009627
0.006161
0.001633
0.009254
0.000449
0.005981
0.004114
0.002570
0.003828
0.002840
0.004034
0.002748
0.004673
0.001695
0.003486
0.000234
0.001705
0.008845
0.006353
0.006114
0.001418
0.005106
0.006422
0.002427
0.002809
0.008738
0.009062
0.001105
0.002988
0.002958
0.005037
0.002614
0.009109
0.006660
0.001869
0.009548
0.002641
0.005973
0.002118
0.006459
0.008802
0.006142
0.009196
0.003475
0.007827
0.002682
0.003699
0.009522
0.001527
0.000052
0.005635
0.002935
0.005148
0.002057
0.005352
0.007947
0.000796
0.004413
0.009042
0.003773
0.007362
0.004078
0.006378
0.006471
0.000738
0.008236
0.006018
0.003369
0.004209
0.008127
0.009817
0.003012
0.004269
0.009013
0.006477
0.002096
0.001695
0.000176
0.001617
0.003212
0.000217
0.007243
0.006137
0.005355
0.009290
0.001489
0.003302
0.000086
0.005892
0.002343
0.003849
0.003254
0.006412
0.000226
0.009714
0.007139
0.008453
0.005733
0.000508
0.002662
0.003860
0.000325
0.005663
0.008119
0.009328
0.002140
0.000214
0.001024
0.002305
0.001822
0.004226
0.002513
0.009054
0.000363
0.007858
0.008344
0.001842
0.001160
0.008420
0.007724
0.003493
0.002269
0.000978
0.009895
0.002485
0.000692
0.007034
0.000938
0.006415
0.007532
0.003589
0.000275
0.007847
0.009243
0.008383
0.007175
0.001382
0.008588
0.008189
0.003678
0.000410
0.002415
0.006180
0.009454
0.002768
0.004038
0.007798
0.004600
0.005188
0.006218
0.002323
0.008671
0.008477
0.003291
0.008566
0.000962
0.003973
0.005600
0.001890
0.000388
0.003131
0.005469
0.000652
0.000978
0.004712
0.009025
0.008143
0.006084
0.007613
0.006332
0.009752
0.008013
0.008736
0.005932
0.007467
0.001504
0.009960
0.005265
0.006094
0.005148
0.001483
0.008407
0.003819
0.009950
0.001698
0.002385
0.000913
0.005661
0.007975
0.002793
0.006038
0.001106
0.008252
0.006681
0.002073
0.002964
0.005706
0.000216
0.009038
0.003319
0.006538
0.008789
0.001332
0.005274
0.004722
0.008789
0.006768
0.004682
0.004054
0.002862
0.009820
0.005527
0.001269
0.003640
0.005478
0.002957
0.006015
0.006380
0.008607
0.003990
0.009163
0.004646
0.005085
0.007415
0.001326
0.007149
0.000378
0.007023
0.007355
0.009406
0.000342
0.003893
0.008196
0.001664
0.009157
0.002917
0.000453
0.005925
0.007589
0.004497
0.008777
0.007410
0.000024
0.000046
0.001049
0.005491
0.002992
0.007054
0.001872
0.001600
0.001044
0.001035
0.006235
0.006119
0.008439
0.007552
0.003268
0.008808
0.004574
0.000623
0.008214
0.004906
0.004506
0.006410
0.006561
0.003663
0.009317
0.007003
0.009578
0.006906
0.001500
0.008355
0.004316
0.001514
0.008390
0.005356
0.006995
0.001383
0.002410
0.008857
0.002972
0.003444
0.009881
0.009198
0.009553
0.008320
0.006749
0.002821
0.007128
0.001324
0.003435
0.005342
0.006220
0.007931
0.001752
0.002781
0.001593
0.001069
0.009774
0.001171
0.007966
0.001274
0.009516
0.002282
0.002778
0.007906
0.007627
0.009762
0.009279
0.000037
0.008619
0.002251
0.003471
0.008500
0.001449
0.003024
0.006820
0.008188
0.005836
0.003949
0.009502
0.009260
0.009281
0.005722
0.007191
0.001033
0.008493
0.008774
0.002092
0.008267
0.009936
0.000058
0.009531
0.009451
0.002330
0.002308
0.007358
0.009947
0.002071
0.006637
0.009974
0.000690
0.008878
0.003445
0.009180
0.000326
0.006459
0.006000
0.008504
0.002294
0.009939
0.008005
0.001555
0.009220
0.003727
0.008736
0.000253
0.002220
0.007510
0.002336
0.000487
0.007446
0.002384
0.000017
0.006897
0.004703
0.002315
0.004255
0.004650
0.004376
0.000891
0.004624
0.005056
0.009759
0.008058
0.004235
0.000085
0.004517
0.000235
0.008579
0.006801
0.000174
0.006584
0.008346
0.009384
0.000312
0.007082
0.009627
0.002521
0.004592
0.001963
0.002998
0.002038
0.004337
0.003005
0.008925
0.009030
0.005311
0.003180
0.003680
0.009677
0.004061
0.008294
0.004732
0.003820
0.006352
0.008958
0.003895
0.000870
0.009183
0.002474
0.007661
0.009347
0.009048
0.006007
0.008731
0.009350
0.003089
0.008358
0.001871
0.007672
0.000322
0.004859
0.009700
0.004649
0.007855
0.008625
0.003679
0.003166
0.001805
0.007349
0.002842
0.005856
0.005644
0.007565
0.009667
0.001996
0.006523
0.003562
0.002856
0.005705
0.006026
0.000517
0.005052
0.005074
0.006514
0.003783
0.004424
0.009593
0.002142
0.006286
0.007265
0.002453
0.001145
0.006964
0.007092
0.008990
0.005589
0.000771
0.002155
0.007384
0.008110
0.004988
0.003240
0.003754
0.002553
0.002907
0.005740
0.009065
0.006458
0.008586
0.004771
0.002484
0.009092
0.009813
0.007549
0.005606
0.003596
0.001973
0.005200
0.005728
0.008248
0.002465
0.008171
0.009384
0.009419
0.005263
0.008373
0.005008
0.006024
0.000529
0.002392
0.004134
0.005506
0.005623
0.007878
0.008049
0.008519
0.003618
0.007115
0.004978
0.002204
0.001885
0.007452
0.001297
0.001698
0.005001
0.006893
0.005285
0.006964
0.002093
0.001013
0.005212
0.004547
0.009174
0.004596
0.003967
0.004437
0.002969
0.008965
0.000461
0.003488
0.001357
0.004585
0.008984
0.006970
0.002463
0.007033
0.005489
0.006072
0.004148
0.000467
0.008266
0.006023
0.007909
0.009553
0.007711
0.002910
0.006446
0.002996
0.009863
0.008529
0.003999
0.005075
0.003076
0.003172
0.009661
0.007033
0.007599
0.002630
0.005998
0.008050
0.006107
0.007345
0.002635
0.005091
0.004315
0.005088
0.002124
0.009794
0.001160
0.006262
0.000260
0.009416
0.002285
0.008159
0.008968
0.009986
0.001069
0.005414
0.002982
0.000932
0.003942
0.006970
0.005997
0.007008
0.000143
0.005658
0.004041
0.007732
0.008278
0.000039
0.005782
0.004385
0.007373
0.008407
0.009466
0.001688
0.003495
0.001590
0.001482
0.004645
0.007842
0.001732
0.004060
0.000126
0.009882
0.003028
0.000112
0.000950
0.008432
0.003084
0.001873
0.002375
0.000055
0.007860
0.009373
0.000188
0.003518
0.003414
0.007910
0.001795
0.003443
0.003691
0.006170
0.000816
0.002098
0.005635
0.002494
0.005583
0.007215
0.003966
0.000228
0.005057
0.005688
0.004278
0.005173
0.005570
0.007296
0.005276
0.006510
0.005728
0.008350
0.008373
0.008093
0.008395
0.006233
0.007466
0.008572
0.009740
0.000880
0.006482
0.001536
0.004313
0.000173
0.007695
0.005119
0.002261
0.003331
0.007603
0.007834
0.000546
0.001569
0.008052
0.005593
0.007247
0.002330
0.000766
0.002817
0.009615
0.006032
0.009318
0.005343
0.004382
0.007690
0.003436
0.002776
0.003923
0.000902
0.001349
0.003663
0.001771
0.007820
0.005189
0.006074
0.007983
0.002884
0.001193
0.000245
0.006205
0.008786
0.008069
0.006741
0.000355
0.006121
0.002334
0.007592
0.008441
0.003090
0.000410
0.008056
0.009112
0.009717
0.003399
0.003494
0.007408
0.006825
0.006260
0.001331
0.007717
0.007599
0.004984
0.009478
0.005419
0.000173
0.005552
0.003403
0.003047
0.006735
0.003637
0.009243
0.005520
0.001706
0.005984
0.005865
0.007817
0.008308
0.003458
0.006258
0.001398
0.003857
0.004314
0.000510
0.003575
0.007703
0.003993
0.000982
0.004529
0.000254
0.002303
0.002245
0.007843
0.007277
0.001724
0.003262
0.007440
0.007266
0.006654
0.000488
0.004001
0.000292
0.009720
0.009511
0.001988
0.005704
0.005376
0.009796
0.004011
0.008824
0.006053
0.005399
0.002681
0.000367
0.005899
0.006246
0.008060
0.009882
0.007218
0.002589
0.000136
0.009511
0.004824
0.007968
0.006789
0.006538
0.001230
0.004229
0.003804
0.007874
0.004707
0.007795
0.008156
0.004427
0.007306
0.000144
0.000131
0.002682
0.009930
0.004133
0.001506
0.005983
0.009522
0.004178
0.006340
0.005420
0.000424
0.004401
0.005302
0.007632
0.006980
0.005428
0.007143
0.001804
0.003396
0.003932
0.008333
0.004616
0.008151
0.002136
0.002491
0.002857
0.009921
0.000647
0.007275
0.007227
0.000781
0.007396
0.009899
0.000711
0.001528
0.001405
0.006684
0.001050
0.005573
0.003024
0.006460
0.005987
0.007415
0.001763
0.003618
0.004395
0.007181
0.000762
0.006190
0.000578
0.004683
0.004522
0.005184
0.002834
0.006649
0.007665
0.005682
0.006570
0.008302
0.002956
0.003796
0.009073
0.000352
0.003695
0.009773
0.001870
0.005090
0.006457
0.002910
0.000663
0.009471
0.009361
0.006640
0.006887
0.001124
0.000258
0.001282
0.008295
0.001010
0.007461
0.008862
0.005683
0.001983
0.004046
0.008508
0.008622
0.001711
0.004189
0.005191
0.000012
0.007135
0.008978
0.009075
0.007478
0.002673
0.008848
0.009338
0.007753
0.005305
0.002248
0.008407
0.004777
0.001609
0.005047
0.001663
0.002723
0.005295
0.002935
0.001017
0.006295
0.000396
0.009870
0.001978
0.002369
0.003916
0.000486
0.000991
0.005617
0.004665
0.006173
0.005619
0.001800
0.005151
0.004694
0.009268
0.007814
0.003542
0.008606
0.005567
0.008838
0.000854
0.003974
0.003614
0.002453
0.009010
0.005267
0.005166
0.004305
0.008192
0.006174
0.000600
0.008578
0.006043
0.002568
0.000948
0.009949
0.003044
0.001929
0.005566
0.007699
0.008092
0.001185
0.009489
0.003243
0.005869
0.008757
0.001056
0.009402
0.007363
0.006613
0.008239
0.008207
0.000587
0.001854
0.000660
0.009587
0.007111
0.005816
0.003892
0.005303
0.001989
0.004482
0.003882
0.008023
0.007040
0.004820
0.007972
0.000083
0.006739
0.003538
0.007772
0.004831
0.004713
0.007261
0.008063
0.000582
0.006017
0.009109
0.009974
0.003380
0.005723
0.008214
0.001587
0.006299
0.000067
0.002236
0.005886
0.007168
0.008042
0.009768
0.002472
0.000032
0.004250
0.006343
0.008045
0.001290
0.001163
0.006016
0.001363
0.007892
0.009544
0.009125
0.002723
0.004257
0.006385
0.000786
0.004829
0.002403
0.009886
0.004803
0.005773
0.005608
0.003017
0.007349
0.001907
0.003074
0.009576
0.007784
0.000243
0.007618
0.007552
0.002704
0.007640
0.001802
0.009038
0.005684
0.003081
0.000201
0.001701
0.004434
0.008082
0.001245
0.003559
0.000805
0.005492
0.009934
0.001581
0.000321
0.002337
0.001467
0.005114
0.008100
0.007065
0.008121
0.005449
0.008962
0.001196
0.005025
0.006746
0.001428
0.002643
0.004298
0.004122
0.000283
0.006090
0.003160
0.005957
0.009161
0.003351
0.007648
0.003596
0.001433
0.008883
0.007144
0.002228
0.004374
0.007079
0.003800
0.004685
0.009405
0.005256
0.009790
0.007505
0.002321
0.007911
0.002954
0.001283
0.009097
0.007969
0.008019
0.000525
0.000611
0.002318
0.004637
0.000884
0.008398
0.007787
0.006831
0.007559
0.001138
0.004479
0.001154
0.002561
0.003362
0.008289
0.004780
0.007726
0.005367
0.008569
0.002411
0.004773
0.003825
0.002201
0.002278
0.006136
0.000112
0.005222
0.007410
0.009199
0.003191
0.005429
0.009713
0.003792
0.007737
0.004350
0.004666
0.006134
0.002138
0.001497
0.003693
0.003266
0.005966
0.004838
0.005817
0.009318
0.003127
0.000596
0.007044
0.008484
0.009155
0.009445
0.003257
0.002981
0.001646
0.005525
0.009107
0.001748
0.000747
0.006517
0.000947
0.003928
0.001947
0.000660
0.007710
0.009674
0.005000
0.002376
0.005808
0.007128
0.003863
0.009491
0.000393
0.009819
0.004329
0.006200
0.009137
0.007446
0.006787
0.006181
0.005930
0.005942
0.005626
0.009177
0.008913
0.007263
0.004702
0.008020
0.009001
0.005439
0.004537
0.009937
0.009357
0.006474
0.000597
0.007066
0.006148
0.005587
0.009432
0.001956
0.002715
0.003295
0.001447
0.003099
0.003115
0.005766
0.009289
0.002252
0.003212
0.006076
0.008423
0.009133
0.002018
0.004050
0.008310
0.000931
0.001312
0.003012
0.008941
0.000313
0.008441
0.003478
0.000250
0.007798
0.009942
0.000837
0.004865
0.006090
0.006415
0.004297
0.008035
0.009120
0.007582
0.009472
0.002219
0.000697
0.005239
0.001508
0.002939
0.008441
0.007573
0.001362
0.007573
0.009581
0.005402
0.005883
0.000511
0.006704
0.008886
0.009442
0.007007
0.007327
0.002920
0.007247
0.005125
0.002863
0.008074
0.009980
0.008942
0.004489
0.004277
0.006978
0.003609
0.001859
0.006450
0.005818
0.002545
0.001689
0.007315
0.005474
0.000130
