0.006602
0.006074
0.005761
0.006805
0.006882
0.005291
0.004027
0.008302
0.007970
0.006890
0.003382
0.004446
0.006515
0.000470
0.003623
0.002179
0.000234
0.003970
0.003264
0.002238
0.008109
0.001851
0.004129
0.006924
0.006474
0.009623
0.000246
0.004307
0.000913
0.004503
0.007929
0.007504
0.000578
0.003690
0.004310
0.007450
0.008971
0.008327
0.005752
0.006941
0.005217
0.009123
0.001387
0.001732
0.009583
0.005000
0.003901
0.009807
0.008960
0.007155
0.002045
0.007069
0.008997
0.006164
0.003993
0.005470
0.005786
0.004229
0.009768
0.006689
0.008722
0.007697
0.004193
0.009290
0.001387
0.008493
0.006740
0.000358
0.006820
0.002491
0.007289
0.002038
0.001615
0.008666
0.003760
0.001198
0.003667
0.007651
0.001005
0.002626
0.004806
0.003040
0.009686
0.003803
0.009193
0.003679
0.009263
0.004979
0.007898
0.009031
0.001668
0.006620
0.006728
0.005851
0.005910
0.008105
0.004344
0.002650
0.008453
0.001165
0.005131
0.005742
0.003192
0.006736
0.004408
0.006942
0.007924
0.008065
0.004593
0.008918
0.000691
0.009389
0.001958
0.000377
0.003192
0.001151
0.004045
0.002455
0.006121
0.001943
0.001486
0.007779
0.008553
0.008204
0.003631
0.004463
0.006309
0.007965
0.007103
0.004762
0.009119
0.002234
0.000503
0.002312
0.008961
0.004902
0.009244
0.006884
0.002967
0.003836
0.005803
0.003648
0.003226
0.007751
0.004014
0.006407
0.008892
0.008050
0.008853
0.005013
0.009982
0.000339
0.002792
0.008535
0.008533
0.006413
0.002998
0.004842
0.004377
0.000101
0.009593
0.003497
0.002325
0.000097
0.005799
0.001286
0.004988
0.005042
0.008160
0.007945
0.008869
0.003963
0.001593
0.002094
0.001714
0.005597
0.008492
0.000606
0.003647
0.007344
0.005609
0.003629
0.007673
0.008391
0.002165
0.006206
0.004803
0.005153
0.001047
0.009171
0.005244
0.000641
0.002668
0.007559
0.000727
0.008456
0.008834
0.005706
0.003498
0.006994
0.003651
0.002367
0.000957
0.005234
0.004451
0.002661
0.000831
0.002942
0.003256
0.004468
0.000287
0.008855
0.008088
0.007950
0.007246
0.000252
0.004156
0.002049
0.005395
0.005193
0.001220
0.000638
0.005824
0.003877
0.008187
0.006541
0.002333
0.007022
0.002247
0.005822
0.004016
0.005888
0.008179
0.004963
0.001122
0.002629
0.007614
0.001943
0.005562
0.000870
0.006401
0.005839
0.009716
0.004489
0.003788
0.006961
0.004731
0.007934
0.009000
0.000126
0.003127
0.000220
0.000754
0.008941
0.004087
0.008931
0.005482
0.006411
0.005953
0.007719
0.002232
0.009959
0.003607
0.000411
0.004922
0.004719
0.003030
0.002536
0.006651
0.008582
0.003396
0.003052
0.004421
0.003112
0.007531
0.008199
0.000073
0.002262
0.006133
0.009064
0.002378
0.009250
0.009273
0.003122
0.008191
0.003361
0.002053
0.003672
0.009761
0.007996
0.001391
0.001993
0.007955
0.004988
0.002394
0.002877
0.009697
0.005414
0.005403
0.006348
0.003997
0.008789
0.009390
0.008408
0.001901
0.006922
0.006607
0.001964
0.009173
0.002740
0.001028
0.001551
0.001990
0.000301
0.004663
0.000181
0.003652
0.006706
0.003843
0.003413
0.004702
0.005225
0.005396
0.002656
0.000213
0.007780
0.005523
0.009899
0.003195
0.000925
0.006247
0.007181
0.009704
0.005638
0.005589
0.001606
0.002559
0.002196
0.003560
0.001733
0.004926
0.004578
0.003274
0.006906
0.004869
0.007927
0.007077
0.008511
0.004632
0.000921
0.001923
0.009324
0.006135
0.007309
0.001980
0.006338
0.005090
0.007493
0.006237
0.008274
0.008408
0.002484
0.005456
0.008113
0.008112
0.001044
0.009708
0.000671
0.003230
0.003268
0.002393
0.008146
0.007836
0.005657
0.005052
0.002705
0.003583
0.002129
0.001215
0.008206
0.003040
0.003128
0.007530
0.009166
0.000438
0.009500
0.005504
0.005518
0.006993
0.001741
0.003792
0.005401
0.004215
0.009238
0.003514
0.002326
0.000282
0.003223
0.002987
0.003502
0.006481
0.005370
0.001648
0.004317
0.001027
0.006690
0.007011
0.004600
0.008809
0.008216
0.002806
0.001849
0.001345
0.000336
0.001015
0.001772
0.009826
0.006508
0.007280
0.006819
0.008239
0.001072
0.002220
0.002454
0.000310
0.005725
0.004770
0.000581
0.008937
0.007747
0.004073
0.005418
0.003117
0.005711
0.009725
0.004133
0.002400
0.006736
0.008724
0.001209
0.004952
0.001530
0.003049
0.006287
0.001856
0.004054
0.008050
0.001682
0.000562
0.005330
0.008491
0.008791
0.006392
0.000711
0.001244
0.006691
0.006426
0.006004
0.007262
0.005363
0.003751
0.001336
0.000781
0.006857
0.007036
0.000506
0.000991
0.009427
0.007232
0.009705
0.000636
0.002185
0.001234
0.003675
0.008462
0.003080
0.007719
0.006512
0.004752
0.008270
0.001841
0.003242
0.007061
0.008223
0.003943
0.008296
0.004914
0.000369
0.004300
0.002176
0.005722
0.008041
0.003502
0.006493
0.004898
0.000538
0.006989
0.005879
0.009955
0.004222
0.005583
0.000592
0.006397
0.006808
0.004257
0.004859
0.009878
0.001975
0.001370
0.004630
0.000246
0.003201
0.007862
0.007297
0.001424
0.001805
0.005593
0.006328
0.002164
0.009883
0.008494
0.007876
0.007924
0.001996
0.004369
0.002822
0.002524
0.001358
0.008691
0.002480
0.005570
0.004274
0.003061
0.001967
0.001082
0.007308
0.006815
0.000960
0.009273
0.008175
0.005580
0.009509
0.001376
0.003442
0.006806
0.002790
0.005238
0.002399
0.009108
0.007392
0.002282
0.007602
0.005268
0.000206
0.009588
0.009627
0.003017
0.002112
0.000986
0.001708
0.004582
0.006546
0.005972
0.007633
0.008502
0.007044
0.004941
0.005317
0.007994
0.004214
0.003492
0.003574
0.003723
0.004859
0.007006
0.000530
0.007639
0.002244
0.002919
0.006746
0.009626
0.005191
0.004348
0.004894
0.005386
0.003936
0.004521
0.008394
0.006038
0.005497
0.000101
0.000620
0.002042
0.006064
0.008243
0.000545
0.003108
0.003184
0.005852
0.001102
0.007388
0.009334
0.004666
0.001112
0.004193
0.001673
0.001631
0.001831
0.003907
0.004540
0.008567
0.003533
0.009720
0.002916
0.008417
0.005107
0.006841
0.002938
0.003500
0.002879
0.008425
0.003591
0.003489
0.000467
0.009645
0.001732
0.001002
0.002753
0.004906
0.006844
0.003845
0.002295
0.006178
0.008501
0.003396
0.000370
0.000174
0.005017
0.002192
0.004070
0.009547
0.000759
0.007593
0.009268
0.003665
0.006010
0.004374
0.000506
0.008938
0.007864
0.003376
0.007363
0.001456
0.006855
0.007820
0.001101
0.008577
0.008812
0.003843
0.003484
0.005656
0.007678
0.005768
0.001834
0.006179
0.009154
0.002194
0.006343
0.004172
0.004376
0.000413
0.003719
0.005125
0.007996
0.002987
0.008780
0.004005
0.007351
0.009276
0.002943
0.005215
0.002651
0.000306
0.006660
0.009496
0.008116
0.007751
0.008073
0.006928
0.001594
0.001557
0.002584
0.009263
0.007315
0.004408
0.005442
0.006469
0.006592
0.001784
0.000641
0.000968
0.002187
0.004350
0.006083
0.000183
0.007327
0.004863
0.004178
0.004678
0.004138
0.007111
0.009882
0.006780
0.007407
0.006543
0.006276
0.005523
0.004293
0.004349
0.002451
0.005878
0.005896
0.005025
0.005140
0.003211
0.009423
0.000582
0.009670
0.006016
0.002357
0.000312
0.006974
0.004534
0.004652
0.003057
0.004707
0.001979
0.007909
0.008875
0.006646
0.002048
0.005987
0.006529
0.008817
0.003394
0.003071
0.005093
0.008907
0.007355
0.009432
0.001359
0.003232
0.005328
0.006374
0.008363
0.008529
0.005797
0.008935
0.008199
0.001813
0.001291
0.008501
0.008776
0.005815
0.003153
0.001833
0.000522
0.005122
0.009732
0.009388
0.001768
0.001780
0.005374
0.008287
0.000597
0.008758
0.001358
0.005680
0.007666
0.008702
0.005111
0.009014
0.001935
0.000439
0.005388
0.000298
0.008958
0.001185
0.009223
0.007157
0.002988
0.000514
0.005657
0.001765
0.006319
0.008800
0.003588
0.006831
0.003922
0.003320
0.006219
0.005680
0.005090
0.001593
0.003966
0.005677
0.000352
0.005314
0.001356
0.008007
0.004016
0.006458
0.007021
0.005941
0.006887
0.002410
0.006229
0.005844
0.003585
0.005451
0.003001
0.006563
0.005955
0.008648
0.008318
0.002274
0.007448
0.001906
0.009096
0.001370
0.005215
0.005315
0.007039
0.000305
0.006898
0.001005
0.005972
0.007240
0.006309
0.007318
0.005247
0.000326
0.003776
0.002268
0.006257
0.000663
0.004668
0.002485
0.006497
0.008243
0.007927
0.009489
0.004806
0.003882
0.008137
0.003124
0.006146
0.005585
0.005020
0.005242
0.006945
0.000235
0.000557
0.003984
0.000530
0.007445
0.004980
0.006492
0.004684
0.001289
0.003811
0.009921
0.001605
0.007577
0.002190
0.007852
0.008230
0.006847
0.000337
0.004727
0.005090
0.008254
0.004216
0.009886
0.002135
0.002352
0.003011
0.008272
0.007928
0.008020
0.003514
0.004873
0.008245
0.004060
0.008847
0.008766
0.001505
0.003827
0.005258
0.006180
0.005106
0.009058
0.006101
0.006701
0.006635
0.008281
0.004553
0.004865
0.005128
0.004880
0.009582
0.000218
0.003133
0.003797
0.000105
0.005259
0.006140
0.003105
0.003530
0.004067
0.001126
0.007034
0.008930
0.009361
0.001094
0.007777
0.008127
0.002589
0.001604
0.003385
0.008759
0.006701
0.002443
0.004860
0.003402
0.009068
0.003141
0.007944
0.003933
0.008259
0.002824
0.003515
0.008467
0.005947
0.007302
0.008562
0.001206
0.003442
0.001667
0.004726
0.007499
0.002783
0.001760
0.006429
0.002144
0.002844
0.004207
0.000271
0.005424
0.005801
0.003645
0.004183
0.002501
0.006078
0.009033
0.005893
0.005147
0.002174
0.003837
0.009069
0.000432
0.006652
0.002584
0.008889
0.002599
0.009876
0.007451
0.003795
0.003318
0.009108
0.008511
0.000817
0.001891
0.000271
0.007236
0.004025
0.003105
0.001442
0.004286
0.008518
0.007233
0.007921
0.002701
0.009725
0.003999
0.001734
0.005618
0.009136
0.003897
0.009445
0.008205
0.004320
0.006097
0.000789
0.003209
0.008686
0.000665
0.000660
0.002480
0.003973
0.009758
0.000991
0.004780
0.001649
0.001252
0.002015
0.005664
0.004347
0.003448
0.009940
0.002866
0.000681
0.007861
0.005557
0.000406
0.001860
0.007281
0.006014
0.000996
0.001178
0.005459
0.009191
0.005488
0.001556
0.009970
0.008687
0.000241
0.000636
0.009337
0.002711
0.004599
0.009095
0.003693
0.009368
0.000745
0.004935
0.001384
0.006399
0.009272
0.004821
0.006339
0.002137
0.005493
0.004199
0.007684
0.005889
0.006049
0.004965
0.001902
0.007035
0.006133
0.007351
0.006226
0.001620
0.008897
0.006196
0.000307
0.009128
0.006822
0.009634
0.001839
0.001421
0.008729
0.005522
0.000789
0.009464
0.000457
0.002162
0.005863
0.009719
0.006974
0.002202
0.001856
0.002466
0.006391
0.009530
0.008345
0.002440
0.004495
0.000247
0.009465
0.000627
0.007588
0.005691
0.002238
0.006485
0.001888
0.002535
0.005613
0.008700
0.002169
0.007442
0.000120
0.000899
0.002964
0.000899
0.000363
0.003411
0.003051
0.006216
0.003130
0.000025
0.008407
0.004976
0.002481
0.004798
0.004506
0.000826
0.007229
0.008991
0.001063
0.006694
0.009608
0.008642
0.002386
0.001846
0.005127
0.004263
0.004371
0.000740
0.002963
0.006530
0.008172
0.003074
0.007419
0.001137
0.003962
0.007772
0.004538
0.007004
0.003987
0.007658
0.007018
0.002394
0.002634
0.009489
0.007183
0.007130
0.000315
0.004412
0.006120
0.001368
0.001106
0.005729
0.010000
0.003482
0.007565
0.005126
0.007735
0.001936
0.005856
0.000698
0.008456
0.004029
0.003762
0.005875
0.005156
0.007714
0.003647
0.009684
0.004718
0.007624
0.007341
0.001736
0.000019
0.009965
0.001225
0.007192
0.007094
0.001530
0.001603
0.003215
0.002888
0.002699
0.008934
0.002887
0.006170
0.006498
0.008004
0.003905
0.008424
0.003860
0.004594
0.006880
0.007879
0.008345
0.002756
0.003035
0.006060
0.006393
0.002718
0.000777
0.004017
0.000059
0.002503
0.004026
0.000024
0.003718
0.001217
0.007109
0.005238
0.002810
0.000324
0.008116
0.005499
0.009247
0.001003
0.001670
0.005745
0.008996
0.005565
0.004170
0.002857
0.000159
0.001050
0.000736
0.008494
0.003796
0.003760
0.004554
0.000189
0.006468
0.005321
0.004196
0.006518
0.007814
0.008212
0.006532
0.001533
0.009419
0.003640
0.006760
0.002230
0.003954
0.004876
0.007719
0.003201
0.005869
0.009379
0.008937
0.004865
0.004944
0.003106
0.007712
0.005093
0.004146
0.008437
0.003587
0.007932
0.002197
0.008131
0.008111
0.008655
0.003452
0.002307
0.005173
0.001267
0.000519
0.001705
0.002789
0.009928
0.005335
0.009540
0.002157
0.009279
0.004416
0.009866
0.002480
0.000284
0.009245
0.001417
0.005139
0.004189
0.004513
0.002851
0.009272
0.008649
0.001288
0.002859
0.006582
0.003475
0.000991
0.004693
0.002130
0.004433
0.006990
0.007293
0.005690
0.007498
0.008988
0.008469
0.007426
0.004323
0.008009
0.009573
0.003602
0.002424
0.009439
0.006072
0.002699
0.008684
0.007479
0.007828
0.002873
0.001992
0.000678
0.002145
0.000641
0.001956
0.004995
0.007213
0.005421
0.005975
0.001906
0.007541
0.000408
0.008885
0.004834
0.006088
0.006384
0.003822
0.004558
0.003810
0.008135
0.002566
0.003383
0.001737
0.004981
0.002822
0.007799
0.007670
0.001507
0.005277
0.005497
0.004370
0.007259
0.006166
0.006505
0.007891
0.008112
0.001500
0.005104
0.003533
0.007466
0.007000
0.001074
0.007864
0.005885
0.005899
0.003953
0.002269
0.009711
0.008500
0.006069
0.007846
0.001067
0.009441
0.009573
0.006037
0.002264
0.007371
0.003707
0.003760
0.002649
0.009194
0.008120
0.009898
0.005360
0.004626
0.007789
0.003472
0.006116
0.002893
0.006995
0.003582
0.009882
0.008059
0.001446
0.005768
0.003958
0.005388
0.008026
0.003669
0.003889
0.004095
0.001515
0.004945
0.003537
0.001087
0.000982
0.005790
0.008449
0.004679
0.009541
0.001097
0.003874
0.007661
0.000996
0.009223
0.002286
0.008774
0.002695
0.008392
0.001667
0.009680
0.001974
0.001550
0.007739
0.003410
0.007307
0.001696
0.008788
0.005334
0.005355
0.002677
0.009419
0.006859
0.007612
0.002955
0.007937
0.008584
0.008736
0.006385
0.003264
0.008276
0.007473
0.007127
0.005937
0.008458
0.006351
0.008213
0.007233
0.009036
0.006605
0.008890
0.008716
0.008569
0.000439
0.006454
0.001979
0.007736
0.008140
0.000767
0.003070
0.003495
0.003434
0.002489
0.000355
0.001046
0.005434
0.008281
0.009620
0.004169
0.004667
0.002884
0.002445
0.002139
0.000011
0.008372
0.000597
0.006352
0.006585
0.007820
0.005387
0.003191
0.006710
0.004103
0.001760
0.007139
0.000557
0.003729
0.004875
0.008688
0.004486
0.007935
0.002183
0.007910
0.000424
0.002528
0.008946
0.005847
0.000809
0.008566
0.000017
0.005466
0.001450
0.002452
0.007595
0.001451
0.000824
0.008182
0.007793
0.007400
0.006002
0.003180
0.000590
0.002712
0.007273
0.002340
0.009840
0.007820
0.006059
0.004716
0.006508
0.000545
0.002651
0.008681
0.008445
0.003064
0.001208
0.007391
0.008902
0.002008
0.005957
0.008908
0.007463
0.007396
0.001361
0.005058
0.008837
0.002175
0.003241
0.006630
0.009565
0.009233
0.009800
0.000155
0.001944
0.007073
0.002485
0.001785
0.004893
0.008534
0.006490
0.001401
0.009069
0.009131
0.000081
0.007513
0.002195
0.001280
0.004904
0.001097
0.003277
0.000860
0.009995
0.000741
0.008247
0.001356
0.005789
0.007084
0.003521
0.009019
0.003713
0.003086
0.008252
0.003513
0.003231
0.000197
0.000585
0.005706
0.001971
0.005468
0.004240
0.008452
0.006859
0.003308
0.007583
0.006930
0.000822
0.009768
0.008200
0.005716
0.000865
0.001477
0.006566
0.000860
0.002207
0.004813
0.002205
0.007986
0.001896
0.005716
0.007006
0.005600
0.008792
0.005258
0.009103
0.002022
0.005444
0.009678
0.007718
0.007406
0.005146
0.001958
0.005858
0.002005
0.005256
0.003441
0.008925
0.006068
0.003209
0.007125
0.001784
0.004063
0.008592
0.008340
0.004913
0.000799
0.003152
0.007109
0.008775
0.005039
0.002825
0.005781
0.000638
0.001616
0.001039
0.009731
0.003629
0.006473
0.009409
0.001347
0.003879
0.004555
0.003295
0.009726
0.006550
0.008541
0.003167
0.005475
0.004610
0.006366
0.002600
0.006383
0.000429
0.001192
0.004723
0.005333
0.001981
0.007866
0.002441
0.000756
0.002904
0.005256
0.006527
0.003533
0.006862
0.007556
0.003264
0.000491
0.004029
0.002673
0.001828
0.007898
0.007218
0.005113
0.007624
0.003769
0.003654
0.000791
0.009234
0.008254
0.007147
0.001834
0.004637
0.007567
0.003016
0.009350
0.002899
0.004988
0.007216
0.005331
0.005734
0.000120
0.000586
0.002261
0.003643
0.007438
0.009807
0.006897
0.007919
0.003836
0.009559
0.009737
0.001734
0.006778
0.004849
0.009348
0.000546
0.008493
0.000140
0.009771
0.006747
0.007277
0.001605
0.001384
0.004844
0.004611
0.000734
0.007733
0.009589
0.007939
0.003064
0.005323
0.008049
0.003640
0.007574
0.001692
0.001079
0.007382
0.008579
0.008988
0.001218
0.008138
0.008724
0.002942
0.004916
0.003574
0.002290
0.005452
0.002067
0.002420
0.005223
0.008803
0.009687
0.006818
0.000187
0.004531
0.001429
0.000911
0.002264
0.001018
0.008840
0.005318
0.006331
0.006889
0.008948
0.003905
0.008571
0.000027
0.001287
0.007150
0.009005
0.002495
0.005288
0.007730
0.005427
0.000203
0.001303
0.007707
0.005646
0.003360
0.000127
0.000868
0.002163
0.009804
0.007676
0.002340
0.004334
0.009095
0.003241
0.006588
0.000113
0.002081
0.001907
0.006435
0.008960
0.000855
0.000340
0.007531
0.000872
0.001617
0.004681
0.009867
0.004101
0.009959
0.007597
0.009518
0.000162
0.008890
0.007225
0.005798
0.002250
0.007341
0.006656
0.004404
0.007145
0.004332
0.006734
0.001479
0.003428
0.009965
0.008058
0.003531
0.002046
0.009954
0.009956
0.001006
0.000809
0.000295
0.008528
0.001672
0.001902
0.003209
0.001539
0.005994
0.003168
0.009126
0.005511
0.003320
0.008017
0.002736
0.009108
0.000267
0.000077
0.005765
0.004661
0.007212
0.000097
0.001395
0.008681
0.003515
0.001360
0.006739
0.007036
0.003397
0.006693
0.006991
0.004393
0.007492
0.007277
0.002921
0.009154
0.009169
0.006120
0.000693
0.005163
0.009278
0.009810
0.000674
0.002598
0.007826
0.003400
0.001707
0.008083
0.003467
0.007461
0.002744
0.000679
0.007548
0.004129
0.009351
0.001063
0.005480
0.006089
0.008089
0.008866
0.002782
0.005080
0.003259
0.000275
0.002357
0.006170
0.009419
0.001526
0.002289
0.000112
0.006679
0.001567
0.009911
0.007343
0.004155
0.007738
0.000743
0.005852
0.005821
0.004200
0.003313
0.008555
0.004870
0.000862
0.002685
0.004220
0.001915
0.008154
0.000310
0.009994
0.007020
0.003082
0.005074
0.000279
0.003347
0.007421
0.006439
0.002765
0.008938
0.008719
0.002867
0.005616
0.000286
0.002778
0.002959
0.004431
0.000516
0.003692
0.000283
0.006327
0.007882
0.003586
0.004882
0.002752
0.004438
0.007557
0.006962
0.006342
0.005711
0.007262
0.006336
0.002731
0.000344
0.001410
0.003001
0.003680
0.008822
0.009430
0.006435
0.007760
0.008149
0.009293
0.003376
0.008425
0.002071
0.006325
0.002856
0.002577
0.000017
0.003128
0.008894
0.007889
0.006704
0.003776
0.000641
0.001142
0.001333
0.007593
0.007474
0.007033
0.004854
0.003810
0.009755
0.005188
0.005211
0.002756
0.008858
0.004033
0.002186
0.005293
0.001792
0.000334
0.004586
0.005158
0.008749
0.006647
0.001483
0.001604
0.009214
0.001490
0.004723
0.008108
0.009369
0.001427
0.001883
0.010000
0.002559
0.003206
0.007592
0.000033
0.000240
0.002446
0.003833
0.009984
0.007624
0.009034
0.002740
0.006482
0.003066
0.004916
0.001775
0.004849
0.005240
0.006351
0.009997
0.003989
0.002998
0.001480
0.005583
0.002211
0.002960
0.000306
0.000319
0.002329
0.001723
0.002192
0.002329
0.004271
0.005388
0.009912
0.004294
0.005618
0.002358
0.008117
0.005602
0.009972
0.007151
0.008332
0.006454
0.000217
0.003248
0.008219
0.005056
0.008478
0.004570
0.005052
0.002467
0.007558
0.006522
0.008040
0.009759
0.009472
0.008336
0.000077
0.001802
0.000058
0.002260
0.004121
0.004319
0.007638
0.004033
0.008603
0.003256
0.006381
0.006720
0.008848
0.006353
0.003871
0.007180
0.002807
0.004078
0.000428
0.001026
0.009124
0.008896
0.005586
0.004176
0.001363
0.003144
0.000698
0.009393
0.002902
0.000171
0.007728
0.002970
0.001962
0.007777
0.005219
0.006073
0.002096
0.002857
0.000106
0.000699
0.006103
0.006477
0.007410
0.004951
0.002830
0.001281
0.002132
0.005626
0.005349
0.002550
0.006643
0.004473
0.001446
0.002229
0.008639
0.002799
0.005362
0.009327
0.002192
0.008254
0.009488
0.009910
0.001224
0.001450
0.007687
0.006433
0.007513
0.009773
0.009280
0.007609
0.000472
0.005383
0.004086
0.007871
0.000334
0.006905
0.009142
0.002456
0.002532
0.004491
0.004996
0.009164
0.008954
0.006432
0.001393
0.007592
0.009221
0.006745
0.006920
0.001413
0.004999
0.006407
0.001323
0.006213
0.007847
0.009000
0.002646
0.005360
0.008772
0.001926
0.002969
0.009234
0.007300
0.007045
0.007105
0.007624
0.003950
0.006247
0.000080
0.006471
0.000738
0.005066
0.005636
0.009682
0.001498
0.007018
0.007274
0.000719
0.003763
0.004194
0.002122
0.008752
0.000601
0.003435
0.004965
0.008438
0.002434
0.007601
0.003799
0.001206
0.009517
0.006758
0.000440
0.006817
0.003803
0.007536
0.004441
0.007743
0.003783
0.004511
0.004215
0.004511
0.009567
0.009840
0.004193
0.001065
0.006858
0.001467
0.001774
0.000621
0.005651
0.003886
0.009363
0.006242
0.007311
0.004328
0.004681
0.009735
0.001929
0.008469
0.000942
0.001446
0.005228
0.001372
0.008253
0.009021
0.008897
0.002694
0.006764
0.002680
0.007196
0.000978
0.007181
0.006763
0.000819
0.001374
0.007818
0.007667
0.002831
0.009582
0.008278
0.008472
0.003468
0.007641
0.004714
0.000779
0.001969
0.009385
0.000514
0.003888
0.007854
0.001446
0.005324
0.003082
0.002808
0.003577
0.002102
0.001705
0.006261
0.008856
0.004375
0.003457
0.009825
0.001557
0.000220
0.000643
0.002920
0.008028
0.008300
0.005741
0.007610
0.006578
0.004213
0.001078
0.004219
0.008917
0.001847
0.006178
0.008301
0.002352
0.000066
0.006155
0.003788
0.005380
0.009227
0.006585
0.008947
0.001330
0.008281
0.005208
0.000186
0.002656
0.008655
0.000011
0.004203
0.008864
0.000644
0.007113
0.006892
0.008934
0.002854
0.004502
0.005512
0.007057
0.005570
0.009721
0.005974
0.007407
0.005899
0.004276
0.009749
0.005955
0.000431
0.003536
0.001335
0.009648
0.000122
0.000281
0.000978
0.008393
0.005479
0.001154
0.001049
0.004134
0.001155
0.005241
0.002998
0.001788
0.002354
0.009880
0.000722
0.005199
0.004382
0.006224
0.002256
0.009942
0.005946
0.008221
0.007349
0.001845
0.002496
0.007097
0.007790
0.002918
0.000634
0.009114
0.002566
0.000746
0.009385
0.003534
0.009128
0.004864
0.004678
0.000177
0.008988
0.005822
0.005408
0.001986
0.007601
0.007753
0.001866
0.008313
0.002951
0.006237
0.004538
0.005198
0.006179
0.000483
0.003418
0.003528
0.002318
0.005905
0.000625
0.000108
0.008812
0.001249
0.009212
0.001378
0.001984
0.008597
0.004902
0.001113
0.003461
0.009570
0.001280
0.002449
0.005392
0.006678
0.004425
0.002993
0.004430
0.006281
0.001307
0.007372
0.002518
0.005834
0.002569
0.008687
0.006308
0.005978
0.002215
0.008616
0.001882
0.002830
0.008713
0.000694
0.004069
0.007925
0.002063
0.006043
0.006522
0.006955
0.007146
0.009973
0.006525
0.008416
0.002422
0.001917
0.005093
0.006837
0.004900
0.009514
0.003118
0.006197
0.006885
0.005627
0.002031
0.009445
0.004314
0.008329
0.005423
0.006519
0.006944
0.007295
0.009339
0.005657
0.007979
0.003408
0.003582
0.000042
0.009441
0.000104
0.006986
0.006587
0.000077
0.003511
0.005003
0.002489
0.005418
0.000096
0.009317
0.000318
0.009600
0.002435
0.006505
0.006485
0.008051
0.008526
0.005930
0.002365
0.006855
0.001353
0.008874
0.003799
0.008637
0.008213
0.009447
0.006617
0.001621
0.003029
0.006648
0.001062
0.003123
0.003635
0.007640
0.003190
0.007136
0.002642
0.005669
0.002554
0.002728
0.004986
0.002862
0.002328
0.007411
0.009357
0.008803
0.005462
0.007884
0.004733
0.007818
0.004739
0.006075
0.006692
0.008528
0.004713
0.004905
0.007975
0.001329
0.006516
0.001004
0.007968
0.007569
0.004117
0.001603
0.005208
0.007297
0.008728
0.007841
0.002966
0.001282
0.000569
0.007942
0.004134
0.002887
0.005353
0.003492
0.001690
0.000815
0.001375
0.006413
0.008622
0.006104
0.002489
0.005314
0.004633
0.007192
0.000220
0.002608
0.008511
0.006726
0.003602
0.006479
0.004295
0.007708
0.008072
0.009493
0.005005
0.006800
0.007334
0.007961
0.008072
0.007893
0.005903
0.002207
0.000781
0.001256
0.005688
0.002461
0.002061
0.007054
0.008864
0.000683
0.003158
0.001353
0.005987
0.007780
0.008535
0.006197
0.000388
0.007046
0.002923
0.003980
0.003525
0.007208
0.001688
0.001596
0.006701
0.006683
0.008386
0.004035
0.004645
0.006458
0.001928
0.000548
0.008655
0.002698
0.001793
0.004343
0.005149
0.003844
0.001397
0.004013
0.004517
0.004545
0.005357
0.000504
0.002325
0.003891
0.006691
0.002703
0.000937
0.009604
0.006673
0.004452
0.006811
0.008351
0.006038
0.003512
0.005034
0.004424
0.007537
0.009669
0.000883
0.009454
0.000217
0.009528
0.002153
0.002000
0.003871
0.007292
0.005834
0.005258
0.001305
0.000351
0.009793
0.006652
0.000845
0.002118
0.000543
0.007526
0.004812
0.001470
0.007130
0.001485
0.005912
0.003941
0.009826
0.001950
0.007443
0.004861
0.006364
0.004980
0.004530
0.007237
0.004434
0.004736
0.006764
0.006577
0.006727
0.000635
0.003869
0.002561
0.005883
0.005164
0.002902
0.005676
0.001816
0.003737
0.007785
0.002350
0.001263
0.002597
0.003810
0.008383
0.004071
0.009712
0.002324
0.003898
0.001662
0.009757
0.008748
0.008016
0.004737
0.003278
0.005252
0.009161
0.008004
0.002016
0.005738
0.004731
0.002641
0.009597
0.007281
0.008515
0.004762
0.000183
0.004191
0.006568
0.003910
0.001976
0.008908
0.005163
0.004562
0.002718
0.003546
0.008624
0.002429
0.005861
0.002521
0.004081
0.005618
0.001269
0.002097
0.000355
0.004537
0.007339
0.009506
0.002541
0.009345
0.005245
0.007262
0.001986
0.004842
0.004543
0.000501
0.009593
0.004716
0.004682
0.006161
0.008616
0.006648
0.005069
0.003779
0.001210
0.007777
0.007316
0.009824
0.000206
0.003176
0.002346
0.004277
0.008784
0.003605
0.006364
0.009129
0.008132
0.003703
0.008636
0.000673
0.003047
0.003880
0.007925
0.005024
0.008712
0.002468
0.005515
0.008305
0.007174
0.000197
0.004467
0.005790
0.006835
0.009526
0.009559
0.008035
0.007303
0.006875
0.007860
0.007499
0.000051
0.000205
0.001777
0.008825
0.003801
0.008131
0.007954
0.001933
0.001833
0.006590
0.002596
0.004871
0.000470
0.000521
0.009884
0.009172
0.002979
0.005399
0.007477
0.000153
0.005586
0.001944
0.005933
0.002420
0.001470
0.005492
0.000456
0.008763
0.002367
0.008305
0.006262
0.002408
0.008501
0.008028
0.001233
0.002301
0.006159
0.009178
0.004224
0.007982
0.005768
0.006810
0.002853
0.006228
0.007322
0.002737
0.005400
0.000301
0.008126
0.002877
0.000444
0.003712
0.004811
0.006367
0.006122
0.006270
0.001859
0.006568
0.005033
0.004216
0.004873
0.001295
0.006614
0.003373
0.009313
0.007838
0.005665
0.005472
0.007015
0.009879
0.003455
0.002783
0.006689
0.006297
0.009001
0.004011
0.009025
0.004400
0.004302
0.007151
0.007267
0.004736
0.000862
0.002078
0.001103
0.006974
0.008338
0.002952
0.003542
0.003372
0.007158
0.008405
0.004656
0.003772
0.001779
0.003970
0.001610
0.007433
0.009432
0.008615
0.007312
0.002886
0.001398
0.004001
0.009174
0.000399
0.008002
0.008198
0.004790
0.002304
0.005349
0.002057
0.007030
0.006201
0.004125
0.008123
0.003176
0.002463
0.001075
0.006708
0.005825
0.008223
0.005113
0.000481
0.001995
0.006882
0.004441
0.003595
0.004315
0.003873
0.002211
0.001628
0.006749
0.003599
0.005619
0.005923
0.003988
0.003621
0.004121
0.008768
0.005915
0.009460
0.000825
0.002945
0.005662
0.004940
0.001068
0.008828
0.007393
0.002133
0.005536
0.003218
0.000356
0.000649
0.003690
0.002342
0.007521
0.008120
0.005927
0.001837
0.001993
0.008128
0.003454
0.008732
0.001727
0.009063
0.004655
0.005706
0.002684
0.008767
0.004474
0.008589
0.008227
0.005289
0.001534
0.003889
0.000228
0.002593
0.002717
0.007612
0.004716
0.008243
0.000830
0.005062
0.008882
0.004510
0.007394
0.006403
0.002630
0.003321
0.008230
0.004613
0.001449
0.001684
0.003346
0.003166
0.000748
0.007991
0.008862
0.003422
0.006757
0.003335
0.002011
0.004985
0.008614
0.003535
0.008864
0.008832
0.006118
0.001580
0.006444
0.000834
0.009813
0.007264
0.005886
0.008695
0.001774
0.003279
0.005098
0.004394
0.006590
0.003328
0.008997
0.008029
0.005002
0.002342
0.001196
0.005740
0.000333
0.000057
0.009152
0.007081
0.003383
0.001162
0.002065
0.001997
0.004688
0.000929
0.000829
0.000806
0.002499
0.007263
0.001629
0.002312
0.004527
0.007505
0.001006
0.006291
0.000784
0.006094
0.000685
0.007364
0.009412
0.009672
0.005394
0.004415
0.002014
0.006579
0.000155
0.002338
0.006627
0.009296
0.009408
0.010000
0.000459
0.001474
0.001997
0.005137
0.002393
0.002816
0.005932
0.004882
0.000079
0.007551
0.007184
0.004597
0.005056
0.008180
0.000888
0.005830
0.004274
0.001563
0.003194
0.003687
0.001235
0.008578
0.008091
0.003239
0.005157
0.008236
0.005567
0.001784
0.007533
0.004975
0.001784
0.007982
0.006439
0.003771
0.003118
0.008821
0.006576
0.009041
0.003703
0.006646
0.006592
0.000887
0.001242
0.001648
0.009057
0.002120
0.007467
0.003331
0.003673
0.000662
0.007008
0.004897
0.009230
0.005099
0.008126
0.004387
0.003335
0.003693
0.006161
0.000868
0.008658
0.007935
0.008840
0.005097
0.001706
0.001958
0.003918
0.008272
0.000999
0.007611
0.004918
0.007581
0.008488
0.006150
0.009218
0.007544
0.008260
0.006686
0.000875
0.001932
0.007337
0.007873
0.006820
0.006567
0.002972
0.004946
0.000954
0.006297
0.008629
0.007105
0.007155
0.007287
0.005040
0.005995
0.002383
0.006736
0.007943
0.006291
0.005008
0.008932
0.003902
0.009916
0.006512
0.002390
0.006065
0.005730
0.009924
0.004325
0.002416
0.000799
0.006248
0.009743
0.008662
0.003067
0.006310
0.001634
0.008003
0.007254
0.007921
0.006632
0.004359
0.005076
0.003919
0.009389
0.001070
0.006292
0.006124
0.009003
0.002583
0.001132
0.007935
0.006475
0.001048
0.004447
0.008854
0.007103
0.000177
0.008778
0.001428
0.002583
0.009567
0.007666
0.002326
0.008229
0.000733
0.008626
0.009852
0.008726
0.005880
0.007773
0.005359
0.000238
0.002849
0.009267
0.009617
0.003909
0.005559
0.005741
0.002912
0.008132
0.006863
0.000847
0.004606
0.007901
0.005284
0.003461
0.005005
0.005451
0.002239
0.006423
0.008023
0.001806
0.004089
0.000349
0.000035
0.004812
0.008965
0.009877
0.003539
0.004845
0.007650
0.008887
0.005073
0.000499
0.008154
0.004690
0.004398
0.003713
0.000431
0.007300
0.001845
0.007284
0.008137
0.006441
0.005186
0.003421
0.009891
0.000190
0.008861
0.002130
0.006603
0.006885
0.003926
0.000692
0.007224
0.003951
0.005494
0.006189
0.003828
0.009023
0.001033
0.001478
0.007910
0.006096
0.001967
0.006064
0.000786
0.006355
0.009767
0.001206
0.003655
0.001612
0.008480
0.001792
0.008043
0.003666
0.005203
0.007934
0.003846
0.004064
0.000064
0.000449
0.000949
0.003980
0.001131
0.008163
0.007921
0.006615
0.004351
0.001748
0.005638
0.005374
0.003216
0.003547
0.001470
0.005173
0.009601
0.002246
0.001528
0.009368
0.003442
0.005172
0.000980
0.001923
0.006955
0.009013
0.005579
0.002157
0.006947
0.009415
0.006212
0.007001
0.009854
0.007151
0.000981
0.000985
0.005313
0.008892
0.007590
0.009654
0.000640
0.003228
0.005029
0.003846
0.006765
0.006489
0.009009
0.006367
0.008725
0.000537
0.005735
0.002167
0.005699
0.006705
0.004080
0.002654
0.005718
0.009648
0.004801
0.002665
0.009063
0.001013
0.009657
0.008917
0.008153
0.000638
0.009892
0.003466
0.009520
0.007482
0.003121
0.000160
0.000709
0.008140
0.003996
0.007465
0.004629
0.003005
0.003831
0.003354
0.003532
0.009556
0.005511
0.009221
0.006262
0.009581
0.001875
0.001980
0.009229
0.006666
0.004636
0.008292
0.007668
0.004292
0.007209
0.005822
0.004920
0.007101
0.009278
0.004440
0.004582
0.002399
0.004591
0.005282
0.000539
0.008577
0.002746
0.005157
0.001582
0.006568
0.008501
0.005104
0.006124
0.004012
0.004325
0.002386
0.003593
0.006190
0.004356
0.002822
0.002855
0.008981
0.001115
0.000524
0.003274
0.008314
0.006336
0.008184
0.005415
0.005614
0.002625
0.009987
0.008003
0.007205
0.005269
0.008531
0.005782
0.008005
0.003688
0.007354
0.004572
0.002189
0.002458
0.000696
0.006191
0.006774
0.003072
0.009774
0.002963
0.007418
0.002597
0.005809
0.006400
0.003702
0.006322
0.009663
0.002016
0.002658
0.007848
0.007420
0.008262
0.000472
0.007407
0.006265
0.007667
0.002676
0.004796
0.003449
0.000681
0.008474
0.000803
0.005244
0.000664
0.003252
0.005930
0.006845
0.000026
0.008992
0.006620
0.002979
0.006410
0.009207
0.008778
0.002810
0.002908
0.005100
0.002473
0.004914
0.007748
0.000321
0.002335
0.006010
0.000783
0.009732
0.002275
0.008440
0.002408
0.007061
0.001890
0.003079
0.005535
0.002683
0.008313
0.006189
0.005925
0.004243
0.003034
0.005940
0.003235
0.009644
0.008909
0.009635
0.008851
0.007687
0.002445
0.001759
0.002787
0.004909
0.006663
0.000535
0.005220
0.008988
0.006535
0.005993
0.008720
0.008800
0.004433
0.001128
0.005860
0.006313
0.004197
0.001395
0.008986
0.002510
0.007574
0.004911
0.006742
0.000608
0.000851
0.009967
0.000252
0.009751
0.009603
0.009093
0.007438
0.002048
0.000852
0.000224
0.006947
0.007505
0.000749
0.002166
0.006493
0.007274
0.008149
0.005212
0.006074
0.002582
0.006330
0.001934
0.008885
0.000527
0.003319
0.007871
0.003027
0.000893
0.002782
0.009759
0.001491
0.003623
0.009726
0.001733
0.003374
0.009329
0.000825
0.000811
0.001377
0.001667
0.001026
0.008313
0.009162
0.001765
0.000480
0.005655
0.009030
0.008619
0.000867
0.005104
0.001201
0.007188
0.007028
0.000087
0.007705
0.000347
0.007948
0.000731
0.001229
0.000730
0.000490
0.002710
0.004343
0.000217
0.004433
0.007707
0.009535
0.005248
0.008508
0.000912
0.006906
0.009524
0.009215
0.006068
0.001290
0.009685
0.001723
0.000319
0.008304
0.002581
0.005413
0.009495
0.009758
0.002441
0.009572
0.007463
0.002777
0.007520
0.008184
0.003997
0.008240
0.008664
0.006697
0.002583
0.008871
0.001130
0.000290
0.008406
0.006368
0.008788
0.009308
0.003274
0.008312
0.008524
0.009332
0.009592
0.008209
0.001055
0.009901
0.006512
0.003626
0.005314
0.006008
0.003384
0.007745
0.005580
0.000847
0.000522
0.003099
0.009021
0.004509
0.001339
0.007685
0.001206
0.003911
0.006556
0.002326
0.004191
0.004962
0.008684
0.002979
0.004271
0.001958
0.001291
0.002794
0.001290
0.000884
0.001003
0.002336
0.000785
0.007505
0.005951
0.006089
0.003513
0.009325
0.003835
0.009082
0.000172
0.004347
0.002182
0.009183
0.008846
0.003511
0.006868
0.000052
0.007412
0.003424
0.002368
0.001603
0.008376
0.001052
0.004572
0.002647
0.003000
0.005854
0.005431
0.004280
0.006727
0.006424
0.006606
0.007502
0.003929
0.002557
0.003592
0.007432
0.001883
0.007416
0.006514
0.002045
0.001763
0.008686
0.001227
0.000610
0.002196
0.008085
0.000652
0.009599
0.001509
0.003010
0.001202
0.009875
0.004052
0.005764
0.002522
0.007042
0.001618
0.007943
0.001322
0.008335
0.004366
0.007918
0.005838
0.008285
0.000476
0.009420
0.005717
0.002348
0.006836
0.002231
0.004383
0.008589
0.000917
0.005600
0.009189
0.003103
0.003685
0.009831
0.002702
0.005184
0.002841
0.003894
0.005059
0.006882
0.009648
0.007570
0.003924
0.001266
0.005513
0.005237
0.009591
0.009869
0.003155
0.005429
0.008154
0.003620
0.004848
0.003871
0.005959
0.001684
0.006092
0.000341
0.000274
0.006998
0.005931
0.009453
0.000102
0.009606
0.009284
0.002793
0.004790
0.002124
0.006677
0.009839
0.008997
0.006325
0.007409
0.002921
0.007581
0.002922
0.008147
0.007172
0.002791
0.001302
0.002601
0.000946
0.004913
0.007439
0.004806
0.000871
0.009114
0.000898
0.001203
0.009377
0.007887
0.007124
0.008830
0.007978
0.006731
0.008114
0.000772
0.001521
0.000238
0.007439
0.001360
0.009225
0.003763
0.008759
0.002146
0.001344
0.001682
0.000293
0.008506
0.004463
0.001585
0.001107
0.005399
0.006488
0.008536
0.000205
0.007349
0.007649
0.001093
0.008542
0.007027
0.008970
0.005666
0.005857
0.006948
0.002397
0.003971
0.007710
0.003908
0.004200
0.005149
0.005258
0.003425
0.008902
0.004017
0.005560
0.000246
0.005689
0.005844
0.008742
0.000152
0.007419
0.009838
0.005541
0.003907
0.008374
0.005736
0.001257
0.006023
0.006819
0.009789
0.003050
0.005789
0.005455
0.008897
0.002737
0.007842
0.002868
0.000447
0.001750
0.007058
0.005586
0.006998
0.000482
0.004488
0.001015
0.006033
0.004724
0.006694
0.001876
0.003466
0.006836
0.009285
0.003304
0.002376
0.003193
0.001678
0.008102
0.004439
0.007691
0.004921
0.004228
0.000741
0.000710
0.009674
0.009628
0.003438
0.007516
0.002496
0.003875
0.009256
0.009544
0.009451
0.006253
0.000026
0.003938
0.007258
0.006049
0.008652
0.003951
0.007915
0.002118
0.000787
0.007201
0.005411
0.003153
0.000393
0.007079
0.001255
0.004823
0.004771
0.006167
0.009041
0.005502
0.006867
0.008715
0.005130
0.000305
0.006230
0.007616
0.004169
0.005486
0.007160
0.003620
0.001739
0.007176
0.007548
0.008987
0.003225
0.006201
0.002939
0.001140
0.008308
0.003716
0.008330
0.003720
0.006859
0.008714
0.000799
0.008104
0.003536
0.005559
0.004271
0.002578
0.001061
0.001138
0.001292
0.006181
0.001432
0.007513
0.003797
0.005592
0.002999
0.000957
0.009202
0.004728
0.008123
0.006750
0.003715
0.001348
0.002951
0.006644
0.002478
0.001259
0.000360
0.000809
0.004968
0.007209
0.009513
0.005757
0.005313
0.003049
0.001317
0.009574
0.005617
0.002368
0.000712
0.006899
0.008539
0.002134
0.004412
0.002336
0.007716
0.007400
0.003284
0.006917
0.002128
0.001407
0.003668
0.005834
0.002745
0.006608
0.002478
0.005214
0.007857
0.002827
0.006013
0.002826
0.000036
0.005525
0.008573
0.005339
0.008564
0.009880
0.004913
0.004181
0.002248
0.005615
0.001080
0.000787
0.007739
0.005481
0.003113
0.005455
0.002882
0.006387
0.002372
0.005000
0.007784
0.006030
0.000834
0.000529
0.002638
0.003302
0.005733
0.000495
0.006119
0.001746
0.003311
0.006145
0.007261
0.001884
0.001485
0.005825
0.001764
0.006388
0.009996
0.004001
0.002003
0.001076
0.004778
0.009732
0.006548
0.007881
0.005187
0.009419
0.004268
0.007549
0.004420
0.002051
0.003579
0.005243
0.002570
0.006207
0.008535
