0.008293
0.006692
0.004654
0.000039
0.009993
0.000799
0.007290
0.001877
0.002274
0.003116
0.003630
0.008652
0.003112
0.007621
0.000655
0.004178
0.002399
0.000388
0.000726
0.000281
0.005565
0.000145
0.004538
0.003114
0.004555
0.006580
0.006683
0.009788
0.009140
0.002890
0.008323
0.007433
0.009572
0.002977
0.007462
0.009565
0.003766
0.004753
0.001441
0.006030
0.007858
0.005061
0.004682
0.000970
0.002683
0.005328
0.005139
0.005072
0.005705
0.005855
0.005343
0.001270
0.005990
0.009871
0.004374
0.000545
0.006451
0.001057
0.000333
0.005591
0.003937
0.008646
0.003024
0.003509
0.001624
0.000487
0.003073
0.005380
0.005229
0.004505
0.001411
0.003087
0.009556
0.006083
0.004048
0.002239
0.001411
0.009176
0.007301
0.007106
0.005031
0.002643
0.008366
0.001021
0.002514
0.002740
0.001556
0.008955
0.003788
0.001879
0.004546
0.007714
0.000525
0.007560
0.001223
0.002139
0.008036
0.004287
0.007509
0.003265
0.008781
0.008910
0.006343
0.008337
0.004993
0.000391
0.000576
0.006393
0.009557
0.007867
0.003499
0.004588
0.000510
0.001866
0.005599
0.003015
0.004596
0.007144
0.001970
0.008374
0.009013
0.006505
0.006088
0.009529
0.004065
0.007301
0.001668
0.002101
0.001588
0.009167
0.005357
0.000369
0.008076
0.001700
0.008697
0.003069
0.002080
0.009263
0.009452
0.001637
0.007129
0.002952
0.006215
0.007629
0.004807
0.001814
0.000644
0.009393
0.008948
0.002604
0.007767
0.007962
0.009099
0.003855
0.007490
0.003164
0.001156
0.009148
0.005256
0.002734
0.008315
0.000613
0.003094
0.006391
0.002303
0.001790
0.009450
0.004373
0.001053
0.008903
0.006000
0.008172
0.001854
0.002215
0.005802
0.006651
0.004019
0.006436
0.006045
0.002967
0.009029
0.003811
0.000928
0.008129
0.007656
0.008409
0.001293
0.008803
0.007557
0.006539
0.001537
0.005872
0.007142
0.004621
0.002264
0.009434
0.006401
0.001714
0.003807
0.007444
0.000617
0.009797
0.005616
0.002461
0.002012
0.001418
0.009102
0.006021
0.007843
0.005147
0.008978
0.006872
0.008948
0.009896
0.005001
0.006604
0.008305
0.006284
0.005407
0.005862
0.002823
0.006934
0.001734
0.009955
0.001554
0.003988
0.009389
0.007945
0.005692
0.003196
0.005389
0.006298
0.002994
0.001005
0.008749
0.004996
0.002413
0.007851
0.001017
0.000256
0.002998
0.009985
0.007118
0.001946
0.009882
0.002119
0.008540
0.008187
0.008393
0.003947
0.004049
0.001216
0.000881
0.005773
0.001171
0.002425
0.009751
0.000560
0.000370
0.005443
0.003746
0.005749
0.001741
0.006730
0.006745
0.000490
0.001726
0.009147
0.008332
0.002734
0.009393
0.001330
0.002719
0.006512
0.003266
0.002601
0.008621
0.001806
0.000787
0.007014
0.005743
0.004826
0.008220
0.006614
0.000599
0.009381
0.009029
0.000350
0.009931
0.009389
0.005782
0.003677
0.005138
0.007513
0.000407
0.001883
0.007994
0.002124
0.001030
0.006325
0.004847
0.000424
0.007645
0.007556
0.006925
0.000910
0.000157
0.005546
0.002706
0.000934
0.002560
0.008439
0.005750
0.000780
0.005053
0.006339
0.000161
0.004082
0.006679
0.000091
0.003471
0.002461
0.003758
0.008599
0.009965
0.004156
0.000482
0.007958
0.006269
0.001502
0.004283
0.001117
0.001916
0.001928
0.008663
0.008831
0.002828
0.008810
0.004377
0.005525
0.009734
0.006927
0.003964
0.005484
0.007697
0.009007
0.001823
0.007848
0.003089
0.008492
0.007929
0.006550
0.000953
0.001688
0.005149
0.000918
0.005833
0.005621
0.008866
0.002102
0.007113
0.003149
0.003209
0.009019
0.005067
0.001872
0.007851
0.007886
0.000682
0.002228
0.003410
0.000416
0.009145
0.007364
0.005890
0.006842
0.006371
0.007703
0.004690
0.009450
0.006195
0.002619
0.006000
0.007139
0.004297
0.001148
0.008046
0.000130
0.006759
0.006912
0.002223
0.003873
0.000061
0.005422
0.002892
0.005119
0.007284
0.000742
0.003004
0.007956
0.002960
0.006404
0.008362
0.002105
0.003769
0.004252
0.008937
0.000140
0.001955
0.003627
0.009580
0.008141
0.006236
0.005580
0.005279
0.000533
0.006718
0.003326
0.000654
0.003478
0.000238
0.002866
0.007340
0.000290
0.008278
0.000232
0.005398
0.005562
0.000964
0.008392
0.003518
0.003914
0.004797
0.001880
0.006009
0.008556
0.006122
0.004946
0.008686
0.008067
0.008563
0.008266
0.006208
0.004800
0.003846
0.001487
0.005323
0.000564
0.004803
0.005966
0.004031
0.005031
0.008823
0.001371
0.005310
0.007101
0.001593
0.000709
0.002663
0.002548
0.009091
0.006171
0.006452
0.003888
0.008040
0.002462
0.002444
0.004162
0.007398
0.001129
0.002229
0.005961
0.009385
0.008427
0.000761
0.003231
0.009904
0.006074
0.003785
0.004707
0.002040
0.007806
0.009728
0.000863
0.009167
0.005038
0.007953
0.000761
0.005737
0.000616
0.003299
0.004828
0.006777
0.009741
0.008706
0.004817
0.002202
0.001149
0.008970
0.009590
0.002268
0.001199
0.005551
0.001653
0.009616
0.006302
0.004874
0.009520
0.002376
0.008649
0.004226
0.004405
0.006455
0.003954
0.005258
0.005622
0.008982
0.003211
0.006373
0.004718
0.003818
0.009662
0.009536
0.000595
0.009403
0.008241
0.005402
0.001605
0.009381
0.004372
0.001195
0.001649
0.005560
0.006736
0.003292
0.005176
0.003038
0.008156
0.004696
0.005404
0.006805
0.008912
0.009799
0.003260
0.002866
0.005057
0.008872
0.001848
0.008259
0.005245
0.006557
0.002076
0.004907
0.006093
0.002661
0.004309
0.004334
0.008053
0.005904
0.003715
0.002425
0.007089
0.005353
0.007975
0.003826
0.008636
0.003151
0.006854
0.006792
0.007837
0.002258
0.003597
0.006750
0.002057
0.006847
0.009606
0.007105
0.005718
0.001454
0.005364
0.000963
0.008001
0.007430
0.005860
0.004094
0.000091
0.000169
0.008418
0.008134
0.006064
0.002132
0.000559
0.003153
0.007476
0.008524
0.006969
0.006111
0.001675
0.003822
0.002903
0.009502
0.006070
0.006490
0.006252
0.008118
0.003336
0.005858
0.005222
0.009045
0.007303
0.000586
0.009998
0.005304
0.008006
0.005858
0.009387
0.008087
0.006018
0.007805
0.006221
0.002082
0.009927
0.006769
0.005224
0.007403
0.005293
0.002193
0.003514
0.006958
0.006005
0.006407
0.006460
0.002076
0.002897
0.002712
0.000194
0.006223
0.008560
0.005406
0.005268
0.005862
0.005982
0.005266
0.001166
0.003988
0.001124
0.000553
0.002075
0.007132
0.008348
0.008286
0.009204
0.008275
0.005056
0.004428
0.005678
0.000348
0.006611
0.009182
0.007296
0.002617
0.005588
0.003756
0.004683
0.008475
0.006458
0.004866
0.004698
0.005017
0.000272
0.009956
0.000880
0.006244
0.005222
0.002036
0.000233
0.006336
0.002579
0.002298
0.003469
0.000927
0.000584
0.002673
0.009193
0.005629
0.007091
0.004871
0.005968
0.003702
0.004052
0.003264
0.006309
0.009631
0.007010
0.000991
0.008106
0.003468
0.005848
0.002804
0.008475
0.006110
0.002760
0.009345
0.002355
0.007972
0.001381
0.002577
0.004308
0.003949
0.004865
0.007766
0.004867
0.005439
0.000439
0.004059
0.001068
0.007520
0.008920
0.007026
0.001222
0.002972
0.000290
0.007521
0.002603
0.007290
0.008502
0.000709
0.000758
0.004350
0.003503
0.009223
0.000460
0.006253
0.008568
0.002805
0.004224
0.009939
0.005372
0.008522
0.003888
0.000237
0.006288
0.008745
0.005666
0.006717
0.002804
0.006724
0.004237
0.001724
0.003750
0.005449
0.004686
0.004030
0.002970
0.007279
0.001320
0.001473
0.007978
0.002068
0.005813
0.001480
0.001291
0.006263
0.007723
0.009849
0.009058
0.001947
0.009788
0.004430
0.000469
0.003676
0.004656
0.006747
0.002421
0.000322
0.003465
0.005215
0.007036
0.007692
0.006928
0.000785
0.003141
0.001614
0.004805
0.006102
0.008883
0.006114
0.007564
0.006861
0.008172
0.003377
0.008331
0.009453
0.009630
0.006054
0.009302
0.008687
0.007991
0.009090
0.003117
0.008450
0.002766
0.007763
0.005197
0.005176
0.008075
0.008652
0.000391
0.005111
0.006344
0.007310
0.005886
0.009475
0.008914
0.000690
0.005577
0.007797
0.006795
0.003141
0.004658
0.004967
0.006508
0.002989
0.004420
0.006137
0.009033
0.003721
0.004825
0.007024
0.002811
0.007931
0.005474
0.005566
0.005695
0.000671
0.000743
0.003770
0.009313
0.001124
0.008870
0.005657
0.008424
0.004756
0.005132
0.007338
0.005437
0.000709
0.005134
0.002231
0.003840
0.009782
0.007188
0.000348
0.002771
0.001608
0.006475
0.001803
0.005319
0.001300
0.008817
0.008120
0.009221
0.004290
0.003687
0.004916
0.004951
0.004420
0.008675
0.004264
0.005534
0.007546
0.009911
0.003957
0.002302
0.005043
0.001295
0.007729
0.005742
0.006419
0.009950
0.009573
0.006201
0.007138
0.009910
0.008962
0.008736
0.006386
0.000765
0.004055
0.007675
0.009572
0.002176
0.006896
0.003862
0.005852
0.001812
0.008804
0.000272
0.000488
0.003068
0.005796
0.008023
0.002979
0.009743
0.000325
0.008012
0.001038
0.008044
0.003755
0.007447
0.007994
0.003327
0.003648
0.005132
0.003238
0.002610
0.003868
0.009613
0.003365
0.007913
0.007288
0.002937
0.000089
0.004185
0.006790
0.005931
0.005987
0.005593
0.006193
0.006464
0.008651
0.001989
0.004488
0.001630
0.001732
0.004803
0.009632
0.002760
0.002847
0.003387
0.000207
0.000841
0.006704
0.003845
0.005963
0.009931
0.006445
0.009820
0.009544
0.009800
0.007734
0.006833
0.002737
0.007813
0.001017
0.009517
0.003744
0.006994
0.005110
0.009927
0.003458
0.003761
0.001916
0.007936
0.005381
0.003638
0.002739
0.005013
0.006388
0.005576
0.008389
0.006585
0.006407
0.005093
0.000429
0.002369
0.005024
0.006864
0.002190
0.004569
0.006664
0.009913
0.001401
0.009391
0.007726
0.002408
0.008908
0.001470
0.009392
0.004017
0.001397
0.002851
0.007768
0.003304
0.000787
0.003149
0.006932
0.003516
0.008152
0.003320
0.009082
0.006541
0.009894
0.005488
0.001635
0.000323
0.007848
0.006649
0.007178
0.000037
0.001218
0.003842
0.009941
0.002609
0.003233
0.007667
0.005008
0.002140
0.009127
0.004400
0.006148
0.000524
0.007241
0.003916
0.003817
0.008017
0.007055
0.000749
0.001533
0.005207
0.004059
0.000615
0.001749
0.003953
0.006093
0.003373
0.004267
0.003941
0.000023
0.001444
0.003968
0.001230
0.005276
0.003909
0.003830
0.008498
0.001575
0.008827
0.000639
0.000702
0.003227
0.006777
0.001216
0.000468
0.000693
0.005023
0.008476
0.007738
0.005762
0.009999
0.002946
0.009811
0.000614
0.004684
0.003764
0.006697
0.008048
0.008021
0.000638
0.008061
0.009455
0.004596
0.009281
0.004731
0.008495
0.003111
0.003229
0.000070
0.001938
0.003858
0.000762
0.005155
0.000635
0.001967
0.005613
0.001318
0.006980
0.004089
0.009046
0.002742
0.004088
0.001991
0.002554
0.004692
0.006666
0.006308
0.001389
0.004714
0.004329
0.002017
0.002774
0.003784
0.006602
0.002055
0.008505
0.005097
0.005156
0.001734
0.005157
0.007084
0.005582
0.005908
0.002239
0.006207
0.007865
0.007842
0.007514
0.004846
0.001931
0.006560
0.007578
0.006009
0.008541
0.000132
0.000701
0.005207
0.006430
0.002079
0.009911
0.000759
0.004086
0.002685
0.004532
0.000688
0.004730
0.003037
0.005775
0.009876
0.004761
0.000932
0.006960
0.000343
0.006830
0.009189
0.006540
0.004696
0.007031
0.004054
0.009531
0.008953
0.000614
0.007110
0.004962
0.009145
0.007231
0.005653
0.004353
0.003661
0.007722
0.004263
0.004410
0.001808
0.006938
0.008932
0.002486
0.001668
0.001969
0.008252
0.001544
0.006720
0.009174
0.008494
0.007053
0.006004
0.007682
0.003593
0.000700
0.004714
0.007637
0.000231
0.003666
0.008241
0.007331
0.008618
0.007386
0.004562
0.004270
0.001739
0.008213
0.001992
0.005992
0.002623
0.003790
0.002930
0.001555
0.006266
0.004589
0.003514
0.004518
0.006123
0.000234
0.003692
0.004617
0.007277
0.009686
0.002299
0.000870
0.000386
0.007003
0.008496
0.000608
0.000669
0.006737
0.007929
0.009277
0.004123
0.002491
0.003547
0.005852
0.000704
0.005530
0.001844
0.003317
0.009310
0.004765
0.004862
0.005576
0.009343
0.008366
0.000094
0.005466
0.008590
0.003776
0.000083
0.005867
0.003462
0.002372
0.006726
0.003839
0.009365
0.005222
0.004436
0.000034
0.001959
0.002365
0.009301
0.006073
0.004846
0.002849
0.001925
0.005540
0.008368
0.003759
0.008847
0.007678
0.008513
0.003709
0.003254
0.007857
0.002075
0.003339
0.003323
0.000665
0.007105
0.003396
0.006522
0.000567
0.005759
0.003248
0.004396
0.005124
0.008460
0.008822
0.005148
0.000420
0.001187
0.004450
0.006482
0.006023
0.007288
0.008397
0.001563
0.005656
0.002155
0.000410
0.003335
0.000669
0.004110
0.006579
0.008515
0.006175
0.009908
0.001838
0.006830
0.007013
0.005225
0.003352
0.007570
0.000983
0.006589
0.001966
0.006098
0.005050
0.000788
0.001246
0.005459
0.001966
0.005686
0.001941
0.007979
0.002974
0.000338
0.009532
0.008620
0.002483
0.009932
0.001955
0.003142
0.004042
0.008524
0.001658
0.000217
0.008431
0.003486
0.007037
0.005444
0.008701
0.000388
0.003014
0.009674
0.006968
0.004970
0.005772
0.002017
0.005748
0.007008
0.007466
0.007704
0.002693
0.009397
0.005683
0.005657
0.009725
0.005214
0.004277
0.002209
0.005147
0.006222
0.005341
0.009178
0.004746
0.006989
0.009385
0.003177
0.000475
0.006422
0.008611
0.009165
0.006800
0.001625
0.008839
0.003768
0.006585
0.004611
0.005775
0.002333
0.001619
0.003241
0.000037
0.004302
0.002638
0.005710
0.009949
0.002363
0.000924
0.004227
0.004562
0.006061
0.000449
0.009893
0.005239
0.005185
0.006882
0.004625
0.008352
0.007346
0.001046
0.006963
0.006511
0.007836
0.008578
0.005351
0.001604
0.005163
0.009952
0.007369
0.007486
0.001571
0.000609
0.007513
0.005863
0.003237
0.003223
0.005813
0.005591
0.004137
0.000039
0.000153
0.000198
0.000478
0.000046
0.005428
0.005653
0.006918
0.000052
0.004004
0.004264
0.001089
0.000967
0.000775
0.008915
0.009535
0.006116
0.000519
0.004697
0.006068
0.007878
0.002183
0.007629
0.008477
0.009686
0.003492
0.001715
0.002910
0.009295
0.007295
0.007037
0.009324
0.007438
0.007225
0.009792
0.007474
0.002653
0.005445
0.004392
0.002695
0.009439
0.008646
0.003774
0.000406
0.009411
0.002689
0.009931
0.005527
0.003199
0.004629
0.001595
0.001077
0.006802
0.009214
0.009544
0.006488
0.002706
0.001258
0.009388
0.002000
0.008544
0.006425
0.001324
0.005982
0.003650
0.001116
0.003456
0.006293
0.006551
0.007838
0.008979
0.005990
0.006484
0.002753
0.006386
0.005895
0.005432
0.006317
0.001422
0.008621
0.000946
0.003007
0.009687
0.007738
0.002221
0.009231
0.004226
0.004916
0.000490
0.003614
0.006907
0.009023
0.000039
0.008221
0.005005
0.003679
0.009327
0.008452
0.009962
0.005878
0.006290
0.008941
0.001868
0.002774
0.001693
0.008244
0.008659
0.007115
0.004562
0.000081
0.005736
0.005498
0.003077
0.005424
0.003236
0.005288
0.004655
0.007452
0.000205
0.005135
0.001066
0.007102
0.004158
0.001095
0.005323
0.009154
0.004763
0.004650
0.007605
0.004725
0.000528
0.003895
0.003666
0.002387
0.006659
0.005349
0.000631
0.005318
0.002464
0.005183
0.005389
0.008191
0.000681
0.008456
0.003614
0.003907
0.003744
0.008259
0.001359
0.003939
0.003394
0.002415
0.001040
0.007542
0.003500
0.006353
0.006695
0.008253
0.001003
0.004301
0.002979
0.001522
0.008186
0.006634
0.003899
0.004845
0.001984
0.004520
0.000163
0.004438
0.009693
0.005542
0.002629
0.000374
0.003998
0.006233
0.004271
0.007733
0.004492
0.005620
0.001671
0.007876
0.008025
0.002702
0.005418
0.001525
0.009045
0.002113
0.009768
0.000049
0.006403
0.002747
0.001560
0.004589
0.009371
0.005449
0.009424
0.001355
0.009959
0.009577
0.005783
0.009652
0.005119
0.008402
0.000026
0.009107
0.004635
0.004287
0.006840
0.009117
0.009897
0.008501
0.006993
0.007922
0.001203
0.002411
0.009437
0.000248
0.004514
0.009206
0.000287
0.000917
0.001953
0.001837
0.005496
0.001324
0.007276
0.004920
0.002669
0.007235
0.004498
0.008442
0.006886
0.009607
0.006844
0.006902
0.008714
0.001479
0.001189
0.005553
0.000596
0.001085
0.004055
0.007579
0.008998
0.005248
0.009979
0.008435
0.005486
0.004493
0.007641
0.005763
0.005400
0.009583
0.007590
0.000896
0.000907
0.004866
0.005807
0.003567
0.002101
0.000304
0.002009
0.008977
0.009901
0.008843
0.005879
0.008615
0.000322
0.007057
0.004168
0.000908
0.008133
0.008213
0.008477
0.007131
0.003461
0.008456
0.005565
0.008937
0.002949
0.003206
0.004700
0.008339
0.002789
0.002289
0.009225
0.003687
0.007145
0.005032
0.007243
0.009236
0.005326
0.009242
0.008213
0.005227
0.008085
0.004092
0.003842
0.008397
0.001149
0.008000
0.009294
0.009272
0.006213
0.007771
0.006403
0.009663
0.006227
0.001968
0.008600
0.009166
0.005164
0.003300
0.007505
0.007944
0.005579
0.006731
0.001630
0.002724
0.001763
0.008864
0.001961
0.007079
0.008106
0.000174
0.002307
0.006191
0.004256
0.006139
0.004587
0.005395
0.004139
0.003882
0.004668
0.000351
0.001653
0.001071
0.000015
0.007870
0.003029
0.008605
0.007036
0.008183
0.001905
0.004542
0.006127
0.007474
0.001272
0.007747
0.000198
0.003025
0.006611
0.002149
0.000105
0.004716
0.002313
0.002402
0.000907
0.006558
0.008530
0.005484
0.001953
0.002669
0.009356
0.006611
0.003010
0.001009
0.007671
0.003015
0.008869
0.000700
0.001620
0.005906
0.008874
0.003515
0.000447
0.005000
0.000989
0.001709
0.002748
0.001177
0.004725
0.009348
0.003316
0.004820
0.004065
0.005619
0.007211
0.004962
0.002177
0.005741
0.000446
0.004120
0.008400
0.009792
0.000731
0.001410
0.000802
0.008393
0.004415
0.009661
0.009083
0.006026
0.005566
0.007957
0.009530
0.006004
0.002957
0.000519
0.007703
0.005695
0.001686
0.002428
0.005043
0.004992
0.007238
0.009097
0.000611
0.004449
0.004059
0.002778
0.000190
0.004495
0.006888
0.008580
0.004287
0.007609
0.009980
0.005079
0.006002
0.004396
0.004740
0.005084
0.000421
0.000306
0.003041
0.009942
0.006300
0.005988
0.000461
0.004003
0.001682
0.002137
0.006421
0.006715
0.007120
0.003658
0.005813
0.007721
0.008097
0.009861
0.000498
0.008277
0.004356
0.007376
0.006857
0.008634
0.004985
0.006837
0.003712
0.000987
0.001233
0.008442
0.006061
0.001644
0.008738
0.009092
0.001586
0.005038
0.005080
0.002037
0.009030
0.006753
0.004164
0.005451
0.003468
0.001284
0.009099
0.009270
0.008994
0.007196
0.009132
0.009483
0.005473
0.003488
0.006859
0.002330
0.002122
0.001845
0.009157
0.005824
0.002821
0.000390
0.004266
0.008873
0.002025
0.003004
0.007965
0.003600
0.008032
0.003045
0.005627
0.007063
0.009788
0.009781
0.002514
0.003256
0.001065
0.001613
0.002526
0.000059
0.008799
0.001658
0.009532
0.004272
0.005136
0.006391
0.006592
0.007248
0.008226
0.005749
0.003072
0.001047
0.006130
0.007328
0.009910
0.008144
0.000332
0.007875
0.001745
0.008354
0.000920
0.007362
0.005417
0.000708
0.007143
0.007921
0.003953
0.008197
0.009523
0.006469
0.008247
0.008322
0.008117
0.007779
0.002594
0.003253
0.004170
0.009176
0.000501
0.002396
0.004925
0.003563
0.003433
0.001054
0.000892
0.003343
0.009188
0.001214
0.001218
0.000933
0.009558
0.002128
0.008285
0.004975
0.002826
0.005427
0.002896
0.006769
0.003625
0.002419
0.003239
0.001872
0.000741
0.001356
0.009640
0.003325
0.004599
0.003811
0.002501
0.005091
0.006197
0.007416
0.008644
0.009620
0.008460
0.009526
0.002963
0.007648
0.000740
0.004171
0.008571
0.000298
0.006290
0.006856
0.005263
0.009105
0.002283
0.008149
0.005875
0.005898
0.000569
0.009103
0.007760
0.001300
0.000459
0.007400
0.004615
0.005048
0.001211
0.007106
0.000139
0.007397
0.004522
0.008773
0.007017
0.002982
0.008299
0.009970
0.000630
0.009028
0.004142
0.009192
0.009316
0.000431
0.006048
0.004579
0.009527
0.008321
0.002729
0.005401
0.004219
0.003287
0.004504
0.001979
0.004577
0.004953
0.009369
0.009182
0.009991
0.000580
0.006289
0.000130
0.007967
0.000810
0.008894
0.004984
0.003782
0.007192
0.004955
0.004403
0.006221
0.009086
0.003594
0.005537
0.009508
0.009632
0.000116
0.009035
0.007954
0.002835
0.004436
0.002173
0.006112
0.008930
0.004142
0.000689
0.003884
0.003511
0.009861
0.003875
0.004081
0.006150
0.003995
0.002048
0.006950
0.002889
0.007022
0.000732
0.000081
0.001977
0.005125
0.006292
0.001063
0.008709
0.001829
0.000571
0.008342
0.001935
0.009595
0.006295
0.004760
0.004031
0.008458
0.000871
0.002962
0.002600
0.001550
0.006835
0.006102
0.001411
0.000710
0.000183
0.007551
0.004696
0.002221
0.004501
0.007575
0.009233
0.005224
0.007646
0.001210
0.000349
0.003938
0.002263
0.009048
0.005757
0.002824
0.007390
0.007682
0.002420
0.003685
0.002441
0.006441
0.002143
0.003303
0.009393
0.004734
0.004843
0.006228
0.000836
0.006244
0.006928
0.001009
0.003795
0.001623
0.003220
0.008286
0.009188
0.002453
0.003510
0.006834
0.003654
0.003848
0.000772
0.005907
0.002897
0.006519
0.008721
0.000286
0.004201
0.001141
0.003961
0.006633
0.007572
0.006095
0.009925
0.006965
0.000829
0.004768
0.003192
0.001654
0.001012
0.000120
0.002653
0.004797
0.001733
0.005863
0.003083
0.000922
0.008306
0.006583
0.007746
0.001960
0.000431
0.008508
0.007857
0.003318
0.005028
0.006579
0.003594
0.009219
0.007710
0.007546
0.005851
0.005282
0.003640
0.005777
0.002246
0.004459
0.000545
0.005428
0.006103
0.001547
0.005538
0.008746
0.006334
0.007262
0.004609
0.009407
0.008173
0.002916
0.005990
0.005919
0.004866
0.006411
0.004427
0.002723
0.009719
0.009445
0.009292
0.003313
0.008664
0.007001
0.000859
0.004515
0.002283
0.004489
0.000291
0.004519
0.008938
0.000826
0.009937
0.005042
0.002363
0.005476
0.003788
0.008687
0.002737
0.008387
0.008094
0.000911
0.001303
0.004085
0.006820
0.006159
0.000496
0.001247
0.008872
0.000215
0.000692
0.008164
0.003518
0.009346
0.005165
0.004367
0.003860
0.007438
0.008846
0.004142
0.001957
0.007785
0.004958
0.001894
0.002826
0.007311
0.007360
0.006604
0.005998
0.000097
0.004991
0.004093
0.000998
0.006284
0.008168
0.007807
0.002444
0.008654
0.009044
0.001316
0.008859
0.009726
0.009470
0.002377
0.009072
0.004635
0.006734
0.002933
0.002073
0.005581
0.007064
0.004020
0.003365
0.002023
0.005904
0.006181
0.009324
0.003264
0.002786
0.005322
0.003351
0.007767
0.009405
0.004338
0.004051
0.007573
0.002146
0.006485
0.006226
0.001190
0.007791
0.005085
0.000916
0.007260
0.007452
0.009979
0.001895
0.004186
0.002911
0.003958
0.009757
0.009966
0.007968
0.003122
0.001988
0.003872
0.009293
0.001312
0.007126
0.002079
0.006624
0.000476
0.009836
0.006029
0.004805
0.003888
0.003602
0.006940
0.000373
0.009818
0.008120
0.008153
0.004903
0.009027
0.005414
0.002355
0.009005
0.007299
0.006531
0.001916
0.001257
0.006287
0.001882
0.009214
0.009399
0.003860
0.003086
0.008693
0.005162
0.000212
0.000772
0.001786
0.000678
0.000608
0.007806
0.005473
0.004486
0.001407
0.002413
0.004848
0.001225
0.000533
0.003001
0.006118
0.009550
0.008405
0.008462
0.008555
0.005704
0.004993
0.000471
0.006950
0.001280
0.002343
0.006165
0.000680
0.006193
0.009241
0.009363
0.001356
0.009443
0.000135
0.003132
0.000121
0.000733
0.000938
0.005584
0.005209
0.002335
0.007987
0.000057
0.003550
0.008510
0.003048
0.009658
0.008060
0.001453
0.008120
0.006615
0.007147
0.003114
0.007076
0.004097
0.004384
0.009409
0.000262
0.005054
0.005602
0.009493
0.004417
0.006948
0.008935
0.004541
0.000080
0.009046
0.005264
0.001008
0.004630
0.000473
0.003333
0.002617
0.000520
0.006873
0.001127
0.003558
0.006531
0.009177
0.005001
0.004651
0.005792
0.002148
0.007755
0.002868
0.006235
0.002139
0.002277
0.006487
0.007183
0.007869
0.005979
0.001599
0.004817
0.004915
0.006131
0.004888
0.003961
0.001395
0.005885
0.008581
0.001858
0.009208
0.001198
0.002367
0.006081
0.002316
0.005915
0.002611
0.001493
0.000916
0.007253
0.007275
0.003054
0.005008
0.000143
0.009279
0.007137
0.002410
0.005765
0.004319
0.000279
0.001745
0.005909
0.005087
0.006649
0.002039
0.009964
0.000610
0.003424
0.005850
0.009181
0.005272
0.005057
0.000380
0.007630
0.001138
0.002685
0.003545
0.003739
0.004168
0.004451
0.000992
0.001443
0.007494
0.005990
0.001576
0.006773
0.003126
0.003976
0.002538
0.007436
0.004246
0.004273
0.003344
0.009323
0.000922
0.005374
0.009287
0.001522
0.008788
0.005137
0.000703
0.004060
0.000194
0.001073
0.001690
0.001322
0.003748
0.005225
0.005051
0.007906
0.009665
0.006033
0.009339
0.007159
0.002023
0.000916
0.003932
0.005140
0.004882
0.006460
0.002575
0.009118
0.000733
0.005909
0.008440
0.001645
0.001283
0.007727
0.003157
0.000071
0.002864
0.003851
0.004121
0.003048
0.004914
0.005801
0.004359
0.008652
0.001026
0.009401
0.006558
0.000691
0.005434
0.005897
0.007840
0.007447
0.006803
0.001772
0.002587
0.001685
0.008223
0.005152
0.000803
0.008946
0.001061
0.009233
0.000591
0.002334
0.006960
0.003738
0.002395
0.009813
0.007578
0.006507
0.002861
0.002492
0.002308
0.007210
0.001144
0.003324
0.006611
0.007692
0.004005
0.002045
0.003589
0.001845
0.009482
0.000392
0.003607
0.002069
0.002067
0.001830
0.007211
0.002860
0.000776
0.008262
0.002092
0.001356
0.000596
0.009042
0.005084
0.002981
0.008856
0.002663
0.009477
0.001717
0.005144
0.001785
0.008917
0.006278
0.005099
0.005528
0.003970
0.009094
0.007563
0.007549
0.000939
0.007045
0.007931
0.004536
0.009104
0.009988
0.006356
0.006314
0.002848
0.007122
0.004576
0.004931
0.008469
0.005162
0.003973
0.003553
0.008133
0.002829
0.006205
0.007610
0.004536
0.001350
0.009386
0.003453
0.007618
0.004485
0.008971
0.001588
0.003578
0.006534
0.009127
0.004507
0.003579
0.007058
0.009033
0.002683
0.007046
0.005390
0.008988
0.009884
0.002512
0.003564
0.004815
0.000981
0.008716
0.008778
0.004524
0.006849
0.001606
0.000729
0.004459
0.006132
0.002069
0.003845
0.009575
0.009676
0.008319
0.008546
0.001264
0.001897
0.005080
0.000391
0.006395
0.008649
0.007438
0.005428
0.001333
0.004484
0.000818
0.000321
0.004368
0.003320
0.003875
0.009173
0.004291
0.002591
0.007950
0.008804
0.009429
0.009547
0.009523
0.003888
0.005679
0.001592
0.007723
0.005253
0.001268
0.006042
0.003799
0.002522
0.007929
0.008869
0.002903
0.004324
0.007518
0.000341
0.009742
0.008841
0.004816
0.000560
0.009151
0.009174
0.003870
0.003026
0.008347
0.008151
0.005607
0.006297
0.006955
0.005036
0.005844
0.006478
0.008914
0.001523
0.008060
0.006637
0.006766
0.009318
0.002679
0.000565
0.001841
0.000609
0.009423
0.004734
0.004923
0.006941
0.005065
0.004664
0.005782
0.009871
0.005214
0.004933
0.009044
0.009074
0.007949
0.007391
0.007225
0.003556
0.003689
0.004180
0.008582
0.009523
0.000658
0.007497
0.001045
0.008708
0.004134
0.007801
0.008026
0.006803
0.008356
0.009857
0.007402
0.007779
0.004590
0.002324
0.004721
0.009645
0.006979
0.000503
0.009516
0.002193
0.005426
0.008560
0.001267
0.003376
0.005952
0.008482
0.006922
0.009630
0.002661
0.005504
0.009153
0.003309
0.003000
0.000198
0.002017
0.007124
0.007990
0.000043
0.003928
0.006346
0.009890
0.001330
0.004125
0.004480
0.003644
0.008836
0.004125
0.000623
0.009328
0.003641
0.002806
0.004755
0.002201
0.004063
0.008120
0.008143
0.002545
0.005042
0.007773
0.005196
0.000546
0.006926
0.008495
0.003536
0.007115
0.000512
0.000661
0.005104
0.000545
0.004579
0.001450
0.000435
0.005898
0.005565
0.004905
0.009532
0.004400
0.009020
0.000155
0.003729
0.002661
0.002952
0.008473
0.004852
0.007005
0.006594
0.002995
0.009539
0.001636
0.000769
0.004736
0.002171
0.007685
0.003231
0.005698
0.004800
0.003733
0.006349
0.009894
0.004268
0.000927
0.001344
0.004693
0.006815
0.006899
0.009588
0.006348
0.001299
0.008608
0.006493
0.005018
0.001269
0.009435
0.003492
0.006111
0.006439
0.000085
0.009097
0.005979
0.001711
0.009855
0.000714
0.003872
0.007540
0.003935
0.009560
0.002340
0.007658
0.005909
0.002234
0.001926
0.006826
0.003568
0.006609
0.003641
0.000467
0.006197
0.009979
0.001756
0.004805
0.006472
0.006765
0.006064
0.005906
0.000256
0.002176
0.002346
0.000331
0.001272
0.008314
0.002032
0.001128
0.009019
0.005894
0.008658
0.002954
0.005454
0.000997
0.000612
0.001362
0.003221
0.002528
0.008178
0.006779
0.009128
0.001819
0.007236
0.005325
0.001798
0.008982
0.000130
0.008259
0.005747
0.006185
0.004166
0.005993
0.008350
0.006501
0.006314
0.009613
0.004816
0.008336
0.000741
0.003835
0.004230
0.009388
0.006778
0.009674
0.000386
0.007380
0.001036
0.003597
0.009899
0.009204
0.000376
0.009027
0.001023
0.007602
0.004352
0.002811
0.006584
0.004472
0.001070
0.002331
0.000657
0.005226
0.008313
0.008997
0.001727
0.004627
0.008610
0.006533
0.002963
0.009341
0.000367
0.007183
0.008729
0.007136
0.006856
0.009105
0.004516
0.007882
0.002702
0.004415
0.007086
0.003067
0.003442
0.008099
0.000669
0.007784
0.000910
0.007243
0.002256
0.001970
0.009564
0.002903
0.007185
0.007877
0.001900
0.008902
0.002504
0.000510
0.005435
0.005457
0.009841
0.005793
0.002640
0.008570
0.002929
0.009487
0.007675
0.007435
0.007369
0.000377
0.001850
0.004455
0.003434
0.005282
0.002554
0.004093
0.003065
0.003454
0.001336
0.005311
0.005413
0.000900
0.008204
0.002599
0.008767
0.000104
0.001501
0.001271
0.000604
0.006926
0.006719
0.000445
0.002719
0.009349
0.009005
0.005638
0.008836
0.006680
0.003073
0.006205
0.007046
0.004913
0.000660
0.000480
0.000195
0.003204
0.004563
0.003250
0.006648
0.005890
0.008551
0.002061
0.006779
0.006755
0.004649
0.005546
0.006849
0.006141
0.006807
0.007442
0.003067
0.003526
0.007877
0.005776
0.002875
0.006882
0.001414
0.001711
0.003562
0.004477
0.007905
0.000608
0.009380
0.008555
0.001078
0.009565
0.001759
0.005632
0.002815
0.008396
0.001521
0.001366
0.000457
0.008291
0.008111
0.005097
0.003837
0.004960
0.001237
0.000644
0.002402
0.004294
0.004160
0.000279
0.000070
0.007025
0.007152
0.001475
0.008726
0.000713
0.005942
0.006632
0.001311
0.005322
0.005187
0.002380
0.004886
0.006936
0.008001
0.007691
0.005332
0.009513
0.009048
0.005779
0.007803
0.007159
0.000876
0.001640
0.002119
0.002103
0.002275
0.004511
0.006387
0.006425
0.004780
0.006448
0.003451
0.001932
0.007913
0.002177
0.002635
0.003854
0.008798
0.003937
0.009166
0.003985
0.006306
0.004052
0.000921
0.004308
0.001744
0.006243
0.003820
0.000791
0.002023
0.001624
0.007940
0.002889
0.003254
0.000059
0.004982
0.005519
0.004560
0.001369
0.001944
0.009330
0.007807
0.005385
0.001262
0.005720
0.007551
0.003888
0.009564
0.006350
0.007814
0.008730
0.000335
0.004120
0.002783
0.001246
0.008418
0.004517
0.007479
0.002239
0.005298
0.009492
0.003853
0.003238
0.002380
0.007097
0.003287
0.007352
0.002616
0.007837
0.008712
0.004550
0.007168
0.006519
0.009924
0.008420
0.002239
0.007476
0.002307
0.001804
0.003825
0.000122
0.000534
0.004150
0.004232
0.003307
0.005386
0.002650
0.007813
0.002866
0.004879
0.003112
0.002357
0.008722
0.006340
0.004728
0.005818
0.009617
0.002080
0.008424
0.007455
0.000792
0.002974
0.004622
0.007301
0.002898
0.003042
0.009530
0.000374
0.005340
0.001334
0.004189
0.005451
0.001857
0.008329
0.009673
0.005154
0.003716
0.002323
0.002968
0.006571
0.007192
0.006069
0.008918
0.005914
0.002409
0.003646
0.001732
0.002027
0.005716
0.000156
0.009472
0.006498
0.003120
0.004094
0.003798
0.006008
0.007126
0.003328
0.006372
0.002466
0.004652
0.000560
0.007907
0.006499
0.008880
0.007580
0.001654
0.002595
0.009894
0.004611
0.009156
0.007086
0.000681
0.008075
0.003000
0.003080
0.001721
0.004722
0.005097
0.007427
0.004868
0.004568
0.003924
0.007978
0.008652
0.007712
0.003986
0.005778
0.001041
0.000358
0.008234
0.005683
0.000908
0.006141
0.002182
0.009778
0.003721
0.003825
0.002373
0.003615
0.008427
0.001529
0.000701
0.009097
0.009594
0.003691
0.002177
0.001315
0.008403
0.007264
0.008732
0.003271
0.001833
0.002656
0.001250
0.000485
0.000368
0.005226
0.006253
0.001399
0.005574
0.004488
0.007071
0.006472
0.000629
0.009243
0.006250
0.004340
0.003069
0.008613
0.007945
0.001495
0.000143
0.008637
0.000593
0.009727
0.002328
0.002760
0.001042
0.000731
0.000024
0.009763
0.003992
0.001847
0.002419
0.005232
0.002322
0.002777
0.000458
0.008565
0.004166
0.006022
0.003053
0.001237
0.002494
0.003672
0.000481
0.008735
0.008002
0.003539
0.007348
0.005947
0.005024
0.007480
0.004584
0.005607
0.007207
0.006901
0.008357
0.008239
0.007622
0.008371
0.008002
0.001614
0.000218
0.000421
0.006836
0.002530
0.003188
0.007284
0.001095
0.007344
0.003306
0.004138
0.008571
0.005791
0.007800
0.009042
0.004525
0.005801
0.002581
0.001873
0.001749
0.007595
0.009344
0.006322
0.003202
0.006551
0.003223
0.001559
0.004790
0.000845
0.009921
0.002792
0.002449
0.000139
0.003203
0.009275
0.002659
0.006381
0.006559
0.003745
0.003725
0.009856
0.007873
0.002296
0.005647
0.005672
0.001338
0.000172
0.001474
0.003909
0.002036
0.003212
0.001504
0.001379
0.009524
0.004697
0.007920
0.002748
0.006246
0.002710
0.003583
0.006167
0.005492
0.006022
0.006296
0.008684
0.005297
0.008945
0.005065
0.001857
0.002690
0.008780
0.001713
0.000563
0.001076
0.007349
0.006225
0.002403
0.007512
0.007689
0.006302
0.009537
0.000901
0.007796
0.000916
0.000426
0.002493
0.008826
0.003163
0.008729
0.001536
0.006736
0.004896
0.007018
0.002758
0.001192
0.005702
0.008046
0.000137
0.000767
0.009893
0.002817
0.009537
0.001605
0.003369
0.000613
0.008945
0.009584
0.003006
0.006456
0.007273
0.009298
0.005994
0.008164
0.007095
0.006900
0.008580
0.009578
0.005727
0.001743
0.008307
0.007253
0.008470
0.003203
0.004271
0.001228
0.004384
0.009963
0.009264
0.004511
0.000730
0.009157
0.007318
0.000267
0.000762
0.000687
0.000870
0.009697
0.000271
0.003866
0.006153
0.007534
0.003165
0.002147
0.005698
0.000260
0.009037
0.004278
0.009827
0.004763
0.006011
0.008134
0.002016
0.004481
0.001337
0.006276
0.005699
0.005712
0.006239
0.004963
0.000223
0.006959
0.004119
0.007531
0.007216
0.004871
0.008208
0.008076
0.004568
0.008468
0.001942
0.000721
0.006002
0.005097
0.002857
0.001700
0.005347
0.001894
0.005968
0.005174
0.006647
0.001978
0.003308
0.008653
0.006449
0.004635
0.004929
0.002148
0.000347
0.001168
0.007100
0.000560
0.008118
0.001220
0.008081
0.005334
0.006081
0.006288
0.003410
0.000648
0.004757
0.005343
0.001359
0.000759
0.000440
0.004206
0.002449
0.005776
0.006090
0.008406
0.000950
0.002737
0.000385
0.004248
0.001389
0.006824
0.008874
0.006309
0.008962
0.009211
0.007467
0.006062
0.009761
0.005585
0.007272
0.007841
0.000919
0.003352
0.004130
0.004319
0.003991
0.008876
0.009651
0.005340
0.009625
0.000091
0.009536
0.002074
0.005857
0.005625
0.000480
0.006797
0.008352
0.000855
0.001045
0.009731
0.007669
0.009909
0.006040
0.006630
0.009120
0.003507
0.002692
0.008881
0.009081
0.009954
0.006722
0.009990
0.003307
0.000852
0.004309
0.007287
0.009718
0.003960
0.002627
0.009343
0.004041
0.002163
0.001417
0.009888
0.007778
0.001887
0.006685
0.006129
0.002731
0.007721
0.005861
0.000400
0.007630
0.001900
0.007020
0.006750
0.005397
0.009703
0.005631
0.004478
0.009657
0.002354
0.004469
0.002963
0.003195
0.008768
0.000251
0.002914
0.002728
0.002868
0.002257
0.006759
0.005020
0.003663
0.006647
0.002798
0.005540
0.003332
0.008917
0.008261
0.001053
0.004778
0.008651
0.008673
0.006668
0.005672
0.005423
0.002065
0.005375
0.001054
0.006533
0.005031
0.003398
0.001002
0.007985
0.006583
0.009760
0.008225
0.009487
0.002488
0.001093
0.001743
0.009237
0.006103
0.005397
0.005884
0.008891
0.000937
0.009206
0.007809
0.009188
0.000260
0.002586
0.007840
0.008923
0.009245
0.003511
0.004346
0.001309
0.008876
0.005390
0.007833
0.003907
0.008778
0.008825
0.001892
0.005361
0.008584
0.000117
0.004848
0.001072
0.001200
0.006581
0.000309
0.007294
0.001978
0.006183
0.006185
0.002905
0.005389
0.003993
0.002093
0.005639
0.006570
0.009922
0.004561
0.005814
0.003434
0.008897
0.007114
0.002310
0.004287
0.004947
0.006207
0.003064
0.003772
0.008089
0.008415
0.002356
0.008196
0.003263
0.003418
0.009386
0.009834
0.003717
0.006680
0.001812
0.009889
0.002865
0.004707
0.005278
0.006848
0.006790
0.000917
0.003418
0.006712
0.005468
0.009222
0.000146
0.004364
0.006336
0.002446
0.008641
0.001283
0.008642
0.001705
0.005045
0.006731
0.000120
0.007391
0.004927
0.003373
0.000809
0.004313
0.003208
0.004515
0.000993
0.005010
0.004404
0.003848
0.009707
0.009672
0.000696
0.006497
0.000589
0.004104
0.003209
0.006047
0.003326
0.003345
0.000411
0.009653
0.005781
0.009042
0.000936
0.004423
0.000747
0.005971
0.001154
0.000858
0.003362
0.006071
0.004221
0.004161
0.000384
0.007419
0.008666
0.001367
0.002429
0.003071
0.005205
0.002136
0.002743
0.005891
0.008623
0.003322
0.009985
0.001832
0.009359
0.003311
0.005167
0.009760
0.002964
0.000948
0.008802
0.003890
0.005361
0.009539
0.009851
0.006505
0.000397
0.003213
0.002576
0.004608
0.007363
0.002950
0.002027
0.006029
0.004307
0.004446
0.009090
0.009502
0.006572
0.001833
0.005393
0.005195
0.005145
0.005378
0.007018
0.004504
0.008679
0.002185
0.004264
0.001643
0.003123
0.003065
0.005523
0.008474
0.002604
0.005374
0.004979
0.002991
0.008577
0.007544
0.007589
0.005940
0.000494
0.009606
0.001969
0.004792
0.004052
0.001059
0.004294
0.000624
0.002882
0.009677
0.005809
0.008017
0.005056
0.002827
0.002521
0.003735
0.005002
0.006774
0.005368
0.008115
0.009830
0.000891
0.006588
0.002434
0.006255
0.001567
0.005416
0.004831
0.009101
0.003005
0.000771
0.009585
0.002610
0.002731
0.004377
0.006652
0.003780
0.008661
0.007266
0.006652
0.008339
0.003074
0.004669
0.003394
0.005891
0.007180
0.007119
0.000893
0.003954
0.002487
0.008997
0.003784
0.003368
0.005585
0.006208
0.009613
0.007142
0.001624
0.004445
0.006243
0.004619
0.005206
0.005829
0.007219
0.007927
0.000206
0.003871
0.001706
0.008857
0.001137
0.008348
0.007196
0.004201
0.003017
0.000591
0.000092
0.000197
0.007700
0.000974
0.004141
0.000187
0.009962
0.007915
0.003545
0.005547
0.004123
0.003159
0.002689
0.005737
0.007593
0.008922
0.000356
0.002799
0.004751
0.007565
0.000726
0.004947
0.001436
0.002422
0.003804
0.002563
0.000771
0.001000
0.006753
0.003778
0.001581
0.006835
0.003964
0.009270
0.007800
0.008095
0.009447
0.007761
