0.008303
0.001120
0.004185
0.002130
0.002300
0.007378
0.002519
0.002171
0.001381
0.006587
0.004089
0.001615
0.001325
0.004322
0.001934
0.002910
0.003663
0.003533
0.007377
0.001343
0.003228
0.002065
0.009053
0.001282
0.009838
0.004530
0.008893
0.002057
0.000318
0.008102
0.000665
0.008611
0.009212
0.004840
0.000741
0.001512
0.002218
0.003250
0.003673
0.003589
0.009827
0.007752
0.005194
0.001152
0.002074
0.007118
0.004052
0.005727
0.000651
0.001429
0.007061
0.003869
0.003485
0.006113
0.005141
0.003322
0.000643
0.004034
0.005369
0.000952
0.002136
0.006024
0.009553
0.001349
0.000865
0.000294
0.002851
0.003073
0.003535
0.006514
0.006652
0.003362
0.004266
0.001846
0.004504
0.006330
0.008954
0.008546
0.002057
0.009595
0.009966
0.009108
0.003464
0.003450
0.005221
0.008596
0.006762
0.005854
0.002630
0.002132
0.006796
0.004756
0.008146
0.006349
0.006095
0.009001
0.006633
0.008935
0.002073
0.000168
0.005449
0.008715
0.003519
0.009705
0.000561
0.008013
0.006035
0.009505
0.006560
0.008082
0.009100
0.006526
0.007189
0.002565
0.009966
0.002410
0.001160
0.006728
0.008255
0.003780
0.008850
0.005051
0.008526
0.006996
0.001400
0.004621
0.005997
0.008024
0.003556
0.008061
0.008182
0.008995
0.006776
0.001701
0.008700
0.007327
0.009705
0.004735
0.006833
0.006264
0.002816
0.005933
0.002790
0.009996
0.008488
0.002756
0.002406
0.009638
0.009474
0.000661
0.003418
0.008324
0.005702
0.001944
0.005321
0.007093
0.006554
0.001318
0.005117
0.000111
0.009369
0.003298
0.009096
0.006145
0.004990
0.007796
0.003473
0.004694
0.002531
0.000305
0.000959
0.005337
0.006229
0.003739
0.005333
0.004716
0.006485
0.007730
0.004354
0.005959
0.008381
0.007762
0.004283
0.004083
0.009695
0.009593
0.001176
0.006250
0.000911
0.006282
0.006350
0.000280
0.009571
0.005446
0.006416
0.004560
0.003242
0.009878
0.009245
0.005763
0.000183
0.000203
0.001100
0.006402
0.003932
0.006423
0.001118
0.000417
0.004153
0.005462
0.006365
0.002533
0.003224
0.000648
0.006606
0.002920
0.000241
0.007772
0.009159
0.001143
0.004055
0.005509
0.001413
0.003625
0.000955
0.007819
0.008176
0.004187
0.007697
0.007420
0.009940
0.007870
0.007614
0.001040
0.004272
0.001546
0.007454
0.005380
0.001952
0.001606
0.000843
0.008307
0.004130
0.004057
0.008945
0.000736
0.006966
0.009177
0.008499
0.006126
0.000319
0.002553
0.001635
0.001723
0.006168
0.002580
0.009531
0.004344
0.006758
0.007228
0.001764
0.006698
0.005098
0.009368
0.007728
0.009360
0.000913
0.005182
0.004741
0.002856
0.006778
0.005573
0.001163
0.000908
0.009620
0.000108
0.001635
0.006586
0.009275
0.000133
0.002712
0.009584
0.002676
0.004337
0.001307
0.008835
0.006907
0.000838
0.003179
0.003665
0.008056
0.004933
0.000363
0.003154
0.004301
0.008081
0.002514
0.005204
0.003263
0.007245
0.008050
0.000042
0.002818
0.009203
0.000940
0.002438
0.009301
0.002565
0.009015
0.008576
0.002688
0.001727
0.008160
0.005354
0.006054
0.009457
0.004189
0.002961
0.000295
0.007358
0.006615
0.008340
0.002291
0.006968
0.001495
0.006582
0.005049
0.003999
0.001786
0.008303
0.001244
0.009826
0.008334
0.004052
0.009029
0.009264
0.006480
0.008330
0.001829
0.005495
0.006906
0.004507
0.007212
0.005066
0.009852
0.003265
0.004523
0.004041
0.006216
0.004807
0.001399
0.002831
0.003148
0.003679
0.009790
0.004632
0.000261
0.004839
0.008621
0.002037
0.003142
0.009855
0.001863
0.001476
0.003907
0.000892
0.000740
0.000388
0.009212
0.002559
0.005873
0.006118
0.007056
0.003084
0.001184
0.006907
0.006340
0.005697
0.000948
0.002556
0.000504
0.002337
0.005377
0.003642
0.006006
0.005167
0.008265
0.006257
0.009996
0.006886
0.008284
0.003137
0.006741
0.000147
0.004603
0.000649
0.001029
0.005333
0.001026
0.000241
0.007882
0.006889
0.006349
0.004938
0.009963
0.007523
0.001845
0.006303
0.003220
0.002784
0.008849
0.003714
0.005110
0.004226
0.007346
0.001117
0.009382
0.005611
0.007364
0.009378
0.002497
0.005648
0.002516
0.009229
0.005785
0.007109
0.009867
0.006804
0.002442
0.000894
0.007035
0.000324
0.007772
0.003384
0.005252
0.007736
0.000906
0.007087
0.004038
0.004116
0.009861
0.002887
0.007820
0.004972
0.007103
0.005166
0.006078
0.006485
0.000777
0.003442
0.005863
0.003265
0.009081
0.008369
0.002494
0.004866
0.005477
0.002361
0.001670
0.007909
0.003245
0.008695
0.008223
0.001017
0.002079
0.003475
0.008743
0.002975
0.000563
0.002781
0.007081
0.000424
0.005658
0.004900
0.005385
0.002761
0.000067
0.001464
0.009236
0.000834
0.004896
0.005099
0.004089
0.003976
0.003467
0.006573
0.008832
0.008935
0.008924
0.000503
0.006844
0.002169
0.009188
0.005067
0.003176
0.001267
0.008533
0.001919
0.004232
0.009086
0.004691
0.001312
0.009500
0.000349
0.006203
0.004885
0.003100
0.006260
0.006339
0.002336
0.007084
0.001235
0.007425
0.001173
0.005201
0.000892
0.007736
0.004033
0.009817
0.006660
0.004526
0.006661
0.008819
0.003714
0.001728
0.001996
0.004971
0.000261
0.003905
0.009192
0.009337
0.008586
0.000505
0.008836
0.008925
0.006698
0.003721
0.002025
0.002957
0.000060
0.004351
0.000041
0.001285
0.001776
0.001204
0.006476
0.002658
0.008930
0.000509
0.002474
0.005590
0.005025
0.009125
0.004409
0.008730
0.000853
0.006394
0.003700
0.001104
0.000299
0.002893
0.000441
0.008875
0.003388
0.009267
0.007800
0.000085
0.002988
0.009815
0.003033
0.003038
0.004166
0.003063
0.004313
0.005932
0.004257
0.000789
0.008580
0.003187
0.001288
0.001054
0.008766
0.006303
0.000178
0.003175
0.005033
0.001021
0.009559
0.008723
0.002115
0.009848
0.001616
0.002546
0.008723
0.004994
0.001812
0.006523
0.005069
0.004791
0.006338
0.008092
0.007819
0.000505
0.001155
0.002132
0.006427
0.005402
0.002911
0.005006
0.008579
0.004188
0.006050
0.007345
0.000492
0.006218
0.000520
0.005515
0.007229
0.000079
0.004238
0.009334
0.009917
0.005844
0.001880
0.008640
0.000838
0.003682
0.005164
0.005897
0.008463
0.001502
0.003988
0.006282
0.001997
0.005133
0.008404
0.008414
0.000536
0.001315
0.003420
0.009105
0.005493
0.009460
0.006450
0.005975
0.005678
0.006960
0.001489
0.002908
0.007030
0.005717
0.002242
0.006947
0.001561
0.004112
0.005587
0.002389
0.007784
0.000751
0.008275
0.006247
0.002243
0.002264
0.002529
0.004230
0.007387
0.000933
0.002643
0.007913
0.002238
0.006053
0.007018
0.007721
0.005513
0.003468
0.003696
0.001191
0.000429
0.005175
0.004089
0.007448
0.000892
0.006321
0.004395
0.002443
0.000433
0.009973
0.004822
0.008207
0.000723
0.003097
0.004454
0.002956
0.005351
0.006973
0.007176
0.002738
0.007896
0.009809
0.000651
0.000134
0.005863
0.007658
0.007845
0.001376
0.001126
0.001541
0.002558
0.001545
0.006706
0.006637
0.008983
0.007588
0.002957
0.003378
0.000031
0.003380
0.003351
0.004843
0.001587
0.004064
0.007930
0.006031
0.007011
0.003280
0.003004
0.004187
0.006008
0.000900
0.003996
0.006649
0.001024
0.009849
0.004307
0.008858
0.001225
0.005423
0.000399
0.003772
0.006958
0.007095
0.000409
0.005942
0.004683
0.003356
0.009310
0.004704
0.006726
0.002661
0.009537
0.008303
0.006715
0.007467
0.004334
0.003726
0.000747
0.007327
0.007902
0.006745
0.008217
0.001898
0.003394
0.009231
0.001747
0.007691
0.008089
0.002962
0.003115
0.008478
0.006724
0.000073
0.005573
0.007123
0.006005
0.000256
0.000479
0.005315
0.004949
0.007195
0.007966
0.004486
0.005498
0.004681
0.001953
0.009822
0.008397
0.002690
0.007149
0.006299
0.009426
0.005366
0.008188
0.002820
0.004597
0.009925
0.000511
0.002686
0.002887
0.003616
0.001165
0.009601
0.003679
0.006727
0.006724
0.009673
0.006973
0.007193
0.004988
0.001922
0.004388
0.002954
0.006399
0.009876
0.007624
0.008342
0.009699
0.006021
0.001032
0.006848
0.002320
0.000458
0.002214
0.000508
0.003268
0.006802
0.000433
0.003769
0.009478
0.003309
0.007375
0.000643
0.002910
0.001054
0.007360
0.009624
0.000727
0.004333
0.006816
0.005705
0.006245
0.001204
0.008649
0.002644
0.001081
0.006273
0.000986
0.000780
0.002294
0.002009
0.007618
0.004604
0.002457
0.009822
0.005102
0.005715
0.006624
0.005525
0.009475
0.006102
0.008824
0.006850
0.006734
0.001734
0.007893
0.004094
0.001358
0.008610
0.008417
0.008164
0.004315
0.004662
0.009358
0.002964
0.007297
0.000439
0.009227
0.008273
0.001209
0.001521
0.000281
0.008816
0.006116
0.002728
0.008638
0.001218
0.008434
0.005262
0.006733
0.007908
0.001364
0.005557
0.004758
0.008088
0.007281
0.002651
0.002183
0.008628
0.001262
0.000600
0.006792
0.005567
0.005252
0.006151
0.008521
0.002549
0.006580
0.007748
0.000821
0.007779
0.009260
0.001093
0.006595
0.005376
0.003811
0.005234
0.006584
0.002245
0.000496
0.003317
0.000153
0.001850
0.008863
0.004901
0.009928
0.006144
0.007542
0.002110
0.004772
0.008794
0.002700
0.001565
0.004361
0.007942
0.007706
0.002882
0.000491
0.004286
0.000630
0.001303
0.002065
0.009880
0.002385
0.008650
0.005256
0.006186
0.003884
0.001839
0.008421
0.004370
0.005146
0.008564
0.006209
0.004009
0.003465
0.006137
0.000153
0.001007
0.008238
0.004916
0.009790
0.000938
0.006471
0.004151
0.008870
0.004176
0.007023
0.009351
0.008452
0.007643
0.000654
0.000516
0.007523
0.003030
0.009156
0.002779
0.009206
0.003040
0.004608
0.007627
0.007399
0.009744
0.006191
0.003609
0.003753
0.009646
0.009736
0.003897
0.000652
0.007974
0.008802
0.000442
0.008901
0.005273
0.004583
0.007772
0.009439
0.001606
0.007123
0.007891
0.009239
0.007767
0.008397
0.006761
0.000797
0.007553
0.009530
0.009993
0.000593
0.004138
0.007620
0.007983
0.003882
0.003811
0.001591
0.007625
0.003457
0.001327
0.001522
0.004099
0.009291
0.000324
0.004532
0.008192
0.005587
0.009105
0.005964
0.005026
0.000710
0.003087
0.002917
0.009939
0.000854
0.001314
0.006700
0.001641
0.008857
0.006230
0.001634
0.009440
0.000368
0.009244
0.007423
0.004240
0.003055
0.009004
0.001866
0.006502
0.000331
0.003377
0.000601
0.009612
0.003692
0.005122
0.007804
0.009269
0.004227
0.003768
0.004295
0.004927
0.006845
0.007202
0.004866
0.007689
0.008506
0.001567
0.009320
0.007363
0.007787
0.000954
0.006804
0.008145
0.000198
0.004226
0.002386
0.003243
0.003231
0.004241
0.009735
0.003552
0.007609
0.000336
0.003164
0.001301
0.005448
0.000968
0.000569
0.009665
0.004726
0.004855
0.004593
0.001571
0.002057
0.009449
0.009250
0.000563
0.001016
0.008570
0.007917
0.008793
0.009514
0.004720
0.006938
0.009702
0.008937
0.009314
0.002945
0.002167
0.003555
0.002679
0.005709
0.001164
0.003005
0.008863
0.002455
0.008443
0.009821
0.003014
0.008108
0.004547
0.007859
0.002701
0.006108
0.009906
0.002149
0.005358
0.000469
0.003155
0.003928
0.008375
0.001948
0.003442
0.003096
0.008876
0.003144
0.002032
0.008190
0.006079
0.004189
0.001745
0.008749
0.009889
0.002899
0.001754
0.008751
0.005344
0.000196
0.008573
0.008348
0.008294
0.003120
0.006207
0.000995
0.009218
0.006113
0.003134
0.004576
0.006572
0.006280
0.008494
0.004947
0.008217
0.001937
0.008033
0.007093
0.005071
0.000065
0.005283
0.001150
0.004244
0.007019
0.009889
0.004133
0.009908
0.001642
0.002884
0.005252
0.001829
0.001457
0.003600
0.000123
0.004566
0.009797
0.001108
0.003784
0.005910
0.004232
0.008350
0.002482
0.000512
0.006844
0.007419
0.008719
0.008770
0.005452
0.005813
0.003841
0.005506
0.001096
0.004981
0.009740
0.008104
0.004870
0.003873
0.008012
0.006502
0.006747
0.003264
0.008321
0.008194
0.006855
0.008434
0.002760
0.006652
0.009532
0.006534
0.002563
0.003764
0.004883
0.005035
0.004266
0.001727
0.002454
0.002985
0.000498
0.007895
0.008787
0.004329
0.003402
0.009873
0.009300
0.003142
0.007978
0.004171
0.007005
0.005990
0.000673
0.003752
0.009245
0.008984
0.001945
0.006100
0.007417
0.004695
0.002752
0.006949
0.001229
0.005305
0.000713
0.006102
0.000339
0.004969
0.007820
0.002783
0.007943
0.008307
0.000678
0.006731
0.002636
0.004070
0.006604
0.001937
0.007202
0.004582
0.006097
0.004207
0.000572
0.006760
0.007948
0.009807
0.005744
0.009884
0.005907
0.003161
0.004579
0.008649
0.000110
0.005798
0.003953
0.000813
0.001900
0.004282
0.005772
0.009710
0.007056
0.003715
0.008017
0.007724
0.000446
0.000654
0.001794
0.007040
0.002581
0.008986
0.001622
0.008668
0.003192
0.002184
0.005428
0.001140
0.001991
0.001172
0.001024
0.007888
0.004323
0.005593
0.006536
0.004423
0.001391
0.000489
0.005226
0.003282
0.004762
0.000997
0.002992
0.001817
0.004702
0.001009
0.009531
0.005138
0.001653
0.001325
0.002178
0.004223
0.000311
0.003790
0.002891
0.003493
0.005964
0.008309
0.004623
0.007945
0.009471
0.005638
0.005833
0.003794
0.001231
0.002370
0.008206
0.002612
0.002849
0.003432
0.005884
0.007601
0.004419
0.008865
0.009408
0.009112
0.009864
0.008940
0.004250
0.001517
0.000265
0.006417
0.005731
0.000566
0.000207
0.008612
0.004049
0.006161
0.006921
0.008662
0.004107
0.006392
0.004300
0.009930
0.000186
0.005520
0.002300
0.008382
0.008122
0.005139
0.001815
0.004006
0.002740
0.006224
0.002871
0.002148
0.005336
0.002735
0.001088
0.009575
0.004243
0.001343
0.005993
0.009963
0.001899
0.006190
0.008575
0.005937
0.002351
0.005497
0.004599
0.006448
0.001889
0.008889
0.006378
0.002065
0.004409
0.008668
0.000447
0.002531
0.003806
0.002252
0.006527
0.006536
0.008466
0.009388
0.008674
0.003802
0.002124
0.009752
0.003377
0.006356
0.001095
0.009360
0.006320
0.002984
0.005550
0.004895
0.008911
0.007891
0.000392
0.003510
0.004339
0.002271
0.002399
0.000718
0.004325
0.006798
0.009375
0.004763
0.009320
0.003182
0.007004
0.005847
0.009708
0.005470
0.005235
0.008382
0.009262
0.007348
0.008134
0.002639
0.003704
0.009219
0.001998
0.000024
0.002203
0.007538
0.004909
0.001114
0.005429
0.005291
0.004614
0.009758
0.007552
0.007003
0.000476
0.001877
0.003802
0.009841
0.006630
0.003121
0.003023
0.003634
0.008958
0.002731
0.009094
0.004193
0.001113
0.008356
0.001541
0.009237
0.000995
0.005235
0.008457
0.002983
0.005249
0.000659
0.000520
0.000158
0.001763
0.005939
0.005439
0.006368
0.005697
0.002991
0.003371
0.006163
0.004858
0.007162
0.006004
0.001488
0.000284
0.009017
0.005112
0.009231
0.001747
0.004206
0.003424
0.002850
0.002562
0.004955
0.002087
0.003547
0.000190
0.000544
0.006520
0.005429
0.001193
0.007030
0.005578
0.002947
0.002969
0.001017
0.009304
0.008656
0.003998
0.002675
0.004819
0.008846
0.009828
0.000823
0.000334
0.000111
0.009830
0.005435
0.009333
0.001577
0.009631
0.002757
0.004417
0.002193
0.007701
0.006494
0.005730
0.007881
0.007028
0.002250
0.003311
0.008212
0.009270
0.008878
0.001159
0.002239
0.009886
0.000463
0.000896
0.003884
0.003128
0.005705
0.002730
0.002956
0.006518
0.003053
0.003057
0.006347
0.008479
0.002390
0.007914
0.008110
0.005137
0.002331
0.000303
0.002838
0.008816
0.006024
0.000719
0.005844
0.008264
0.004020
0.004056
0.007534
0.002898
0.005205
0.009763
0.002784
0.005658
0.000659
0.006657
0.008776
0.006354
0.009377
0.001732
0.002872
0.002430
0.004780
0.009210
0.000909
0.007160
0.007124
0.009009
0.002296
0.009445
0.009302
0.005124
0.008261
0.005326
0.005833
0.004105
0.003590
0.009843
0.008151
0.001124
0.002741
0.003356
0.000887
0.005514
0.009004
0.001536
0.002171
0.007781
0.007880
0.001549
0.009503
0.000752
0.003969
0.004283
0.009952
0.004868
0.001442
0.007076
0.003876
0.003729
0.006521
0.003179
0.008843
0.004782
0.008494
0.004676
0.008877
0.002084
0.004518
0.007029
0.003198
0.007249
0.000385
0.004074
0.002763
0.009379
0.005600
0.004924
0.007160
0.003481
0.006463
0.006663
0.004223
0.000432
0.000946
0.004175
0.005290
0.002378
0.001251
0.009156
0.006097
0.007761
0.002335
0.004939
0.002544
0.000829
0.009605
0.001421
0.002903
0.004123
0.008440
0.006090
0.001372
0.008815
0.000165
0.004125
0.008194
0.005755
0.009039
0.005354
0.009226
0.005502
0.002017
0.003449
0.005924
0.002953
0.007614
0.001213
0.005321
0.008854
0.000369
0.001418
0.006616
0.002694
0.006347
0.009149
0.003513
0.005952
0.000570
0.006406
0.000074
0.009000
0.002496
0.001436
0.007814
0.002651
0.005551
0.006009
0.008397
0.004590
0.001363
0.007623
0.000092
0.003371
0.001071
0.006006
0.006314
0.008675
0.007209
0.001635
0.007529
0.007569
0.003042
0.004145
0.000263
0.009379
0.003294
0.003766
0.005331
0.003854
0.000172
0.005395
0.002853
0.002658
0.006821
0.000668
0.005299
0.002372
0.006667
0.003696
0.006952
0.008020
0.001319
0.007034
0.001390
0.002380
0.003040
0.007694
0.001055
0.000249
0.009319
0.008574
0.007808
0.002361
0.002719
0.008061
0.001740
0.006002
0.001827
0.007061
0.009846
0.001988
0.002456
0.002700
0.004637
0.009268
0.003357
0.009926
0.001640
0.000024
0.003622
0.008582
0.008034
0.004931
0.005616
0.009414
0.007301
0.008646
0.007108
0.008346
0.008885
0.006426
0.006919
0.006693
0.008777
0.009628
0.004754
0.000517
0.005630
0.006570
0.007568
0.005477
0.008549
0.000025
0.008166
0.003185
0.009282
0.001523
0.003111
0.000922
0.001538
0.006724
0.009494
0.009561
0.001654
0.005110
0.008975
0.008945
0.003756
0.006083
0.007290
0.002641
0.002510
0.004210
0.009324
0.001287
0.003838
0.004078
0.001795
0.009458
0.000648
0.009353
0.004935
0.009187
0.009368
0.003101
0.002372
0.008650
0.004614
0.005474
0.009562
0.006142
0.002197
0.009055
0.005703
0.003841
0.004165
0.004679
0.002786
0.007911
0.000762
0.000077
0.000551
0.003262
0.004277
0.009865
0.004539
0.008105
0.003942
0.006324
0.007563
0.004580
0.005677
0.002498
0.003767
0.005044
0.005589
0.006129
0.003694
0.000203
0.001603
0.003256
0.006335
0.003790
0.002311
0.002039
0.007622
0.006466
0.006707
0.000408
0.004377
0.007459
0.000475
0.004918
0.000721
0.004742
0.004783
0.005250
0.002846
0.008715
0.001574
0.000410
0.003296
0.007241
0.002897
0.007053
0.002286
0.008476
0.003182
0.005970
0.008670
0.004775
0.009215
0.005005
0.008556
0.001526
0.007033
0.006177
0.007982
0.003741
0.006576
0.002359
0.001200
0.007041
0.007267
0.001911
0.001782
0.002049
0.007152
0.004619
0.000764
0.008716
0.005018
0.004050
0.005958
0.007906
0.001103
0.008233
0.006382
0.004276
0.004203
0.005052
0.009041
0.003419
0.000057
0.007597
0.004935
0.007080
0.003774
0.002917
0.000821
0.000350
0.005266
0.002011
0.007380
0.002532
0.003912
0.009153
0.004572
0.001064
0.003772
0.005326
0.009771
0.008780
0.009366
0.005728
0.006686
0.000469
0.003962
0.003068
0.004735
0.008155
0.008110
0.003776
0.001573
0.008156
0.001373
0.006498
0.005236
0.005137
0.009405
0.006047
0.005476
0.004671
0.008048
0.002857
0.007194
0.001960
0.002009
0.001765
0.003014
0.005771
0.007081
0.002785
0.004551
0.006448
0.008503
0.001237
0.006907
0.002465
0.004295
0.001642
0.000619
0.002404
0.005408
0.002183
0.000560
0.006770
0.008671
0.005786
0.001907
0.008076
0.001833
0.007373
0.002747
0.009870
0.000230
0.009931
0.001830
0.002229
0.001696
0.004835
0.007990
0.008768
0.007610
0.002541
0.005215
0.006113
0.003768
0.002122
0.008567
0.008052
0.003754
0.009176
0.000456
0.009152
0.001359
0.001006
0.005922
0.000030
0.006783
0.007819
0.008096
0.008605
0.005192
0.000843
0.008476
0.005412
0.000774
0.000306
0.007632
0.002461
0.005131
0.005622
0.001228
0.002741
0.008153
0.006433
0.008843
0.001921
0.008546
0.007410
0.009964
0.002300
0.006587
0.000420
0.001452
0.007936
0.001416
0.007364
0.007956
0.008189
0.005183
0.006052
0.006794
0.000375
0.006885
0.005270
0.005778
0.007649
0.005566
0.003410
0.000110
0.000698
0.009022
0.001328
0.003428
0.007175
0.007751
0.002271
0.009087
0.006297
0.009672
0.009050
0.008587
0.006259
0.009460
0.000039
0.004194
0.000876
0.007392
0.002150
0.009055
0.002575
0.008192
0.005849
0.002941
0.005076
0.001120
0.008709
0.002725
0.006676
0.002119
0.002825
0.007364
0.001141
0.004143
0.000792
0.008306
0.001894
0.003053
0.007393
0.008181
0.002725
0.006443
0.006768
0.008973
0.005903
0.006797
0.003168
0.006769
0.004189
0.005308
0.005825
0.006755
0.003499
0.001674
0.009686
0.008565
0.002784
0.008394
0.001291
0.009450
0.000513
0.004106
0.006813
0.001644
0.008239
0.007595
0.009940
0.000133
0.000648
0.007333
0.008304
0.003362
0.003776
0.005072
0.002336
0.009669
0.001869
0.005493
0.006438
0.006048
0.000801
0.002263
0.002803
0.004290
0.003927
0.002488
0.002855
0.006700
0.000883
0.004136
0.006150
0.001386
0.008232
0.002963
0.003020
0.006471
0.000558
0.002960
0.006594
0.001195
0.000293
0.004898
0.004548
0.004059
0.009961
0.006873
0.003727
0.001830
0.002366
0.000165
0.007868
0.003157
0.002418
0.000671
0.007437
0.006335
0.003149
0.000292
0.003035
0.004022
0.004418
0.009174
0.005398
0.002650
0.002137
0.008408
0.009111
0.002685
0.001369
0.005705
0.003870
0.001651
0.000603
0.008408
0.005700
0.000564
0.005281
0.009417
0.002383
0.007638
0.009573
0.000251
0.000795
0.001991
0.000912
0.008222
0.008315
0.004052
0.008503
0.001350
0.008064
0.002921
0.000524
0.003463
0.005561
0.002652
0.001871
0.004672
0.005327
0.003230
0.000376
0.009187
0.004871
0.000969
0.007595
0.000571
0.001523
0.002876
0.009978
0.003896
0.000513
0.009551
0.004137
0.001298
0.001542
0.005040
0.009510
0.009847
0.009081
0.008013
0.001197
0.007146
0.000934
0.001711
0.000608
0.006486
0.004353
0.002469
0.001157
0.009670
0.005689
0.001524
0.008856
0.000560
0.002483
0.006451
0.001120
0.003996
0.009317
0.001099
0.007882
0.009820
0.000650
0.002019
0.001118
0.002182
0.007049
0.000628
0.002029
0.006130
0.008631
0.003215
0.003275
0.009555
0.004917
0.003874
0.006041
0.009260
0.006333
0.007188
0.008929
0.002021
0.008702
0.007786
0.002571
0.001185
0.004237
0.003681
0.005171
0.003553
0.004770
0.003052
0.003373
0.005410
0.005061
0.004482
0.007582
0.002110
0.005099
0.009600
0.008230
0.003730
0.002816
0.001505
0.003286
0.007722
0.005369
0.009317
0.006982
0.001702
0.006505
0.005912
0.003713
0.005208
0.003697
0.006274
0.006383
0.007924
0.009945
0.001554
0.001477
0.004715
0.004596
0.004840
0.000125
0.009647
0.009312
0.007697
0.001757
0.004412
0.007297
0.009977
0.008132
0.000112
0.001483
0.001418
0.007825
0.006841
0.000735
0.004807
0.008533
0.007230
0.000718
0.002246
0.002438
0.004406
0.008510
0.008811
0.002329
0.008455
0.000364
0.003796
0.003170
0.004951
0.008627
0.003285
0.004598
0.007939
0.000982
0.006345
0.002350
0.008269
0.006323
0.000482
0.008371
0.007795
0.001890
0.006196
0.004637
0.002615
0.001003
0.003170
0.009835
0.001711
0.005406
0.002273
0.006107
0.003915
0.001083
0.008426
0.002370
0.001437
0.002223
0.005530
0.006378
0.000849
0.008805
0.000976
0.008778
0.009777
0.007311
0.001129
0.008046
0.003634
0.001601
0.006417
0.001429
0.003481
0.002613
0.006056
0.006086
0.003606
0.009215
0.005921
0.005307
0.004621
0.008184
0.001413
0.008526
0.009257
0.009830
0.000896
0.000694
0.002052
0.006416
0.007062
0.002892
0.005222
0.008028
0.001670
0.004999
0.005339
0.002789
0.003045
0.008963
0.004380
0.009453
0.000392
0.007851
0.002065
0.006438
0.003937
0.005661
0.005653
0.009848
0.000968
0.000274
0.008032
0.002371
0.008790
0.007289
0.002201
0.009676
0.007973
0.004243
0.006093
0.005035
0.007125
0.001314
0.003063
0.008785
0.006303
0.008393
0.001573
0.009339
0.007356
0.005943
0.008791
0.007738
0.003795
0.000857
0.004176
0.007722
0.006508
0.009820
0.007570
0.007466
0.000094
0.005602
0.009827
0.008874
0.002891
0.002027
0.008550
0.000864
0.006260
0.004643
0.005889
0.003385
0.005947
0.008942
0.002170
0.002251
0.007335
0.003733
0.001590
0.004691
0.009666
0.000381
0.002429
0.003461
0.001228
0.006595
0.001183
0.007725
0.006415
0.008743
0.005191
0.006499
0.004345
0.005018
0.005373
0.007226
0.007035
0.003924
0.008080
0.003295
0.008557
0.003969
0.006670
0.004504
0.002911
0.008830
0.006745
0.000245
0.002563
0.008324
0.004926
0.002229
0.008695
0.007345
0.005680
0.009913
0.003940
0.006852
0.007638
0.000356
0.005595
0.002829
0.006845
0.009930
0.007837
0.002218
0.007157
0.004872
0.006131
0.005237
0.008157
0.004688
0.009195
0.004827
0.009182
0.002106
0.003657
0.005927
0.002341
0.006210
0.004251
0.007257
0.008429
0.002946
0.004602
0.004108
0.002859
0.008533
0.000961
0.000497
0.008878
0.006546
0.003316
0.005723
0.006476
0.001152
0.007931
0.003633
0.006014
0.004062
0.008860
0.004171
0.008740
0.008055
0.008988
0.007922
0.000161
0.002645
0.003848
0.002492
0.008844
0.008089
0.009740
0.007273
0.001035
0.004342
0.001381
0.003884
0.002875
0.002332
0.004370
0.001753
0.008868
0.007676
0.007466
0.005344
0.008818
0.005397
0.008967
0.004832
0.009449
0.007827
0.008993
0.008189
0.005882
0.007981
0.006111
0.006033
0.000626
0.009949
0.008515
0.009460
0.008038
0.008255
0.006733
0.009063
0.002597
0.008104
0.002947
0.005462
0.000436
0.007307
0.007204
0.009294
0.004983
0.004670
0.004638
0.003801
0.000067
0.003606
0.008623
0.009506
0.001433
0.007616
0.007695
0.007305
0.005597
0.003806
0.003338
0.006213
0.003755
0.001853
0.005673
0.001794
0.000108
0.002406
0.000857
0.002695
0.000510
0.003794
0.008146
0.000937
0.001101
0.005351
0.000231
0.006074
0.000021
0.004859
0.009866
0.000078
0.008455
0.008489
0.009574
0.009878
0.006105
0.007269
0.007182
0.001702
0.001075
0.000520
0.007904
0.004820
0.002363
0.003577
0.006604
0.002461
0.005973
0.007451
0.005146
0.006473
0.001245
0.003292
0.007400
0.002336
0.008633
0.007620
0.008400
0.008644
0.002480
0.008266
0.008712
0.000935
0.006755
0.008286
0.000813
0.002860
0.005555
0.007985
0.004552
0.006620
0.008495
0.002456
0.001440
0.000858
0.006023
0.008034
0.003309
0.001996
0.005484
0.008444
0.008459
0.006719
0.001736
0.005859
0.009045
0.000369
0.003479
0.007446
0.009003
0.005949
0.005712
0.007715
0.006874
0.002466
0.006000
0.007677
0.005316
0.001555
0.005662
0.009857
0.008165
0.004157
0.002314
0.009595
0.005005
0.008327
0.007629
0.008304
0.000323
0.003113
0.006748
0.008772
0.009822
0.008474
0.004631
0.008868
0.008834
0.008100
0.006313
0.007836
0.004049
0.002025
0.005551
0.000923
0.004481
0.001551
0.008590
0.009787
0.003097
0.004251
0.009645
0.001262
0.008398
0.001958
0.000857
0.003403
0.000285
0.008475
0.001707
0.000598
0.001588
0.008445
0.009360
0.001411
0.006919
0.003990
0.000278
0.005753
0.002090
0.006582
0.003589
0.006130
0.008597
0.009130
0.007043
0.003078
0.000681
0.005632
0.002865
0.003768
0.009874
0.002510
0.005020
0.008272
0.004458
0.005866
0.001675
0.004733
0.004342
0.003372
0.005320
0.005920
0.001817
0.004680
0.007321
0.008726
0.008660
0.007589
0.004478
0.000751
0.004171
0.008058
0.006870
0.002768
0.007188
0.003913
0.005836
0.007859
0.009535
0.008691
0.001627
0.009409
0.001201
0.006637
0.007681
0.005649
0.002503
0.009346
0.000382
0.006835
0.002718
0.005692
0.002755
0.004525
0.000372
0.000076
0.003250
0.009022
0.007655
0.007719
0.009763
0.001826
0.005776
0.006634
0.004584
0.002964
0.000547
0.000420
0.000823
0.000082
0.009101
0.002440
0.009481
0.000302
0.009067
0.007162
0.005941
0.001570
0.006509
0.006313
0.008395
0.009217
0.002005
0.001150
0.003741
0.002366
0.001215
0.006982
0.001389
0.008860
0.004701
0.001152
0.000687
0.000477
0.007775
0.005261
0.003431
0.008312
0.005671
0.004244
0.008384
0.004772
0.006674
0.007866
0.005065
0.005741
0.005028
0.001006
0.007301
0.001537
0.007309
0.005696
0.000754
0.009303
0.006836
0.004485
0.001670
0.008042
0.001467
0.003048
0.006902
0.006157
0.004190
0.007579
0.006624
0.001966
0.002840
0.000055
0.000278
0.008501
0.004289
0.008652
0.003273
0.000963
0.006518
0.008328
0.006694
0.001546
0.009324
0.003996
0.003073
0.006632
0.009682
0.003816
0.005935
0.006519
0.008291
0.007595
0.004560
0.009748
0.000643
0.001463
0.005905
0.004824
0.009031
0.002529
0.006779
0.001871
0.002574
0.007047
0.000372
0.006853
0.005699
0.003635
0.007806
0.002217
0.001963
0.004501
0.003753
0.001287
0.008487
0.006815
0.007909
0.008169
0.000631
0.003845
0.004688
0.008912
0.001440
0.009238
0.008660
0.002073
0.000701
0.004565
0.006887
0.009722
0.007083
0.003666
0.001593
0.009647
0.000713
0.001955
0.006500
0.006402
0.005580
0.004307
0.008609
0.007533
0.008797
0.002362
0.008810
0.007284
0.009167
0.006719
0.005453
0.009789
0.000563
0.000141
0.008701
0.001993
0.009369
0.007361
0.004056
0.000070
0.001925
0.000943
0.009782
0.008999
0.004599
0.001375
0.008646
0.005302
0.003321
0.005146
0.001704
0.008891
0.009443
0.000314
0.006424
0.008240
0.002666
0.005234
0.005524
0.001833
0.001953
0.000977
0.001622
0.002506
0.001108
0.000323
0.004490
0.000477
0.007674
0.008536
0.000536
0.009589
0.009468
0.000318
0.008587
0.004067
0.001684
0.007233
0.009359
0.004994
0.002380
0.001063
0.003885
0.001822
0.001367
0.000309
0.000062
0.004023
0.005533
0.005576
0.005846
0.007477
0.006544
0.007458
0.009973
0.007642
0.007771
0.004463
0.008108
0.005444
0.002998
0.008635
0.005033
0.002466
0.008943
0.003620
0.006524
0.000627
0.000854
0.005882
0.005611
0.003223
0.006936
0.009487
0.005036
0.008293
0.009786
0.005088
0.002316
0.005320
0.000665
0.008152
0.002796
0.007198
0.005609
0.002769
0.004840
0.003380
0.007222
0.002948
0.008814
0.000220
0.001583
0.003848
0.002676
0.000526
0.007458
0.009190
0.001143
0.008302
0.005072
0.006745
0.001525
0.002008
0.006231
0.006551
0.000301
0.006017
0.001639
0.002606
0.001337
0.002294
0.000758
0.004123
0.009482
0.006358
0.006882
0.004322
0.009728
0.004104
0.007260
0.008542
0.004314
0.008833
0.002390
0.006980
0.009349
0.009838
0.006170
0.000492
0.008140
0.001242
0.007227
0.009655
0.003240
0.003458
0.006206
0.003531
0.009465
0.007835
0.006128
0.000802
0.000129
0.006876
0.004916
0.009601
0.003233
0.001798
0.003923
0.002961
0.005892
0.001183
0.001503
0.000206
0.000016
0.003883
0.007176
0.009355
0.003720
0.003346
0.009837
0.001860
0.004578
0.007063
0.001515
0.007808
0.000521
0.007710
0.001340
0.009977
0.005545
0.007457
0.000779
0.005664
0.004333
0.005685
0.005265
0.007556
0.007473
0.009178
0.000517
0.003365
0.000361
0.002009
0.003561
0.000366
0.005882
0.000737
0.009711
0.009592
0.004073
0.009548
0.001452
0.008641
0.006611
0.002957
0.006449
0.007123
0.000667
0.007779
0.007099
0.006203
0.005236
0.007868
0.001867
0.009559
0.003553
0.007122
0.007114
0.001026
0.006299
0.007621
0.004381
0.006650
0.009620
0.007931
0.007006
0.005503
0.008658
0.006717
0.005095
0.002731
0.006265
0.006537
0.001372
0.002876
0.009484
0.007811
0.009989
0.000151
0.005590
0.007088
0.006344
0.000826
0.004957
0.008201
0.000385
0.008500
0.005322
0.007489
0.009516
0.001622
0.005110
0.003896
0.008262
0.004731
0.001828
0.005268
0.000233
0.000486
0.001985
0.005318
0.003207
0.008241
0.001855
0.004569
0.001117
0.001340
0.002380
0.001106
0.001481
0.007961
0.008184
0.007815
0.008777
0.003141
0.006016
0.009152
0.001641
0.001338
0.006642
0.001156
0.002949
0.001752
0.005042
0.001211
0.006473
0.006860
0.006469
0.006696
0.007335
0.008445
0.002014
0.000542
0.006685
0.003860
0.005101
0.007792
0.005189
0.007471
0.008888
0.006660
0.005432
0.007072
0.004475
0.004209
0.000213
0.000491
0.003362
0.001844
0.001818
0.009994
0.002990
0.004758
0.001746
0.008022
0.005959
0.008208
0.004882
0.002428
0.004904
0.002217
0.000873
0.006909
0.002749
0.007548
0.000768
0.007840
0.005341
0.005947
0.005312
0.004229
0.002608
0.000744
0.001301
0.007073
0.004943
0.001504
0.007553
0.008295
0.003338
0.009362
0.008289
0.006318
0.004120
0.000035
0.004340
0.000079
0.008233
0.009211
0.002497
0.003138
0.001428
0.003360
0.000046
0.004168
0.000909
0.000804
0.002008
0.006239
0.006742
0.007310
0.000468
0.009339
0.008044
0.001760
0.006412
0.002988
0.003254
0.003965
0.001283
0.006582
0.003327
0.009562
0.002900
0.007437
0.009586
0.007230
0.007506
0.007819
0.006441
0.009993
0.000957
0.007860
0.003353
0.000993
0.002027
0.004251
0.001787
0.004026
0.000491
0.008519
0.001336
0.000949
0.007859
0.009370
0.002699
0.004271
0.002358
0.005943
0.008226
0.003630
0.002525
0.001553
0.003192
0.005415
0.008980
0.002779
0.002645
0.006486
0.000598
0.009076
0.006478
0.001545
0.006936
0.009821
0.002528
0.008953
0.004072
0.004305
0.002979
0.004552
0.002825
0.004305
0.005491
0.000683
0.003675
0.008180
0.004944
0.006022
0.004123
0.003170
0.009643
0.006638
0.004713
0.002835
0.002053
0.003693
0.005604
0.004688
0.000179
0.006192
0.003764
0.006647
0.007727
0.000700
0.006467
0.000255
0.009644
0.000539
0.004550
0.002623
0.005082
0.007365
0.006918
0.000573
0.008038
0.000593
0.008743
0.002982
0.006605
0.002865
0.006142
0.006248
0.009493
0.000855
0.009073
0.001546
0.004538
0.004677
0.006224
0.004707
0.000868
0.009978
0.001354
0.008585
0.000678
0.007811
0.008829
0.000322
0.008340
0.003379
0.002935
0.003422
0.000744
0.009842
0.003985
0.008772
0.000435
0.002727
0.001754
0.007030
0.005582
0.007886
0.003278
0.005075
0.008731
0.002351
0.006611
0.003270
0.007017
0.002835
0.007966
0.007875
0.002812
0.009310
0.006460
0.003481
0.007121
0.005290
0.003792
0.005461
0.008659
0.006717
0.008873
0.009393
0.006559
0.002857
0.008166
0.006984
0.005574
0.009910
0.004014
0.001157
0.007797
0.007281
0.006222
0.006528
0.009622
0.002833
0.009788
0.006639
0.005658
0.007754
0.004514
0.008460
0.007064
0.000975
0.001941
0.004185
0.006254
0.005723
0.009635
0.004913
0.002440
0.008508
0.004307
0.008989
0.001365
0.002473
0.005972
0.006930
0.002383
0.009976
0.008077
0.000179
0.007257
0.004299
0.006697
0.006879
0.007122
0.006485
0.003518
0.002779
0.004239
0.008022
0.001239
0.001303
0.008987
0.003170
0.005477
0.005241
0.008883
0.005113
0.000155
0.001323
0.003621
0.004451
0.000311
0.004976
0.006914
0.006273
0.001906
0.009287
0.006249
0.009972
0.009456
0.003507
0.004271
0.006154
0.000386
0.001393
0.002639
0.003894
0.004162
0.006868
0.001916
0.005391
0.008160
0.000903
0.008551
0.003637
0.006134
0.007434
0.008740
0.006279
0.008747
0.002361
0.000730
0.009048
0.007327
0.007634
0.005321
0.009222
0.006921
0.001571
0.009194
0.006378
0.005068
0.003465
0.002532
0.005443
0.004848
0.005160
0.009327
0.009000
0.002028
0.001243
0.004391
0.000188
0.002136
0.002942
0.003816
0.008260
0.000377
0.002556
0.004539
0.009114
0.004906
0.005259
0.008162
0.002233
0.002893
0.003483
0.001455
0.009804
0.005044
0.000650
0.006182
0.000112
0.004105
0.008703
0.005545
0.008943
0.003864
0.004872
0.007942
0.005882
0.006105
0.002333
0.006060
0.008231
0.005266
0.009866
0.006491
0.005632
0.002421
0.001030
0.004746
0.007317
0.006279
0.002908
0.009540
0.009162
0.006381
0.000996
0.008966
0.001425
0.001635
0.005148
0.001526
0.005730
0.003851
0.007061
0.004673
0.007705
0.001933
0.002615
0.003586
0.008029
0.004939
0.009636
0.006260
0.000204
0.009502
0.002751
0.005827
0.001923
0.003771
0.000573
0.009230
0.000050
0.003470
0.008771
0.009202
0.009841
0.009756
0.008168
0.001265
0.001392
0.003316
0.002782
0.007112
0.007157
0.009833
0.001785
0.004862
0.001766
0.004390
0.008439
0.009785
0.009318
0.008075
0.006045
0.009513
0.007577
0.008786
0.005340
0.009490
0.002557
0.005903
0.008720
0.002598
0.009363
0.007491
0.001800
0.009204
0.007247
0.009958
0.000469
0.008629
0.003275
0.003241
0.005741
0.000432
0.003074
0.007515
0.005284
0.004830
0.001905
0.003723
0.004615
0.001223
0.001798
0.000659
0.000736
0.009364
0.009435
0.006066
0.008854
0.001992
0.001969
0.007574
0.004580
0.001331
0.005065
0.006370
0.000535
0.002313
0.006328
0.000994
0.000941
0.009593
0.004225
0.006672
0.000025
0.007289
0.004187
0.005299
0.002118
0.006082
0.009012
0.006723
0.007295
0.000809
0.007372
0.008022
0.000173
0.006807
0.004088
0.009017
0.008789
0.006046
0.006592
0.003369
0.007368
0.001657
0.009728
0.007893
0.003959
0.006056
0.008877
0.004891
0.005649
0.003102
0.001563
0.005664
0.000391
0.005740
0.000962
0.002500
0.001822
0.009964
0.009213
0.009107
0.000773
0.006585
0.007129
0.000937
0.003392
0.001217
0.009944
0.002181
0.007253
0.006536
0.005540
0.004621
0.008183
0.005268
0.002514
0.002142
0.001325
0.001391
0.007023
0.006963
0.004484
0.008575
0.002627
0.004865
0.004315
0.003579
0.007355
0.006127
0.003544
0.006567
0.005235
0.004307
0.003152
0.002364
0.005234
0.006534
0.003571
0.005178
0.008705
0.000824
0.001714
0.004245
0.005435
0.009886
0.009503
0.007939
0.002028
0.000828
0.009320
0.009041
0.007781
0.003804
0.007616
0.000408
0.008659
0.001931
0.003977
0.006014
0.008049
0.007511
0.002581
0.003283
0.001818
0.005723
0.005637
0.007042
0.002257
0.009198
0.002220
0.000963
0.000022
0.003924
0.005197
0.005447
0.003810
0.004701
0.003386
0.005829
0.005518
0.002706
0.004870
0.003299
0.006500
0.002486
0.003697
0.005159
0.004407
0.007665
0.001173
0.002455
0.005176
0.003744
0.005729
0.006984
0.009457
0.001366
0.004026
0.001715
0.000563
0.006236
0.002667
0.000575
0.000160
0.007855
0.006012
0.003960
0.002556
0.009387
0.009779
0.008064
0.002093
0.004649
0.001363
0.008584
0.007124
0.005050
0.003743
0.001531
0.002715
0.004906
0.003976
0.007880
0.008640
0.009695
0.004864
0.008097
0.001061
0.008880
0.009802
0.001614
0.005116
0.002470
0.002179
0.005266
0.000324
0.008180
0.009216
0.002870
0.007568
0.008995
0.000934
0.009651
0.003643
0.002287
0.008235
0.000767
0.007327
0.001978
0.002288
0.000041
0.006873
0.006255
0.007912
0.005513
0.005950
0.002776
0.003610
0.007001
0.001656
0.003412
0.008604
0.006762
0.005872
0.000783
0.002027
0.006186
0.008954
0.001243
0.009046
0.006521
0.000238
0.009970
0.006173
0.003871
0.002256
0.004408
0.004629
0.009573
0.006375
0.006907
0.009605
0.003249
0.003162
0.007516
0.008752
0.009102
0.000292
0.002362
0.006103
0.001938
0.005765
0.004707
0.008690
0.001636
0.005480
0.000717
0.007813
0.004434
0.001951
0.006859
0.000955
0.002179
0.006829
0.007118
0.006040
0.009075
0.001526
0.000669
