0.003376
0.007731
0.008390
0.002850
0.003450
0.007701
0.008348
0.009777
0.009383
0.004262
0.008051
0.004487
0.007076
0.007188
0.009012
0.002460
0.006616
0.002213
0.002583
0.002272
0.002943
0.004850
0.001670
0.005984
0.006983
0.007542
0.004786
0.000512
0.007860
0.004258
0.000098
0.001236
0.001989
0.008478
0.004076
0.005429
0.006179
0.002424
0.005206
0.005562
0.006676
0.003257
0.000049
0.003752
0.000445
0.009051
0.006203
0.007051
0.001265
0.008776
0.009313
0.004197
0.003626
0.000983
0.000181
0.000609
0.008515
0.004957
0.001111
0.006375
0.009205
0.001199
0.007602
0.001193
0.009667
0.001678
0.006612
0.005846
0.004092
0.001818
0.001408
0.000768
0.005065
0.001447
0.004510
0.005500
0.000498
0.000713
0.002551
0.001753
0.009478
0.001864
0.005940
0.003104
0.002837
0.006111
0.003703
0.001352
0.001068
0.004803
0.007717
0.000273
0.005992
0.005319
0.001456
0.005659
0.006986
0.008058
0.001505
0.001078
0.009866
0.002903
0.001836
0.004931
0.004340
0.006337
0.000431
0.004828
0.007039
0.002972
0.006571
0.006518
0.004827
0.002510
0.009612
0.007654
0.008611
0.003314
0.008996
0.009669
0.008108
0.006713
0.009932
0.004100
0.002032
0.001388
0.009749
0.009008
0.009436
0.001254
0.000086
0.009302
0.004147
0.001912
0.004234
0.008477
0.008239
0.004655
0.003305
0.005278
0.007617
0.009865
0.001796
0.002444
0.002376
0.001408
0.000098
0.000987
0.004712
0.009084
0.000657
0.002820
0.005797
0.000589
0.006910
0.007818
0.001967
0.006659
0.006826
0.001403
0.007903
0.006902
0.000705
0.002050
0.008805
0.004929
0.000527
0.007044
0.009574
0.003821
0.002322
0.007191
0.003687
0.004108
0.009625
0.006053
0.005505
0.009712
0.007030
0.000217
0.008796
0.007677
0.003027
0.004593
0.008255
0.009927
0.002411
0.000222
0.006586
0.009228
0.001615
0.004489
0.006130
0.002310
0.006529
0.004935
0.007228
0.007046
0.001979
0.006802
0.000867
0.004290
0.003993
0.004544
0.008388
0.003617
0.000597
0.003894
0.003330
0.007617
0.004101
0.002126
0.005294
0.007118
0.006709
0.003549
0.007045
0.009110
0.003761
0.003630
0.008338
0.005365
0.008109
0.004468
0.007665
0.004638
0.009393
0.004893
0.001684
0.001372
0.001695
0.002541
0.005652
0.005678
0.007074
0.004040
0.009285
0.007661
0.007924
0.002615
0.005278
0.002025
0.004731
0.000572
0.009132
0.001440
0.004111
0.006177
0.000550
0.007862
0.009797
0.008878
0.003227
0.007907
0.003346
0.000892
0.002545
0.002739
0.005776
0.004218
0.004101
0.007461
0.006749
0.009743
0.003139
0.003823
0.003783
0.002424
0.001485
0.001707
0.005029
0.006753
0.003722
0.009751
0.007315
0.002854
0.001190
0.001426
0.009021
0.001731
0.009277
0.008819
0.000609
0.002505
0.006725
0.003945
0.003387
0.009260
0.006675
0.009152
0.003478
0.000776
0.006613
0.000227
0.000519
0.009742
0.004041
0.004292
0.002167
0.005516
0.005989
0.007186
0.002269
0.009701
0.006937
0.009573
0.002555
0.008117
0.000999
0.001576
0.009838
0.000277
0.000395
0.000447
0.002771
0.007110
0.004382
0.006148
0.006370
0.001057
0.005300
0.009838
0.001823
0.001913
0.000066
0.002331
0.001656
0.004097
0.006613
0.003813
0.009602
0.002602
0.000999
0.001871
0.002303
0.007926
0.001444
0.004848
0.006043
0.002433
0.006414
0.005881
0.002700
0.006799
0.006318
0.005461
0.003909
0.000700
0.001609
0.000279
0.001747
0.006899
0.000117
0.003560
0.008802
0.000173
0.005881
0.000458
0.004260
0.002494
0.004261
0.003862
0.005087
0.005249
0.005723
0.007380
0.003175
0.007157
0.002228
0.009208
0.009580
0.008632
0.005089
0.002280
0.005431
0.001407
0.007731
0.009330
0.002097
0.009330
0.009599
0.003834
0.006229
0.009706
0.007384
0.005031
0.009869
0.003265
0.005479
0.004128
0.005749
0.009729
0.007980
0.000836
0.004979
0.003703
0.008206
0.008144
0.000860
0.000434
0.007352
0.000441
0.009057
0.002441
0.002711
0.004488
0.003838
0.000442
0.003818
0.005925
0.009761
0.003417
0.009749
0.005990
0.003122
0.007133
0.001020
0.002991
0.000398
0.006489
0.007109
0.006137
0.006218
0.005090
0.006963
0.001197
0.008783
0.005169
0.009330
0.009633
0.005594
0.006682
0.000074
0.004650
0.009113
0.002774
0.009128
0.002950
0.003206
0.002946
0.008865
0.002967
0.006353
0.008614
0.008947
0.009465
0.005746
0.009957
0.002456
0.006134
0.006446
0.009555
0.002270
0.002664
0.004645
0.009224
0.003851
0.003428
0.004393
0.003182
0.003061
0.009977
0.009854
0.003125
0.004627
0.008966
0.005889
0.003755
0.001917
0.009085
0.006692
0.000782
0.002052
0.003045
0.009385
0.000999
0.002510
0.005131
0.000956
0.004956
0.001265
0.007392
0.004511
0.003525
0.000056
0.009146
0.002749
0.003898
0.002574
0.007132
0.007069
0.005625
0.007108
0.006923
0.008740
0.001735
0.005889
0.004629
0.005481
0.007796
0.003714
0.002172
0.008568
0.005756
0.005207
0.007953
0.006745
0.007707
0.003084
0.007691
0.002662
0.004339
0.005083
0.007163
0.007854
0.005130
0.006309
0.000603
0.009017
0.008873
0.007725
0.006086
0.004498
0.004833
0.003009
0.003238
0.006558
0.008888
0.007857
0.002039
0.006684
0.001571
0.004202
0.005252
0.007318
0.009399
0.003205
0.004063
0.007105
0.006279
0.001754
0.009758
0.000618
0.006827
0.006921
0.008462
0.001957
0.003231
0.009056
0.000974
0.002104
0.006780
0.007051
0.006592
0.001614
0.000060
0.009820
0.008162
0.008938
0.007678
0.000201
0.005622
0.009239
0.004393
0.000874
0.006557
0.003791
0.004069
0.000620
0.000897
0.000348
0.002364
0.000654
0.000956
0.009181
0.007565
0.009408
0.001139
0.000796
0.008464
0.002103
0.002890
0.005244
0.009143
0.009472
0.006848
0.009193
0.009293
0.005010
0.008131
0.006970
0.005201
0.003753
0.006210
0.009583
0.004616
0.002767
0.003375
0.008675
0.003377
0.004261
0.009013
0.005731
0.004906
0.009958
0.004912
0.002471
0.009366
0.006041
0.003257
0.007830
0.008134
0.006137
0.003074
0.007277
0.005610
0.009911
0.006470
0.004902
0.004921
0.004601
0.001873
0.000122
0.008344
0.008072
0.009695
0.002960
0.000839
0.003070
0.001635
0.004206
0.007321
0.000648
0.009926
0.002227
0.000606
0.004839
0.004688
0.009962
0.000879
0.007935
0.007792
0.009003
0.004072
0.000866
0.006280
0.009672
0.000777
0.002750
0.004574
0.005688
0.007341
0.006437
0.005799
0.005685
0.004510
0.005494
0.008635
0.005339
0.008554
0.000271
0.009534
0.005875
0.000909
0.009461
0.008092
0.001505
0.004300
0.002780
0.001467
0.005169
0.000715
0.009249
0.004172
0.004778
0.000115
0.000452
0.004450
0.000882
0.003193
0.009014
0.006560
0.000534
0.005451
0.002359
0.006209
0.009951
0.007844
0.004845
0.005289
0.006398
0.005106
0.004824
0.002273
0.006004
0.004285
0.000365
0.007499
0.008574
0.003135
0.008956
0.003743
0.003841
0.008205
0.007906
0.008608
0.008309
0.008348
0.003058
0.009181
0.001541
0.002072
0.005741
0.002065
0.007513
0.008090
0.008264
0.007463
0.005934
0.003109
0.002753
0.002332
0.008205
0.007567
0.004595
0.004209
0.001852
0.004951
0.001708
0.000426
0.008076
0.000663
0.004160
0.001917
0.008858
0.002065
0.000525
0.007167
0.000413
0.003572
0.006349
0.001944
0.005634
0.002090
0.003999
0.003147
0.000180
0.002263
0.000610
0.006104
0.005362
0.003353
0.008427
0.003567
0.000920
0.003022
0.007766
0.002761
0.007963
0.009464
0.003177
0.006039
0.000127
0.007327
0.007945
0.008975
0.009382
0.008460
0.006142
0.009785
0.002033
0.002490
0.001729
0.007657
0.004570
0.005718
0.000803
0.004740
0.007971
0.001403
0.000845
0.003334
0.004746
0.009262
0.006891
0.005656
0.002284
0.004657
0.008407
0.000246
0.004121
0.001585
0.006275
0.004238
0.008902
0.004220
0.003212
0.008284
0.002680
0.009344
0.008069
0.004703
0.001835
0.009789
0.002360
0.006395
0.005507
0.003153
0.001135
0.003478
0.004546
0.001970
0.006802
0.009282
0.001232
0.003693
0.004938
0.003505
0.008341
0.003346
0.003742
0.002462
0.004920
0.000016
0.006689
0.003822
0.004227
0.009892
0.002106
0.006897
0.009236
0.000175
0.001600
0.001071
0.009954
0.003950
0.007456
0.005461
0.007092
0.008581
0.008929
0.001639
0.000552
0.005731
0.000921
0.001773
0.009414
0.005849
0.005269
0.007755
0.009185
0.009000
0.000216
0.004105
0.009007
0.006896
0.007917
0.003233
0.006788
0.000023
0.000131
0.006024
0.000188
0.001721
0.007085
0.000142
0.005660
0.004541
0.005593
0.002753
0.003122
0.004522
0.004381
0.003664
0.000253
0.005292
0.005427
0.009657
0.001142
0.000696
0.007412
0.000326
0.009686
0.007619
0.004421
0.008693
0.004515
0.002338
0.001926
0.001302
0.002351
0.002047
0.007316
0.002529
0.003758
0.004401
0.002661
0.009408
0.008932
0.008244
0.002161
0.002054
0.002766
0.006532
0.005708
0.003009
0.001825
0.001135
0.002666
0.002956
0.001821
0.000078
0.003272
0.001507
0.007687
0.007684
0.000200
0.002202
0.000022
0.002116
0.003494
0.002362
0.004153
0.000810
0.004881
0.007901
0.005201
0.007532
0.007309
0.004133
0.005776
0.009460
0.006177
0.008531
0.005992
0.001884
0.001540
0.007807
0.003009
0.004196
0.000763
0.004820
0.004264
0.004025
0.006317
0.001951
0.001709
0.006506
0.004143
0.001720
0.008612
0.007626
0.004073
0.002766
0.008426
0.008944
0.000667
0.003627
0.006476
0.007966
0.007750
0.002252
0.007426
0.003927
0.000783
0.003418
0.005801
0.002313
0.001225
0.008801
0.006499
0.001978
0.003620
0.000763
0.005993
0.009927
0.002704
0.007692
0.006433
0.006837
0.009402
0.005046
0.004463
0.003475
0.007801
0.002889
0.002419
0.008458
0.006507
0.008885
0.006424
0.004257
0.001137
0.003850
0.008174
0.001910
0.007258
0.003976
0.004213
0.008473
0.002776
0.000711
0.000451
0.006387
0.001464
0.006434
0.006314
0.004158
0.004125
0.002747
0.000994
0.003527
0.007783
0.005447
0.006992
0.005584
0.008327
0.009402
0.004042
0.004834
0.008287
0.000466
0.009081
0.009414
0.004306
0.007255
0.001323
0.001564
0.001231
0.005526
0.000037
0.003997
0.006227
0.000478
0.000384
0.007681
0.006901
0.006687
0.001839
0.001027
0.009424
0.002823
0.004544
0.007207
0.008260
0.001537
0.002791
0.006587
0.000938
0.006823
0.001421
0.009215
0.007279
0.000502
0.008628
0.001585
0.007747
0.009942
0.003140
0.008968
0.005468
0.003167
0.002965
0.001694
0.003635
0.003339
0.009365
0.000536
0.000026
0.001204
0.001553
0.009440
0.004017
0.006087
0.006647
0.002277
0.007613
0.009428
0.008855
0.008541
0.006251
0.000276
0.007756
0.003530
0.000768
0.006385
0.005106
0.008505
0.006326
0.008235
0.007473
0.001794
0.001402
0.000438
0.003478
0.005027
0.003767
0.002844
0.005553
0.003783
0.004038
0.007095
0.003223
0.008044
0.003182
0.009860
0.000322
0.000795
0.009288
0.009166
0.009326
0.005539
0.009432
0.007083
0.009060
0.000200
0.003468
0.004165
0.008695
0.009784
0.002401
0.006169
0.001578
0.003793
0.006597
0.005047
0.008809
0.000363
0.007880
0.004362
0.004136
0.001918
0.001457
0.007350
0.009952
0.004629
0.007210
0.000274
0.005414
0.006499
0.009431
0.004740
0.002038
0.008863
0.001823
0.001097
0.009053
0.005280
0.005253
0.007749
0.005064
0.007643
0.003917
0.006633
0.001436
0.000514
0.001679
0.000245
0.000867
0.009549
0.004597
0.004994
0.001467
0.006044
0.002344
0.001420
0.000672
0.009544
0.001684
0.006076
0.006042
0.001114
0.000816
0.008070
0.009967
0.002628
0.009158
0.009021
0.007899
0.004410
0.006769
0.002963
0.002054
0.000687
0.009586
0.003480
0.001190
0.001265
0.003715
0.002048
0.000814
0.008301
0.007032
0.002272
0.004345
0.009365
0.003681
0.005007
0.008909
0.005355
0.001083
0.004952
0.006459
0.001889
0.003022
0.006427
0.004507
0.002180
0.005447
0.002406
0.006580
0.002217
0.005359
0.008624
0.002893
0.004945
0.002103
0.004074
0.006200
0.005808
0.006112
0.007005
0.004110
0.003144
0.009266
0.008445
0.002509
0.002948
0.003452
0.001418
0.008293
0.004525
0.006360
0.004752
0.006403
0.009372
0.001179
0.000911
0.001551
0.006616
0.003307
0.008121
0.008823
0.008656
0.006745
0.001717
0.003601
0.008839
0.005781
0.009791
0.004647
0.001892
0.006796
0.008746
0.005026
0.006062
0.007191
0.007525
0.009000
0.000643
0.008933
0.007292
0.005158
0.005292
0.002044
0.001561
0.004664
0.003213
0.002462
0.006205
0.009820
0.005758
0.004327
0.008643
0.004414
0.001072
0.000360
0.008005
0.009901
0.006130
0.007796
0.004548
0.008013
0.004592
0.003294
0.003039
0.000655
0.000485
0.000563
0.009644
0.001118
0.009486
0.006936
0.006266
0.004779
0.008971
0.007817
0.009433
0.002184
0.000279
0.005638
0.002004
0.006027
0.009955
0.000647
0.000441
0.001027
0.000996
0.008436
0.000928
0.007117
0.006232
0.005466
0.005129
0.000825
0.008751
0.008158
0.001469
0.009226
0.008712
0.001114
0.000344
0.008198
0.008040
0.006600
0.002977
0.007011
0.004417
0.002409
0.009185
0.004686
0.008037
0.001189
0.000713
0.007992
0.001826
0.001143
0.009009
0.002812
0.009569
0.009928
0.009919
0.005802
0.005394
0.005048
0.006617
0.004144
0.003206
0.008076
0.003370
0.001918
0.009180
0.003704
0.000116
0.007220
0.000305
0.003082
0.004231
0.004712
0.005482
0.003416
0.009388
0.003519
0.004595
0.000100
0.001511
0.006410
0.001234
0.000521
0.009212
0.000803
0.000448
0.009131
0.006595
0.005832
0.004179
0.003212
0.009966
0.007375
0.001288
0.003336
0.009283
0.000468
0.007030
0.009389
0.007678
0.007325
0.002471
0.001909
0.002037
0.007942
0.005315
0.001424
0.001461
0.009900
0.001514
0.002963
0.006311
0.002738
0.003473
0.005523
0.003531
0.003911
0.004654
0.000126
0.009733
0.008823
0.003328
0.009699
0.006199
0.004606
0.003035
0.005482
0.005064
0.000066
0.004871
0.002743
0.007381
0.007332
0.004642
0.009407
0.005274
0.009947
0.000831
0.006725
0.009847
0.002336
0.009678
0.006158
0.005064
0.003151
0.001681
0.008585
0.007053
0.006325
0.008701
0.006786
0.005148
0.002029
0.006485
0.001347
0.006626
0.009510
0.006819
0.001690
0.009566
0.001690
0.004423
0.006946
0.009011
0.009055
0.006353
0.004285
0.009002
0.007175
0.001010
0.008849
0.009500
0.000688
0.005007
0.004564
0.003830
0.006677
0.003149
0.000882
0.003002
0.001850
0.007658
0.008141
0.003869
0.004143
0.009478
0.000495
0.003653
0.006297
0.002175
0.003218
0.007976
0.006587
0.000165
0.006987
0.005642
0.006508
0.001272
0.004644
0.003683
0.002273
0.003492
0.003183
0.002951
0.008489
0.007737
0.006771
0.005166
0.000886
0.007643
0.008159
0.002725
0.005301
0.006299
0.006584
0.009434
0.005777
0.007069
0.003086
0.002074
0.009234
0.006295
0.000050
0.005821
0.006449
0.007027
0.001463
0.002957
0.008290
0.006097
0.006630
0.000563
0.009579
0.009803
0.003504
0.008068
0.007540
0.000275
0.003234
0.008415
0.007908
0.001393
0.001141
0.003208
0.007682
0.007715
0.002642
0.003459
0.004784
0.005718
0.005523
0.004018
0.002013
0.005563
0.009829
0.008452
0.002590
0.001292
0.001410
0.000880
0.007379
0.008030
0.001433
0.006957
0.007833
0.004927
0.005025
0.005372
0.005191
0.008249
0.003787
0.003099
0.009632
0.004918
0.006297
0.007314
0.002633
0.008929
0.000774
0.007407
0.004647
0.006286
0.001424
0.006650
0.001849
0.001253
0.005103
0.004429
0.002535
0.006502
0.005299
0.009904
0.004532
0.006722
0.006861
0.002365
0.001648
0.001886
0.007727
0.006829
0.000136
0.001514
0.009918
0.009758
0.006422
0.006216
0.007073
0.009045
0.005145
0.007836
0.006452
0.009782
0.004122
0.007866
0.006433
0.005962
0.009110
0.001535
0.000391
0.001645
0.008028
0.005680
0.001549
0.002560
0.002402
0.008400
0.004915
0.004040
0.000286
0.002642
0.000869
0.000412
0.004146
0.000788
0.000170
0.000568
0.006993
0.007233
0.009603
0.002138
0.005069
0.006055
0.001920
0.009182
0.003921
0.008343
0.005143
0.003031
0.009868
0.005524
0.004666
0.007896
0.001204
0.006205
0.000456
0.003596
0.004605
0.005360
0.007626
0.004881
0.007992
0.008485
0.005283
0.002138
0.009263
0.005444
0.002696
0.006256
0.002677
0.002299
0.008384
0.007736
0.008344
0.000304
0.006917
0.002266
0.008637
0.002061
0.005287
0.008505
0.007575
0.009943
0.006400
0.008769
0.006148
0.006846
0.002365
0.000752
0.002206
0.009981
0.005623
0.000198
0.008466
0.000906
0.002326
0.007729
0.006340
0.005012
0.003985
0.009006
0.007301
0.002369
0.006742
0.005645
0.002663
0.003659
0.007901
0.001300
0.005710
0.003188
0.009795
0.003285
0.003131
0.006195
0.002054
0.009268
0.003041
0.004408
0.000020
0.005237
0.004389
0.005633
0.005425
0.002855
0.006530
0.007741
0.000583
0.002869
0.002752
0.004558
0.001876
0.000053
0.006917
0.008608
0.005688
0.009570
0.002267
0.003589
0.000870
0.007967
0.006767
0.000664
0.001252
0.009888
0.006849
0.003296
0.009156
0.009880
0.007694
0.009166
0.005117
0.002083
0.004800
0.000542
0.004928
0.001329
0.008272
0.005501
0.004189
0.001025
0.000059
0.006054
0.001068
0.006966
0.004662
0.006746
0.006536
0.006919
0.000335
0.007396
0.004886
0.007092
0.008050
0.006128
0.006979
0.004900
0.009414
0.006135
0.004780
0.007108
0.005302
0.009887
0.009181
0.000101
0.000428
0.004109
0.001421
0.008691
0.009600
0.005599
0.009705
0.009649
0.001653
0.000773
0.006615
0.006305
0.007509
0.003152
0.003224
0.007833
0.000548
0.008100
0.004925
0.008588
0.004228
0.001904
0.003488
0.003642
0.008029
0.008258
0.000750
0.003331
0.008144
0.009921
0.003422
0.008563
0.004031
0.004833
0.007253
0.003631
0.000432
0.006959
0.003280
0.002075
0.007722
0.009886
0.008370
0.005230
0.003037
0.001594
0.003064
0.003575
0.009684
0.007979
0.002163
0.003912
0.009873
0.005641
0.007544
0.007902
0.003898
0.008284
0.001234
0.002043
0.008206
0.004646
0.000605
0.002236
0.009469
0.007849
0.005857
0.009891
0.004807
0.009127
0.001966
0.002529
0.009012
0.000336
0.007749
0.002050
0.001920
0.000813
0.005614
0.001604
0.008781
0.007767
0.005506
0.008654
0.003408
0.003050
0.006557
0.007296
0.001334
0.007780
0.009329
0.009530
0.002426
0.009924
0.001766
0.001895
0.007773
0.007613
0.001786
0.002580
0.006740
0.003742
0.005099
0.005752
0.004068
0.002848
0.007792
0.005978
0.003650
0.003406
0.007572
0.002432
0.001173
0.003078
0.001086
0.004571
0.006118
0.007633
0.001867
0.007443
0.005414
0.001196
0.006973
0.007830
0.001120
0.008729
0.009715
0.008882
0.006342
0.001501
0.001462
0.003081
0.005232
0.006551
0.008824
0.009290
0.009388
0.006616
0.005268
0.003039
0.000022
0.002840
0.005461
0.001185
0.005908
0.006537
0.005746
0.002026
0.004170
0.007603
0.009459
0.009574
0.008789
0.006432
0.007404
0.009898
0.005160
0.007119
0.008780
0.001502
0.008610
0.000242
0.004573
0.003842
0.006783
0.003397
0.003133
0.006171
0.000013
0.008391
0.009200
0.000025
0.001231
0.004661
0.001200
0.007129
0.001198
0.006936
0.009146
0.005358
0.004539
0.008605
0.004932
0.003327
0.005036
0.002336
0.003225
0.000197
0.009445
0.002005
0.001689
0.008055
0.002237
0.006252
0.001897
0.009010
0.009639
0.005020
0.005181
0.009642
0.003411
0.004381
0.009657
0.004632
0.009031
0.000856
0.001761
0.000229
0.007782
0.000907
0.005577
0.002321
0.009502
0.000509
0.005638
0.004538
0.002835
0.008853
0.004725
0.002280
0.000858
0.006403
0.000335
0.003086
0.002655
0.002222
0.002096
0.002294
0.007232
0.007267
0.001936
0.000643
0.001647
0.001593
0.005265
0.000679
0.002439
0.007016
0.000898
0.000221
0.007913
0.006464
0.002532
0.007415
0.006963
0.008159
0.001953
0.009788
0.007012
0.006668
0.002068
0.007861
0.003072
0.002393
0.000946
0.005717
0.004605
0.003032
0.008001
0.001837
0.000298
0.009928
0.002470
0.001936
0.001520
0.007725
0.002604
0.003950
0.004742
0.003492
0.004161
0.002655
0.009946
0.006683
0.000070
0.006909
0.004842
0.002013
0.006697
0.001855
0.008671
0.008755
0.009705
0.001743
0.001148
0.000651
0.007450
0.005743
0.003673
0.005451
0.007570
0.003961
0.005379
0.000040
0.005887
0.006889
0.007756
0.008481
0.000839
0.002497
0.001973
0.004990
0.005142
0.001919
0.001673
0.005201
0.008819
0.006505
0.007204
0.005516
0.008349
0.005875
0.004270
0.008055
0.007608
0.005408
0.008696
0.005058
0.001150
0.002369
0.000509
0.008710
0.006320
0.005878
0.008741
0.002207
0.002767
0.006496
0.000688
0.003596
0.008983
0.002651
0.008576
0.004125
0.004561
0.000249
0.009317
0.003379
0.006744
0.006521
0.008885
0.005093
0.002396
0.003155
0.003148
0.009995
0.008553
0.001843
0.005053
0.009694
0.004202
0.005552
0.008404
0.000522
0.001430
0.007144
0.002719
0.004187
0.003641
0.003397
0.007773
0.002624
0.006038
0.006349
0.006740
0.000599
0.006588
0.006056
0.003968
0.003332
0.002577
0.002853
0.008415
0.004964
0.005998
0.001563
0.004958
0.004551
0.003397
0.000011
0.004245
0.007589
0.005553
0.002649
0.008101
0.006972
0.009783
0.000819
0.001159
0.003424
0.004206
0.008922
0.006038
0.000244
0.005271
0.002777
0.000833
0.001860
0.008824
0.004791
0.005182
0.001401
0.007634
0.003597
0.006355
0.003632
0.005150
0.001313
0.008174
0.008537
0.001314
0.002418
0.006126
0.006857
0.005057
0.004226
0.003829
0.004840
0.005036
0.004978
0.008253
0.009232
0.003900
0.004291
0.009466
0.009161
0.007059
0.000299
0.001021
0.005882
0.005081
0.006193
0.007273
0.002715
0.009780
0.003628
0.006337
0.004930
0.004931
0.004511
0.003467
0.006236
0.006919
0.009583
0.003093
0.001976
0.003809
0.006912
0.006805
0.008835
0.001890
0.005059
0.008067
0.005780
0.009340
0.007533
0.004942
0.006398
0.007822
0.005953
0.002281
0.002903
0.002145
0.009544
0.005608
0.001925
0.003172
0.001945
0.006845
0.008093
0.006445
0.000312
0.004329
0.003364
0.009884
0.007412
0.005330
0.003693
0.004324
0.002135
0.002528
0.006204
0.007184
0.000595
0.001984
0.006524
0.008118
0.006916
0.002922
0.005940
0.002869
0.005193
0.008833
0.005004
0.004737
0.004440
0.006919
0.007898
0.006375
0.003764
0.005992
0.002821
0.004066
0.000321
0.006175
0.003950
0.007723
0.001505
0.007634
0.002047
0.003630
0.000162
0.008241
0.000814
0.000747
0.000225
0.007327
0.008855
0.007131
0.000249
0.004795
0.009990
0.005432
0.003628
0.004994
0.000169
0.008058
0.001914
0.008057
0.004433
0.005668
0.004049
0.007244
0.009724
0.004360
0.003419
0.003674
0.002083
0.004913
0.001308
0.004120
0.008533
0.001460
0.002361
0.009336
0.002197
0.002576
0.006664
0.001052
0.009697
0.006903
0.005837
0.009687
0.002335
0.009454
0.004682
0.002494
0.007512
0.006585
0.000551
0.001946
0.002253
0.004590
0.009180
0.001977
0.008940
0.002598
0.005642
0.001023
0.007501
0.006940
0.005132
0.006034
0.008390
0.007483
0.005371
0.000587
0.000059
0.002034
0.001629
0.009746
0.008927
0.007456
0.009433
0.001263
0.006910
0.004115
0.003747
0.004422
0.000701
0.004288
0.006358
0.002944
0.008868
0.005538
0.004911
0.007808
0.008126
0.000553
0.008820
0.005627
0.007483
0.003953
0.001662
0.005873
0.001436
0.007023
0.006450
0.001484
0.009047
0.008069
0.001230
0.007974
0.005524
0.000664
0.009227
0.002434
0.004769
0.002974
0.006847
0.005459
0.007252
0.003205
0.008393
0.006120
0.008732
0.003304
0.003928
0.006858
0.003847
0.002748
0.002486
0.001330
0.006691
0.004138
0.007192
0.008117
0.001160
0.003642
0.009591
0.000207
0.001711
0.000821
0.008171
0.007225
0.001475
0.007399
0.009649
0.006234
0.000373
0.006496
0.001693
0.007614
0.009690
0.000087
0.003734
0.008423
0.003381
0.007652
0.005281
0.007218
0.000400
0.007757
0.008538
0.007081
0.001894
0.005730
0.005198
0.003045
0.009362
0.004789
0.003242
0.001073
0.005600
0.001413
0.008288
0.007065
0.008802
0.007937
0.003299
0.009164
0.004433
0.004982
0.006779
0.004123
0.005059
0.000513
0.002545
0.008430
0.008155
0.007816
0.005648
0.008545
0.005573
0.004186
0.005626
0.007458
0.009906
0.000824
0.000502
0.009268
0.005602
0.003734
0.000340
0.001202
0.005137
0.008618
0.008257
0.003938
0.006555
0.001556
0.003102
0.000987
0.006528
0.009871
0.005100
0.001586
0.000384
0.007636
0.000016
0.008529
0.005452
0.005654
0.007074
0.001025
0.009830
0.002700
0.008473
0.009735
0.003514
0.008965
0.009003
0.009107
0.002698
0.009333
0.000309
0.007825
0.007951
0.008556
0.001763
0.004506
0.000112
0.004855
0.005483
0.006630
0.004726
0.000584
0.008206
0.005100
0.008209
0.008212
0.003629
0.003661
0.003866
0.000702
0.004677
0.003696
0.003393
0.003149
0.003431
0.006897
0.002114
0.002434
0.006003
0.004802
0.001768
0.006302
0.002627
0.009709
0.004858
0.004381
0.004215
0.004960
0.009226
0.009689
0.001589
0.003952
0.000272
0.009785
0.009042
0.008472
0.007997
0.002670
0.002133
0.001864
0.003363
0.006800
0.005549
0.006745
0.009939
0.008971
0.003642
0.002053
0.001405
0.009635
0.006846
0.003163
0.005937
0.009463
0.002872
0.000795
0.003844
0.007077
0.005745
0.003070
0.006766
0.007324
0.007012
0.007028
0.007109
0.006054
0.005500
0.005107
0.008714
0.007623
0.006960
0.002077
0.004423
0.002510
0.008812
0.004362
0.001480
0.002454
0.006405
0.002875
0.002089
0.003251
0.006028
0.008016
0.002714
0.008890
0.008801
0.006548
0.005967
0.004546
0.009608
0.002733
0.001870
0.006619
0.009751
0.008969
0.002673
0.005251
0.004076
0.001387
0.002875
0.001036
0.003453
0.007288
0.003536
0.002266
0.001650
0.005007
0.004710
0.008045
0.007872
0.006789
0.001296
0.003900
0.004805
0.004000
0.002791
0.003606
0.000548
0.008748
0.008143
0.000156
0.001481
0.000013
0.006765
0.001233
0.008972
0.009427
0.006474
0.003048
0.000814
0.009339
0.004075
0.004257
0.006626
0.007601
0.006513
0.008266
0.002608
0.001222
0.006311
0.000480
0.008001
0.007596
0.004370
0.002806
0.001597
0.007151
0.006403
0.002135
0.005899
0.004545
0.002280
0.007370
0.004548
0.009035
0.008593
0.003520
0.008462
0.005067
0.006558
0.009266
0.004405
0.000633
0.003524
0.001032
0.008224
0.000036
0.009287
0.000832
0.001249
0.005598
0.001302
0.009240
0.003195
0.005662
0.002046
0.004781
0.002813
0.008439
0.006906
0.008702
0.002984
0.009176
0.006072
0.007522
0.008211
0.004665
0.001042
0.006673
0.009721
0.007590
0.005940
0.004127
0.008213
0.009453
0.005149
0.006438
0.009480
0.004436
0.007260
0.000729
0.000034
0.008552
0.009959
0.003219
0.004214
0.002005
0.007990
0.007017
0.000444
0.004896
0.005720
0.003418
0.004072
0.001792
0.000940
0.002283
0.006446
0.001972
0.008946
0.006168
0.009552
0.004885
0.000295
0.007765
0.004338
0.005433
0.004203
0.003818
0.009859
0.001463
0.004537
0.009884
0.000015
0.004495
0.003102
0.004219
0.006491
0.001092
0.001236
0.006925
0.005978
0.006946
0.000342
0.000049
0.008727
0.001272
0.002322
0.005174
0.003234
0.001268
0.001342
0.002786
0.006143
0.001626
0.000551
0.000482
0.007050
0.004744
0.004290
0.006909
0.006197
0.008816
0.006793
0.006202
0.003312
0.009885
0.000420
0.009792
0.000977
0.001647
0.006717
0.006945
0.008582
0.007049
0.006984
0.007310
0.008311
0.009296
0.002484
0.001545
0.000564
0.003815
0.004321
0.006697
0.005432
0.004862
0.007168
0.002482
0.009596
0.001458
0.009381
0.005792
0.000274
0.006174
0.001994
0.003576
0.006059
0.002404
0.003368
0.007026
0.004041
0.000085
0.003971
0.002624
0.007124
0.000955
0.009924
0.005436
0.000251
0.002407
0.006971
0.000805
0.006213
0.001292
0.007492
0.001645
0.006144
0.004660
0.004117
0.005739
0.006108
0.003498
0.001532
0.006372
0.009662
0.003516
0.009938
0.005721
0.005910
0.003306
0.002747
0.009941
0.003381
0.006709
0.002565
0.000506
0.007654
0.002488
0.005931
0.007895
0.004886
0.002903
0.008690
0.001099
0.004184
0.006182
0.002733
0.000328
0.000842
0.006840
0.006057
0.006940
0.000338
0.007579
0.003312
0.009989
0.001095
0.003250
0.005710
0.006995
0.006546
0.008448
0.006936
0.009918
0.005157
0.009491
0.000423
0.002811
0.001979
0.006345
0.000706
0.006855
0.009238
0.009386
0.007944
0.003422
0.005568
0.000677
0.003740
0.006400
0.007508
0.009787
0.003340
0.007835
0.007366
0.006641
0.007825
0.008451
0.009881
0.003535
0.005445
0.006428
0.001983
0.002381
0.006345
0.007129
0.001872
0.006759
0.009930
0.003842
0.003104
0.000636
0.000697
0.002341
0.000022
0.008631
0.005753
0.005581
0.009298
0.009483
0.001981
0.006806
0.009270
0.005310
0.004641
0.006637
0.001951
0.002466
0.005087
0.001833
0.005991
0.000533
0.008250
0.007964
0.002904
0.004596
0.005094
0.004767
0.001355
0.005024
0.008598
0.004448
0.005650
0.009285
0.006780
0.005662
0.007916
0.002533
0.001243
0.007214
0.002016
0.003213
0.004020
0.001287
0.008513
0.008652
0.007913
0.000465
0.001117
0.003001
0.002288
0.007098
0.003524
0.000538
0.005063
0.006418
0.005124
0.000156
0.001185
0.006468
0.005170
0.009773
0.000917
0.000820
0.009058
0.007687
0.006472
0.006974
0.000220
0.007705
0.004189
0.002226
0.000918
0.008199
0.003503
0.009421
0.006851
0.001416
0.009876
0.007958
0.004407
0.002164
0.005056
0.007921
0.002692
0.000119
0.004339
0.007806
0.000265
0.005513
0.004274
0.005425
0.005286
0.005181
0.006234
0.004344
0.002868
0.002706
0.001318
0.003077
0.000410
0.005497
0.005293
0.001318
0.003696
0.008786
0.000740
0.000547
0.000202
0.000616
0.008495
0.004599
0.002770
0.003551
0.002520
0.005452
0.003660
0.006848
0.003258
0.003915
0.002362
0.007522
0.009330
0.007638
0.002703
0.005564
0.001982
0.005561
0.008260
0.003290
0.008628
0.008660
0.008777
0.003921
0.009969
0.002474
0.002707
0.000708
0.003010
0.002899
0.001314
0.001505
0.007488
0.004074
0.005046
0.009998
0.009516
0.008696
0.006846
0.002774
0.002611
0.009197
0.000295
0.001941
0.006835
0.002989
0.007495
0.008807
0.008539
0.005755
0.002097
0.007167
0.004415
0.000875
0.001088
0.004383
0.003338
0.003785
0.005082
0.006339
0.006674
0.006386
0.007833
0.004162
0.000460
0.002879
0.004159
0.009966
0.001575
0.001005
0.002739
0.004176
0.000203
0.003025
0.006107
0.007028
0.006003
0.003601
0.005835
0.004542
0.009346
0.007922
0.001709
0.003761
0.008787
0.002788
0.008134
0.002126
0.006563
0.003216
0.008454
0.003237
0.009592
0.006288
0.007388
0.000052
0.009157
0.001548
0.000017
0.000732
0.002543
0.002746
0.004898
0.002736
0.005761
0.001005
0.009754
0.001764
0.004597
0.005589
0.006296
0.003943
0.003512
0.007995
0.007693
0.002299
0.000783
0.005828
0.004414
0.007335
0.009034
0.002869
0.000572
0.008625
0.009146
0.007950
0.008667
0.008303
0.009488
0.008674
0.009025
0.002032
0.001420
0.003924
0.004758
0.007171
0.004919
0.004512
0.008924
0.009505
0.000101
0.005220
0.003448
0.003602
0.003216
0.001141
0.005891
0.003988
0.006959
0.000306
0.001324
0.005992
0.003164
0.001886
0.004618
0.002310
0.009826
0.003285
0.000614
0.009314
0.001959
0.009629
0.001346
0.003369
0.003552
0.006093
0.000540
0.008461
0.000605
0.009454
0.007966
0.000696
0.004674
0.001414
0.004288
0.007880
0.002545
0.000180
0.001868
0.009494
0.000475
0.003182
0.005486
0.003630
0.005058
0.000103
0.005930
0.004884
0.003378
0.006534
0.004198
0.005327
0.006163
0.005534
0.008685
0.009705
0.001627
0.009215
0.008166
0.002222
0.008669
0.006132
0.002908
0.003343
0.007536
0.007186
0.001223
0.000081
0.007356
0.003081
0.009565
0.007821
0.006253
0.005051
0.001451
0.001311
0.005144
0.007371
0.006185
0.008512
0.003905
0.000383
0.003839
0.000068
0.005906
0.002525
0.009763
0.007523
0.001739
0.007929
0.009735
0.000408
0.004061
0.002643
0.003742
0.001597
0.009819
0.004955
0.001668
0.007175
0.008026
0.001233
0.004997
0.004279
0.006274
0.006438
0.005581
0.001419
0.003809
0.001765
0.009921
0.007704
0.002138
0.003760
0.007762
0.008034
0.006275
0.007525
0.005557
0.008004
0.005453
0.005292
0.008403
0.009504
0.007925
0.002144
0.001101
0.007744
0.007089
0.002760
0.004919
0.005115
0.003983
0.009906
0.009384
0.000257
0.006344
0.004965
0.001666
0.000153
0.006720
0.001587
0.007847
0.008848
0.005337
0.005609
0.006882
0.001612
0.003134
0.002438
0.009606
0.008577
0.007720
0.008009
0.008081
0.005645
0.000153
0.009172
0.003389
0.007232
0.001932
0.008298
0.002347
0.005905
0.008203
0.001731
0.006152
0.004547
0.006686
0.007808
0.004690
0.003406
0.009385
0.002537
0.002254
0.004723
0.008136
0.009125
0.006325
0.001270
0.001564
0.005931
0.009837
0.009274
0.003940
0.007918
0.004919
0.004082
0.007091
0.008298
0.001314
0.009013
0.006596
0.003651
0.004918
0.004799
0.005372
0.001070
0.009336
0.002057
0.008868
0.004026
0.005453
0.008253
0.006553
0.007697
0.002976
0.004688
0.006823
0.009291
0.005948
0.008377
0.005222
0.005785
0.007651
0.009151
0.003703
0.002570
0.003233
0.000793
0.000868
0.004538
0.009796
0.007453
0.008178
0.004714
0.002253
0.003550
0.005773
0.001589
0.005597
0.004642
0.005604
0.001050
0.002895
0.002157
0.008738
0.005861
0.006835
0.005560
0.005152
0.002783
0.003937
0.000373
0.008558
0.001587
0.009515
0.002261
0.004147
0.002748
0.003045
0.005005
0.007275
0.002841
0.002458
0.005454
0.007544
0.004701
0.008993
0.003318
0.006279
0.004591
0.007949
0.001884
0.005631
0.000844
0.004031
0.004369
0.006696
0.000866
0.009919
0.001847
0.003640
0.003856
0.002211
0.002198
0.005433
0.001725
0.004449
0.009570
0.004463
0.007484
0.004575
0.001739
0.000325
0.007023
0.007183
0.007859
0.001724
0.006176
0.001177
0.007994
0.000766
0.009116
0.009867
0.006387
0.009950
0.003898
0.000756
0.006646
0.004754
0.000675
0.008483
0.008384
0.004520
0.000694
0.000582
0.009943
0.002409
0.005021
0.009514
0.006863
0.002505
0.004089
0.008592
0.002820
0.001112
0.005774
0.000679
0.002826
0.001950
0.001846
0.000820
0.002707
0.000961
0.000687
0.009084
0.000912
0.004575
0.009830
0.007547
0.009320
0.000505
0.006031
0.007704
0.005016
0.006715
0.008276
0.004959
0.009114
0.003297
0.004472
0.005977
0.005792
0.008551
0.004569
0.008602
0.009653
0.000343
0.009271
0.002479
0.002283
0.001116
0.003289
0.004980
0.002068
0.003966
0.004064
0.002970
0.008531
0.003894
0.000517
0.007851
0.004389
0.006538
0.005554
0.009394
0.003252
0.003830
0.004353
0.002366
0.007117
0.008816
0.008333
0.002909
0.007367
0.002902
0.001511
0.007020
0.003235
0.000782
0.009489
0.005507
0.001888
0.002777
0.000487
0.003946
0.006733
0.004541
0.006906
0.005264
0.008424
0.007413
0.003114
0.002813
0.003950
0.008659
0.002208
0.007192
0.002488
0.006551
0.009548
0.009595
0.005367
0.007882
0.002504
0.002734
0.000783
0.004005
0.009744
0.004008
0.004777
0.009232
0.009505
0.006655
0.002010
0.009982
0.000601
0.008733
0.004523
0.007496
0.003997
0.002947
0.004909
0.007101
0.005751
0.008849
0.005760
0.007949
0.006041
0.008238
0.004500
0.005590
0.007834
0.009857
0.003471
0.000338
0.002591
0.004245
0.004333
0.002334
0.008242
0.009099
0.001567
0.007748
0.005754
0.003567
0.007730
0.006345
0.002300
0.002253
0.003841
0.006286
0.005190
0.008741
0.003388
0.000941
0.007590
0.009138
0.008880
0.003631
0.007376
0.003379
0.009211
0.005210
0.003236
0.002682
0.005538
0.005817
0.006917
0.009860
0.008141
0.005159
0.008960
0.009698
0.002907
0.004714
0.003265
0.000637
0.001059
0.005554
0.002880
0.004890
0.001841
0.008060
0.003631
0.005219
0.008991
0.001220
0.004356
0.007871
0.004841
0.001733
0.001250
0.004052
0.006933
0.004476
0.006724
0.002470
0.000293
0.003641
0.002331
0.008425
0.008791
0.001290
0.008123
0.001698
0.005994
0.001388
0.002325
0.007042
0.006932
0.005194
0.001932
0.008763
0.003254
0.005553
0.003981
0.002245
0.006763
0.008328
0.000115
0.001604
0.000061
0.001355
0.005647
0.006983
0.005822
0.002371
0.009443
0.006105
0.006002
0.001774
0.004530
0.004793
0.003054
0.002653
0.006481
0.009038
0.004030
0.008795
0.006080
0.000962
0.003989
0.008003
0.009715
0.007233
0.003556
0.003697
0.009468
0.000319
0.002024
0.009574
0.001913
0.002075
0.000929
0.007550
0.009048
0.006741
0.009911
0.008492
0.002846
0.005913
0.000266
0.007366
0.000707
0.003310
0.000018
0.007177
0.002348
0.004039
0.005973
0.008418
0.004991
0.009952
0.006421
0.004706
0.007185
0.009967
0.008392
0.006654
0.000286
0.000417
0.006228
0.002190
0.002482
0.007147
0.009730
0.001530
0.003888
0.009641
0.000022
0.006724
0.005554
0.000277
0.004090
0.006251
0.003577
0.004098
0.003428
0.005915
0.008127
0.009391
0.004334
0.003118
0.009343
0.000755
0.007813
0.006528
0.000722
0.006206
0.003182
0.000998
0.006613
0.009399
0.003178
0.009085
0.006546
0.002908
0.000615
0.000435
0.002549
0.000626
0.007149
0.008093
0.000894
0.001239
0.004344
0.004461
0.005327
0.007763
0.000376
0.003454
0.007153
0.004700
0.006561
0.006496
0.005445
0.004375
0.003024
0.006157
0.000580
0.006196
0.007146
0.007183
0.005595
0.000324
0.006267
0.002142
0.003222
0.006872
0.002566
0.005761
0.007488
0.009705
0.003854
0.008372
0.000944
0.008189
0.002833
0.006261
0.005951
0.003200
0.009704
0.003105
0.007890
0.006265
0.009591
0.003335
0.000640
0.002615
0.009482
0.001210
0.008801
0.006628
0.008383
0.004396
0.006942
0.004651
0.006528
0.000164
0.001523
0.009085
0.005916
0.009001
0.008790
0.009760
0.007373
0.009723
0.007949
0.000207
0.005984
0.003900
0.003396
0.005688
0.006995
0.001286
0.001954
0.006586
0.004611
0.002583
0.009191
0.004094
0.003784
0.007992
0.000722
0.002167
0.002389
0.007654
0.006807
0.008907
0.007809
0.008320
0.007992
0.003724
0.007321
0.006782
0.003484
0.004694
0.006505
0.001433
0.004891
0.002489
0.005323
0.008277
0.008167
0.002318
0.009554
0.000121
0.008895
0.004165
0.002694
0.008086
0.008249
0.006468
0.006078
0.008961
0.008625
0.008457
0.006615
0.005432
0.007364
0.004424
0.003752
0.005355
0.008138
0.001073
0.002137
0.001623
0.005757
0.008632
0.003046
0.000648
0.001121
0.008359
0.008915
0.009278
0.000678
0.008468
0.009389
0.009562
0.002633
0.002084
0.007648
0.000882
0.008542
0.003726
0.009833
0.007166
0.002183
0.006448
0.002598
0.009536
0.000872
0.006340
0.004892
0.009000
0.007402
0.007019
0.000623
0.003159
0.005651
0.003659
0.003796
0.006762
0.002019
0.002711
0.006040
0.002687
0.001180
0.005430
0.002249
0.003803
0.007503
0.009887
0.004675
0.006045
0.003613
0.004508
0.003211
0.005786
0.000955
0.005799
0.005322
0.001817
0.002138
0.000214
0.000817
0.009530
0.007222
0.001430
0.002689
0.002873
0.005079
0.006476
0.009624
0.007088
0.009177
0.005665
0.009765
0.000357
0.001094
0.002014
0.004150
0.008588
0.001901
0.008815
0.004632
0.005504
0.003322
0.007833
0.001290
0.004267
0.003632
