0.008649
0.007891
0.007566
0.008253
0.001140
0.000728
0.005769
0.009882
0.009820
0.006052
0.002244
0.005923
0.007980
0.007999
0.000630
0.006670
0.009625
0.006100
0.007378
0.007438
0.000534
0.009318
0.004297
0.001479
0.001497
0.001126
0.008587
0.007527
0.000201
0.000113
0.008185
0.008840
0.007994
0.005751
0.007093
0.009124
0.006469
0.002862
0.009006
0.006290
0.008904
0.001250
0.002213
0.006884
0.009239
0.002833
0.003554
0.008864
0.008923
0.000932
0.006302
0.009447
0.000250
0.000599
0.000926
0.001736
0.001715
0.009503
0.009253
0.001906
0.009606
0.007438
0.000746
0.007600
0.003189
0.007828
0.006723
0.009649
0.000690
0.005729
0.005938
0.009584
0.006969
0.008141
0.006468
0.006208
0.000973
0.000022
0.005072
0.009886
0.000944
0.001374
0.009333
0.001183
0.001963
0.000260
0.002910
0.003668
0.009753
0.002163
0.005564
0.009359
0.009591
0.006300
0.006959
0.002780
0.004128
0.003682
0.002429
0.004808
0.009401
0.008357
0.004393
0.006370
0.006498
0.000861
0.002578
0.007461
0.000872
0.007641
0.007347
0.001806
0.009005
0.006681
0.002979
0.000968
0.006931
0.005879
0.004626
0.006684
0.008032
0.000190
0.006042
0.007623
0.006480
0.003001
0.000403
0.000608
0.006673
0.002822
0.005407
0.006074
0.001179
0.009789
0.002444
0.007667
0.000650
0.005012
0.005128
0.001512
0.002653
0.002475
0.003308
0.001658
0.009146
0.006278
0.002616
0.006076
0.002157
0.007232
0.002760
0.000189
0.007413
0.008792
0.007802
0.003893
0.001793
0.008196
0.004491
0.008456
0.001018
0.009888
0.004530
0.002187
0.009677
0.006964
0.009844
0.000327
0.001977
0.004972
0.001829
0.004620
0.007437
0.005128
0.006268
0.006583
0.001405
0.008874
0.002659
0.003552
0.006106
0.005409
0.003732
0.003519
0.004202
0.001534
0.007402
0.005985
0.009720
0.001893
0.004441
0.000738
0.001781
0.008961
0.002915
0.001459
0.005926
0.002759
0.001776
0.007892
0.007721
0.003595
0.002512
0.005158
0.008712
0.008770
0.001741
0.000118
0.007643
0.004391
0.003660
0.003749
0.009790
0.007382
0.007258
0.003992
0.008906
0.004660
0.009967
0.008625
0.006543
0.004408
0.009353
0.008314
0.003369
0.002268
0.009763
0.009285
0.005017
0.001538
0.007177
0.002739
0.005123
0.009679
0.007887
0.003836
0.008449
0.009619
0.003943
0.006092
0.004010
0.007593
0.009831
0.003800
0.004975
0.007089
0.007782
0.003881
0.001749
0.007749
0.002506
0.008282
0.002157
0.001859
0.006597
0.005516
0.004117
0.006360
0.004800
0.009125
0.007888
0.001977
0.001864
0.003011
0.001657
0.009741
0.006837
0.000105
0.009360
0.000780
0.006187
0.003369
0.008363
0.006018
0.007159
0.003339
0.003108
0.004941
0.007209
0.004847
0.002689
0.009705
0.003129
0.004836
0.001565
0.009716
0.000352
0.005672
0.006076
0.005142
0.004797
0.003964
0.007110
0.006650
0.006965
0.008756
0.006391
0.003802
0.008851
0.005751
0.004572
0.005039
0.009110
0.002936
0.001057
0.006269
0.006264
0.004155
0.001210
0.003474
0.008991
0.003889
0.003179
0.002121
0.008715
0.004734
0.001837
0.009057
0.000405
0.007903
0.004199
0.005192
0.001867
0.001309
0.001842
0.008822
0.000065
0.008224
0.002624
0.008906
0.003974
0.007187
0.003945
0.003084
0.000123
0.004992
0.009344
0.006377
0.009137
0.000554
0.009841
0.008128
0.004433
0.003020
0.000249
0.003149
0.007744
0.002076
0.002206
0.008139
0.009969
0.006395
0.003331
0.001835
0.007694
0.005164
0.000657
0.007749
0.003387
0.003272
0.006655
0.007352
0.000459
0.000600
0.000436
0.000571
0.005582
0.009770
0.006939
0.004719
0.000323
0.006780
0.002847
0.004746
0.009790
0.003086
0.007885
0.007533
0.005152
0.000090
0.005673
0.005120
0.006475
0.008994
0.006946
0.004169
0.004158
0.007593
0.001918
0.007535
0.000865
0.008564
0.004887
0.001313
0.009154
0.005313
0.001875
0.004737
0.005082
0.008803
0.009446
0.005395
0.005583
0.002293
0.000142
0.005372
0.005369
0.008016
0.002906
0.000521
0.008097
0.008568
0.005631
0.004572
0.007562
0.002576
0.008731
0.001720
0.000169
0.000650
0.009245
0.001024
0.009203
0.004132
0.002327
0.008358
0.009435
0.004192
0.003094
0.004517
0.002995
0.002540
0.009903
0.008568
0.004823
0.000045
0.003940
0.000192
0.008051
0.006836
0.000702
0.006148
0.005404
0.006323
0.000720
0.002967
0.008889
0.009442
0.004677
0.009048
0.000091
0.003923
0.000072
0.009285
0.008045
0.002389
0.007642
0.007480
0.006571
0.000737
0.001997
0.009556
0.003267
0.001900
0.008124
0.008079
0.001935
0.002064
0.008261
0.009976
0.008890
0.008953
0.006124
0.004294
0.005276
0.006834
0.007251
0.004165
0.006275
0.001928
0.003213
0.006356
0.005840
0.003275
0.005641
0.003885
0.005655
0.003284
0.001365
0.002226
0.004010
0.003352
0.001782
0.007267
0.005243
0.009896
0.005346
0.007168
0.001960
0.003607
0.007143
0.000850
0.002560
0.003267
0.005134
0.007826
0.000101
0.002385
0.001991
0.006366
0.004303
0.005194
0.002722
0.000144
0.008459
0.008354
0.004019
0.004114
0.001637
0.005374
0.006330
0.005638
0.008717
0.008102
0.002904
0.003959
0.007998
0.008241
0.001127
0.009949
0.001848
0.008260
0.000799
0.004398
0.001527
0.005923
0.002224
0.001618
0.008299
0.004204
0.007974
0.002602
0.009388
0.000697
0.002736
0.007848
0.009040
0.006745
0.001962
0.000678
0.002119
0.008282
0.006305
0.000836
0.006384
0.009200
0.004785
0.004382
0.007440
0.005902
0.004331
0.009278
0.004163
0.005120
0.003675
0.005680
0.001043
0.005889
0.007288
0.009332
0.000093
0.005262
0.001934
0.009472
0.005949
0.004660
0.007320
0.004990
0.001405
0.009272
0.005657
0.003514
0.007553
0.001962
0.004340
0.003937
0.001162
0.009115
0.008310
0.008592
0.005018
0.002641
0.007870
0.009170
0.007750
0.001545
0.004850
0.008784
0.007424
0.002138
0.008116
0.007508
0.007391
0.000050
0.006980
0.003340
0.004700
0.004299
0.008319
0.006095
0.003571
0.003977
0.009599
0.001124
0.005929
0.003939
0.005052
0.007081
0.003055
0.003361
0.005673
0.008062
0.005992
0.003543
0.007233
0.003742
0.005079
0.002083
0.002526
0.002503
0.004211
0.000641
0.000011
0.001602
0.000681
0.006981
0.004932
0.005371
0.001280
0.003251
0.001466
0.004841
0.007218
0.001065
0.005955
0.003147
0.004995
0.001007
0.000228
0.008040
0.004358
0.005891
0.006102
0.000349
0.009425
0.003335
0.004081
0.004503
0.005407
0.006597
0.006996
0.009609
0.007228
0.006997
0.001210
0.007899
0.003978
0.006132
0.003271
0.005248
0.009373
0.004727
0.000089
0.006591
0.005782
0.006034
0.009728
0.000777
0.007031
0.009946
0.008806
0.001388
0.005838
0.004908
0.001728
0.005263
0.008233
0.005799
0.009756
0.003640
0.002396
0.006752
0.003249
0.009615
0.003750
0.004449
0.007514
0.007718
0.000581
0.000785
0.002966
0.009945
0.005501
0.003045
0.006536
0.001283
0.009069
0.006264
0.002050
0.006099
0.006210
0.000856
0.007478
0.002048
0.005754
0.009196
0.007301
0.003986
0.004995
0.007057
0.007617
0.007381
0.003809
0.000865
0.006996
0.007548
0.005304
0.004511
0.005266
0.005876
0.005286
0.008222
0.005820
0.000787
0.001266
0.002356
0.002060
0.000335
0.008610
0.004100
0.006424
0.004820
0.004945
0.003902
0.006858
0.000699
0.003097
0.004159
0.004676
0.008082
0.001216
0.002292
0.005464
0.005014
0.003147
0.002460
0.002563
0.008442
0.006961
0.007819
0.004317
0.002246
0.006041
0.000137
0.003023
0.007297
0.002483
0.005073
0.007622
0.001093
0.009163
0.004046
0.005904
0.004108
0.007937
0.002762
0.004797
0.001035
0.006911
0.009463
0.009107
0.008117
0.001755
0.004570
0.003131
0.004893
0.007020
0.005684
0.003335
0.003981
0.003503
0.007642
0.006217
0.009534
0.007769
0.009230
0.006831
0.000253
0.004303
0.004453
0.001336
0.003466
0.008488
0.007230
0.007564
0.006426
0.009982
0.002361
0.007450
0.006894
0.001824
0.006557
0.005010
0.003570
0.001127
0.008132
0.008452
0.008137
0.003816
0.001787
0.002118
0.007309
0.009419
0.008325
0.006843
0.007188
0.007555
0.003674
0.007431
0.001858
0.008116
0.008758
0.005313
0.006605
0.005988
0.002877
0.003031
0.005970
0.005229
0.000481
0.002864
0.007043
0.007028
0.007864
0.000613
0.008145
0.005996
0.009055
0.006283
0.009801
0.000842
0.008391
0.007110
0.000261
0.006716
0.003953
0.007440
0.004271
0.007616
0.004871
0.006119
0.005732
0.003628
0.001432
0.002337
0.009606
0.004300
0.005358
0.005576
0.009518
0.005829
0.008430
0.006561
0.002857
0.006294
0.007163
0.001002
0.002289
0.006218
0.007274
0.002091
0.007050
0.005665
0.009191
0.007302
0.002381
0.003143
0.004741
0.006642
0.000759
0.009602
0.002760
0.006482
0.003230
0.004183
0.008809
0.002837
0.008472
0.004166
0.008403
0.007990
0.009985
0.006833
0.004551
0.002842
0.003127
0.001714
0.003833
0.005406
0.007923
0.001108
0.007487
0.004973
0.006763
0.006677
0.002275
0.009134
0.009810
0.007006
0.005775
0.000569
0.006608
0.008526
0.007041
0.009828
0.002708
0.005850
0.002665
0.001180
0.000016
0.001067
0.009160
0.009991
0.007890
0.003711
0.002833
0.001017
0.005416
0.006657
0.006413
0.003338
0.007754
0.003899
0.008302
0.004517
0.000576
0.000576
0.003650
0.000387
0.007572
0.009416
0.000946
0.004180
0.007941
0.007977
0.004008
0.000649
0.003827
0.006662
0.001820
0.003833
0.007720
0.000980
0.003825
0.005610
0.004681
0.006648
0.006617
0.000097
0.003304
0.003030
0.003425
0.001059
0.006919
0.001727
0.005565
0.007485
0.002293
0.009206
0.007862
0.009855
0.008621
0.008798
0.004035
0.006563
0.006775
0.008032
0.007202
0.000602
0.004694
0.009012
0.004425
0.002414
0.009982
0.008240
0.008014
0.004663
0.004888
0.004630
0.004750
0.008182
0.007650
0.008165
0.009231
0.004569
0.009882
0.004796
0.002054
0.002176
0.004002
0.009906
0.002031
0.002624
0.008704
0.006056
0.009177
0.005479
0.004088
0.006379
0.006071
0.008773
0.005390
0.000496
0.001187
0.005372
0.008726
0.009190
0.000035
0.003614
0.003821
0.004775
0.001797
0.001471
0.002941
0.001028
0.006029
0.002823
0.005814
0.008074
0.004989
0.009806
0.007980
0.007010
0.002430
0.006684
0.003065
0.001607
0.002163
0.007144
0.007976
0.008224
0.005916
0.003366
0.008710
0.007093
0.008728
0.007436
0.006283
0.008753
0.001051
0.000104
0.003529
0.002837
0.001564
0.006459
0.003855
0.007584
0.009272
0.009659
0.005658
0.004261
0.009465
0.003637
0.001271
0.001896
0.000321
0.004326
0.003493
0.002474
0.001470
0.001468
0.000697
0.007376
0.004824
0.009397
0.004469
0.003552
0.006834
0.000752
0.002306
0.007874
0.000846
0.005824
0.000712
0.002401
0.002284
0.004556
0.009975
0.001556
0.004215
0.005632
0.005807
0.003681
0.009259
0.007068
0.005566
0.009570
0.001395
0.009049
0.002044
0.002855
0.000517
0.002731
0.000231
0.005331
0.002129
0.004690
0.008873
0.008952
0.005432
0.001179
0.006827
0.006268
0.006993
0.007528
0.008659
0.009267
0.002085
0.008634
0.000824
0.006290
0.004266
0.006621
0.009961
0.003525
0.003689
0.005527
0.003095
0.005074
0.004576
0.005129
0.007918
0.005082
0.007850
0.008139
0.000413
0.009969
0.002829
0.009276
0.008921
0.008251
0.000455
0.005748
0.004520
0.007439
0.003276
0.003179
0.006706
0.005351
0.001812
0.007520
0.001641
0.006068
0.004141
0.001602
0.009583
0.007820
0.007118
0.002678
0.002893
0.001694
0.007797
0.000811
0.006766
0.005647
0.008940
0.007169
0.005616
0.001769
0.006446
0.004537
0.000021
0.006891
0.000286
0.004530
0.004330
0.003552
0.007699
0.001036
0.008893
0.009501
0.008546
0.000534
0.005569
0.002687
0.002126
0.005151
0.000506
0.009234
0.007819
0.003390
0.000928
0.005616
0.004191
0.007684
0.001263
0.003132
0.004854
0.006870
0.004891
0.001299
0.001407
0.004901
0.008181
0.001683
0.009422
0.002511
0.005225
0.007120
0.003537
0.004118
0.006621
0.002083
0.004642
0.002190
0.004760
0.006758
0.007331
0.005256
0.005992
0.005150
0.008636
0.006910
0.000766
0.002827
0.004594
0.002020
0.005949
0.009438
0.008879
0.000840
0.000737
0.000286
0.005731
0.008908
0.001959
0.005153
0.001419
0.007173
0.002273
0.004946
0.001291
0.008884
0.007020
0.005923
0.001073
0.001780
0.002681
0.008394
0.007026
0.008663
0.003544
0.005662
0.005574
0.004300
0.008480
0.000168
0.006310
0.004428
0.009596
0.005189
0.005258
0.000333
0.005465
0.000989
0.009231
0.007414
0.006132
0.000650
0.004588
0.008395
0.005586
0.005869
0.007279
0.002606
0.001792
0.008342
0.004376
0.004464
0.006736
0.001402
0.003127
0.000280
0.007055
0.008691
0.004571
0.005534
0.008848
0.000881
0.009953
0.008444
0.006060
0.005211
0.008767
0.001525
0.006190
0.007998
0.008930
0.002322
0.008638
0.003517
0.000717
0.004225
0.009376
0.007985
0.006821
0.001168
0.006327
0.001197
0.005622
0.003064
0.002589
0.008739
0.003334
0.009634
0.007430
0.007895
0.005168
0.006278
0.008766
0.005121
0.004723
0.004826
0.000332
0.003490
0.006341
0.006512
0.001488
0.005271
0.008824
0.000126
0.008778
0.009531
0.004341
0.008154
0.007516
0.001162
0.009312
0.003844
0.002349
0.004934
0.006897
0.004928
0.003674
0.000231
0.004562
0.001104
0.008116
0.009720
0.007372
0.006882
0.004842
0.002095
0.001708
0.005163
0.005575
0.008039
0.001675
0.007052
0.003310
0.000499
0.007169
0.002088
0.000030
0.001510
0.000241
0.007536
0.002661
0.009544
0.001380
0.005000
0.004478
0.008268
0.009918
0.008142
0.008489
0.004480
0.009236
0.006605
0.004201
0.006608
0.003487
0.009032
0.008693
0.005185
0.004196
0.004267
0.003224
0.005861
0.001320
0.006524
0.006351
0.008478
0.008601
0.006371
0.009978
0.008833
0.003907
0.002640
0.008376
0.005278
0.007630
0.002854
0.003545
0.007548
0.000996
0.002034
0.002029
0.000232
0.008630
0.006219
0.006830
0.002117
0.005252
0.005523
0.007292
0.009438
0.009780
0.000516
0.005299
0.001100
0.007030
0.001650
0.009568
0.005631
0.008011
0.009546
0.004464
0.001918
0.002186
0.002840
0.007186
0.009806
0.005685
0.000731
0.007354
0.006671
0.002756
0.009372
0.006893
0.001385
0.005592
0.003723
0.003492
0.000844
0.009235
0.000784
0.000281
0.009015
0.001290
0.005571
0.000115
0.008310
0.007211
0.009673
0.003941
0.005221
0.009219
0.008395
0.007130
0.001405
0.001235
0.004316
0.001210
0.006910
0.005037
0.008554
0.003581
0.007782
0.007926
0.000473
0.009158
0.003518
0.004186
0.002650
0.004351
0.003422
0.003424
0.004623
0.002437
0.004704
0.000193
0.002542
0.003013
0.007394
0.002215
0.006944
0.002615
0.001434
0.005339
0.009735
0.002829
0.006564
0.004051
0.004029
0.003473
0.009078
0.002583
0.007044
0.006860
0.000509
0.007507
0.006018
0.004017
0.001693
0.008657
0.008358
0.005105
0.002081
0.002981
0.007532
0.006774
0.003164
0.000074
0.009778
0.000558
0.002278
0.006722
0.003163
0.003702
0.002061
0.002898
0.006521
0.008615
0.006938
0.000550
0.002088
0.006016
0.003123
0.009121
0.002876
0.003622
0.006629
0.008883
0.007629
0.008312
0.007541
0.005987
0.003417
0.009611
0.008958
0.000949
0.006386
0.002122
0.001013
0.006164
0.002670
0.003281
0.002886
0.005822
0.006973
0.004936
0.008710
0.003494
0.003551
0.005648
0.004034
0.005629
0.001664
0.007147
0.004750
0.004530
0.000769
0.001379
0.003413
0.008388
0.009681
0.000954
0.004375
0.003098
0.000565
0.003333
0.004037
0.006941
0.005444
0.005040
0.003105
0.008104
0.008311
0.005981
0.003926
0.005284
0.000917
0.002636
0.008768
0.004458
0.008275
0.002802
0.000086
0.009929
0.009939
0.004827
0.004459
0.000707
0.006195
0.007863
0.009085
0.005876
0.008807
0.003460
0.008964
0.009362
0.006782
0.003000
0.006304
0.002227
0.008030
0.009398
0.000331
0.006341
0.005379
0.004247
0.001625
0.006286
0.006874
0.000393
0.000744
0.005149
0.003185
0.000820
0.005078
0.003123
0.005637
0.009527
0.003821
0.001832
0.007390
0.002906
0.007698
0.006196
0.006356
0.006661
0.005559
0.003138
0.009652
0.001862
0.005355
0.007682
0.001261
0.005676
0.004023
0.006630
0.009913
0.005637
0.002916
0.006787
0.006020
0.003649
0.001935
0.009195
0.004460
0.007003
0.002318
0.000097
0.006530
0.006129
0.001919
0.003920
0.009025
0.009607
0.000116
0.005380
0.006268
0.005665
0.008508
0.005920
0.007517
0.003863
0.003602
0.008767
0.009529
0.007615
0.005397
0.009442
0.003252
0.008303
0.006229
0.009262
0.001952
0.008154
0.008457
0.006402
0.005157
0.000776
0.006489
0.001687
0.006895
0.008397
0.005597
0.005919
0.008004
0.005703
0.001299
0.004272
0.001367
0.009798
0.000192
0.008874
0.003661
0.003784
0.007641
0.003190
0.001398
0.003038
0.002632
0.004641
0.001341
0.008851
0.003903
0.003283
0.007005
0.002361
0.009675
0.002162
0.003126
0.006163
0.003839
0.000021
0.004560
0.009426
0.005930
0.002564
0.005128
0.007219
0.006826
0.006485
0.007017
0.007008
0.005359
0.000678
0.000791
0.003000
0.003857
0.002180
0.006028
0.006479
0.006811
0.007358
0.005330
0.000714
0.000641
0.002335
0.003064
0.000316
0.004487
0.006180
0.006469
0.008316
0.006191
0.001029
0.007742
0.002121
0.003583
0.002870
0.009330
0.000409
0.009345
0.006347
0.007407
0.004704
0.007014
0.008188
0.007694
0.000872
0.000368
0.003722
0.007341
0.007169
0.001080
0.002671
0.007872
0.001711
0.004996
0.000936
0.002017
0.009473
0.007107
0.008475
0.007789
0.003298
0.009494
0.005531
0.005408
0.003077
0.008390
0.004738
0.003477
0.007735
0.001085
0.000883
0.002439
0.008089
0.009062
0.000133
0.008951
0.009420
0.003845
0.006291
0.006588
0.004915
0.008952
0.004461
0.006615
0.003948
0.005387
0.008622
0.003421
0.002494
0.007097
0.001210
0.005782
0.006592
0.006731
0.001190
0.009659
0.005121
0.005918
0.003136
0.002857
0.006993
0.004009
0.005286
0.005082
0.003070
0.005409
0.004032
0.002490
0.009244
0.000324
0.009068
0.004158
0.009266
0.003529
0.000774
0.003214
0.008906
0.009386
0.006625
0.001400
0.006483
0.007825
0.007171
0.003074
0.004556
0.008351
0.002733
0.009667
0.004269
0.005859
0.002523
0.001262
0.009858
0.007799
0.006334
0.002928
0.003208
0.000366
0.005408
0.002452
0.000679
0.004476
0.006600
0.009935
0.007995
0.007363
0.003149
0.006901
0.006749
0.009765
0.008291
0.003232
0.007590
0.005463
0.006296
0.002146
0.003814
0.009020
0.001813
0.008073
0.004878
0.004326
0.009325
0.004736
0.002126
0.005659
0.007654
0.005324
0.006014
0.003063
0.007766
0.006684
0.007529
0.004366
0.006619
0.005525
0.001729
0.009758
0.002426
0.008468
0.009523
0.000717
0.001700
0.007113
0.006170
0.007986
0.009249
0.009974
0.007006
0.001062
0.008047
0.001884
0.005378
0.007372
0.006611
0.007494
0.003031
0.004265
0.002818
0.009036
0.007318
0.000584
0.005719
0.004847
0.004939
0.002338
0.000371
0.006659
0.002097
0.002787
0.005127
0.001620
0.003495
0.006817
0.008723
0.009655
0.004803
0.007972
0.009629
0.001809
0.009023
0.007676
0.003684
0.004402
0.005048
0.000294
0.001895
0.008069
0.004549
0.004703
0.007105
0.001867
0.005277
0.002824
0.006704
0.000216
0.005152
0.007065
0.006865
0.007239
0.009843
0.001992
0.008848
0.003337
0.008799
0.007571
0.002992
0.003602
0.005542
0.002620
0.005401
0.004566
0.000296
0.009075
0.008957
0.005335
0.009359
0.000853
0.003404
0.003909
0.005546
0.000508
0.005766
0.000823
0.003322
0.002470
0.001029
0.008465
0.009525
0.007884
0.005703
0.009368
0.009865
0.004552
0.002705
0.008664
0.002123
0.005687
0.002266
0.007655
0.008297
0.007657
0.002221
0.008584
0.006732
0.001178
0.003918
0.006092
0.002021
0.007312
0.009990
0.007557
0.007810
0.005756
0.008370
0.001133
0.008216
0.009388
0.009588
0.007742
0.007272
0.005291
0.007109
0.007137
0.009833
0.009804
0.005801
0.001955
0.005491
0.008057
0.009601
0.003789
0.005715
0.001821
0.002372
0.002447
0.002990
0.006280
0.008529
0.005001
0.003592
0.008519
0.002558
0.001403
0.004276
0.000927
0.002526
0.002492
0.000316
0.002113
0.000234
0.007578
0.007394
0.007333
0.004715
0.007227
0.007137
0.000517
0.009172
0.002629
0.008564
0.008773
0.006407
0.004279
0.000594
0.008769
0.006716
0.003574
0.005050
0.005244
0.008565
0.008632
0.003763
0.001123
0.000035
0.008029
0.002040
0.002550
0.000521
0.002346
0.004654
0.000744
0.009914
0.002048
0.008067
0.004629
0.009265
0.005205
0.005136
0.008437
0.007823
0.003699
0.007210
0.004230
0.007968
0.007794
0.003000
0.004683
0.001368
0.008039
0.009918
0.009923
0.006672
0.003681
0.001046
0.006696
0.001710
0.003076
0.009237
0.002221
0.005411
0.003890
0.002955
0.005325
0.005928
0.001022
0.009944
0.005193
0.006217
0.005080
0.003630
0.004040
0.008769
0.000839
0.008260
0.006737
0.008623
0.001260
0.001420
0.009981
0.009289
0.001338
0.009904
0.005961
0.005009
0.000950
0.002657
0.006709
0.004015
0.001894
0.008920
0.009417
0.005775
0.001874
0.004742
0.001703
0.002887
0.004686
0.006886
0.009093
0.009755
0.000515
0.003133
0.008524
0.001345
0.001393
0.005261
0.009958
0.002643
0.006672
0.009939
0.001933
0.008000
0.009844
0.007884
0.003009
0.000793
0.000541
0.009708
0.004799
0.002425
0.008627
0.004215
0.008190
0.000502
0.008947
0.009882
0.003378
0.003633
0.006768
0.002472
0.003388
0.007273
0.005595
0.001912
0.008608
0.006979
0.007163
0.008566
0.009612
0.003835
0.008505
0.001545
0.001835
0.008349
0.009418
0.004834
0.009132
0.009949
0.004542
0.003931
0.002374
0.003169
0.008136
0.000564
0.003661
0.007083
0.000446
0.007029
0.000715
0.007204
0.009491
0.004093
0.004478
0.005086
0.005996
0.003086
0.002065
0.003159
0.001652
0.001677
0.006984
0.000157
0.003212
0.008809
0.008496
0.002630
0.003643
0.007628
0.002579
0.008175
0.001558
0.004943
0.001344
0.009684
0.005497
0.004995
0.006767
0.005933
0.002024
0.007472
0.003138
0.001515
0.001565
0.007605
0.006591
0.007551
0.000691
0.008646
0.000710
0.002333
0.000324
0.007684
0.002480
0.003525
0.006493
0.000975
0.006146
0.000136
0.008593
0.008715
0.008301
0.000151
0.003658
0.009635
0.009825
0.009145
0.004630
0.006592
0.005078
0.006643
0.004064
0.008206
0.008148
0.005619
0.005812
0.004740
0.003170
0.006493
0.003386
0.003870
0.008816
0.003700
0.001554
0.001296
0.007215
0.008037
0.002261
0.003361
0.008163
0.000854
0.002075
0.006465
0.000996
0.005723
0.006100
0.000821
0.004869
0.000729
0.007402
0.009937
0.007363
0.001466
0.008143
0.005511
0.007075
0.003955
0.000251
0.000245
0.000448
0.003627
0.004104
0.009254
0.007317
0.005648
0.000550
0.004532
0.003685
0.002801
0.007882
0.001848
0.003646
0.009948
0.008302
0.004631
0.005671
0.004402
0.005442
0.000540
0.005121
0.002844
0.000477
0.002484
0.004300
0.008610
0.007985
0.001375
0.002565
0.008226
0.001610
0.003004
0.001853
0.005704
0.002258
0.009159
0.001351
0.002798
0.003691
0.005026
0.005589
0.001573
0.006864
0.009225
0.001521
0.005166
0.003856
0.007182
0.009558
0.009288
0.007712
0.004679
0.002132
0.008179
0.007153
0.006423
0.006789
0.005138
0.007787
0.009345
0.003363
0.009387
0.002348
0.005206
0.005091
0.004596
0.004365
0.006432
0.007384
0.008046
0.001458
0.002973
0.009609
0.008312
0.002198
0.001130
0.003478
0.006044
0.008302
0.003035
0.005332
0.006014
0.007704
0.007455
0.004193
0.004857
0.003877
0.000982
0.009985
0.001665
0.000327
0.003348
0.001052
0.002665
0.008544
0.006133
0.007251
0.002909
0.002565
0.004635
0.000955
0.004013
0.007598
0.000564
0.002324
0.009786
0.001684
0.005792
0.005830
0.009976
0.008817
0.001163
0.005990
0.006521
0.008608
0.000182
0.001379
0.002485
0.001155
0.001363
0.004140
0.001471
0.004702
0.005182
0.004127
0.003246
0.001315
0.001378
0.006145
0.003869
0.006004
0.007090
0.007872
0.003602
0.007644
0.000196
0.003388
0.009318
0.005977
0.009208
0.009294
0.004794
0.000371
0.005284
0.001316
0.008969
0.005456
0.002685
0.001454
0.006601
0.004038
0.005584
0.008062
0.008729
0.000766
0.002189
0.001975
0.002071
0.003558
0.008110
0.005930
0.009551
0.005200
0.003802
0.003153
0.002845
0.003988
0.006531
0.002163
0.009955
0.005740
0.001457
0.004749
0.006101
0.006731
0.006055
0.005070
0.002188
0.008730
0.006514
0.008778
0.002768
0.002098
0.006841
0.001497
0.002855
0.009020
0.003463
0.004915
0.002578
0.001573
0.000845
0.002129
0.006763
0.004637
0.005272
0.009598
0.008615
0.001804
0.001761
0.008570
0.007533
0.003208
0.003319
0.003635
0.009929
0.009365
0.008695
0.002117
0.008094
0.005209
0.000895
0.000862
0.007297
0.007726
0.002350
0.000152
0.006746
0.005802
0.005057
0.009314
0.007365
0.005893
0.001443
0.004128
0.000530
0.006706
0.003726
0.009134
0.008499
0.005476
0.007704
0.006033
0.008674
0.001023
0.009657
0.008603
0.000388
0.008352
0.000720
0.008472
0.003561
0.001605
0.009324
0.000858
0.009321
0.001674
0.001000
0.006068
0.007466
0.006047
0.005382
0.004831
0.001940
0.006815
0.008948
0.002460
0.003521
0.002674
0.001594
0.002020
0.008140
0.009288
0.008043
0.006815
0.000311
0.007700
0.005418
0.000688
0.006052
0.006128
0.009150
0.009603
0.007723
0.008475
0.000461
0.007045
0.000149
0.001451
0.003112
0.007604
0.007489
0.008484
0.002435
0.009419
0.005299
0.001383
0.001878
0.008810
0.004047
0.003462
0.000831
0.002188
0.002750
0.008864
0.008992
0.003051
0.006564
0.004410
0.003729
0.002616
0.000538
0.002880
0.002219
0.008252
0.001354
0.002671
0.005296
0.001493
0.004112
0.008399
0.009087
0.001601
0.006883
0.001522
0.001020
0.002182
0.002895
0.002888
0.000993
0.006933
0.006340
0.001813
0.009110
0.009079
0.000677
0.008102
0.002130
0.007230
0.002512
0.005849
0.009837
0.003041
0.008719
0.002056
0.001292
0.000073
0.004717
0.006578
0.001556
0.008819
0.004977
0.000643
0.000420
0.001860
0.002155
0.001430
0.004032
0.005040
0.004308
0.005015
0.001973
0.000647
0.006818
0.001083
0.009717
0.007484
0.009175
0.001847
0.004715
0.001688
0.007686
0.004551
0.004718
0.006405
0.006597
0.006001
0.006468
0.001314
0.002579
0.008014
0.000134
0.007546
0.008647
0.000544
0.009396
0.000802
0.001964
0.003428
0.005832
0.006262
0.008433
0.007795
0.006899
0.005251
0.008868
0.006616
0.002735
0.008044
0.008453
0.007439
0.009721
0.006139
0.001991
0.004440
0.002543
0.008578
0.000440
0.009001
0.009882
0.003010
0.007014
0.000016
0.000556
0.005661
0.000550
0.009942
0.006452
0.002503
0.003370
0.002284
0.008755
0.001803
0.000079
0.005654
0.007043
0.008937
0.002270
0.009768
0.006981
0.000723
0.007207
0.006702
0.006851
0.009188
0.001142
0.009384
0.007766
0.001572
0.008385
0.007648
0.004572
0.005400
0.007654
0.005118
0.001060
0.008193
0.005060
0.007503
0.000697
0.008420
0.009777
0.009442
0.000222
0.009847
0.005096
0.007256
0.008784
0.007356
0.007024
0.005765
0.008069
0.004231
0.002467
0.004920
0.003419
0.003599
0.004304
0.001185
0.005162
0.002689
0.008823
0.009724
0.008079
0.006476
0.004842
0.009129
0.004669
0.009891
0.006632
0.005356
0.008311
0.006409
0.004797
0.008523
0.006256
0.009883
0.005779
0.005040
0.007239
0.002802
0.000805
0.005308
0.007023
0.003262
0.000228
0.000442
0.006851
0.004522
0.001617
0.002013
0.007201
0.000440
0.001737
0.005280
0.006906
0.006569
0.004410
0.001575
0.006460
0.001042
0.006921
0.004771
0.007441
0.001718
0.003294
0.003697
0.001601
0.009062
0.008726
0.008830
0.001865
0.009521
0.004138
0.008878
0.002783
0.004356
0.009310
0.009625
0.008867
0.000927
0.001638
0.006069
0.001356
0.003365
0.001349
0.008252
0.009924
0.005748
0.009817
0.006384
0.006780
0.006738
0.001155
0.004221
0.008445
0.004439
0.007908
0.000047
0.003501
0.006634
0.008867
0.005356
0.006155
0.003005
0.004233
0.008928
0.007350
0.003543
0.008553
0.006218
0.004460
0.000191
0.002287
0.005806
0.003546
0.003625
0.004058
0.003470
0.009364
0.003875
0.009844
0.006144
0.000613
0.000999
0.000365
0.009048
0.005427
0.008262
0.009085
0.008918
0.004896
0.007952
0.004274
0.001052
0.000957
0.008497
0.009970
0.008297
0.002040
0.008523
0.004515
0.006490
0.008704
0.006792
0.002297
0.002250
0.000417
0.006345
0.005710
0.009771
0.000220
0.005554
0.005915
0.000823
0.006542
0.006270
0.009862
0.001969
0.004532
0.008947
0.000887
0.009419
0.006899
0.005151
0.000470
0.007845
0.003648
0.000440
0.006143
0.005678
0.008953
0.000658
0.002168
0.007657
0.007440
0.004455
0.009897
0.007847
0.000800
0.005607
0.007618
0.001011
0.001160
0.003532
0.001824
0.007692
0.009792
0.001686
0.009652
0.004324
0.000632
0.000539
0.003743
0.007521
0.005679
0.004203
0.005366
0.009317
0.004633
0.001509
0.004995
0.003587
0.002157
0.007153
0.001244
0.009586
0.001608
0.001141
0.007433
0.002399
0.006737
0.005051
0.003399
0.007888
0.008573
0.005213
0.005580
0.008365
0.006889
0.005232
0.002689
0.007511
0.005760
0.006422
0.005032
0.001440
0.000626
0.000399
0.000757
0.005249
0.001898
0.005742
0.008826
0.004045
0.002895
0.000069
0.003631
0.004493
0.001200
0.001064
0.006882
0.007927
0.006105
0.000281
0.005815
0.004678
0.005485
0.001395
0.003043
0.002374
0.006616
0.005723
0.009875
0.002377
0.002145
0.004908
0.003806
0.002761
0.005296
0.004553
0.008000
0.007184
0.000295
0.006826
0.001229
0.003180
0.006885
0.004850
0.007663
0.008075
0.005905
0.004545
0.006003
0.002010
0.004817
0.001818
0.006678
0.000302
0.003203
0.009711
0.002665
0.009809
0.005434
0.002540
0.002186
0.007569
0.007438
0.005982
0.000330
0.002734
0.000535
0.008320
0.009909
0.000820
0.005146
0.001138
0.003990
0.002031
0.005978
0.001653
0.000107
0.001883
0.006189
0.006099
0.003882
0.001005
0.007907
0.000560
0.001297
0.001110
0.000271
0.003952
0.000919
0.005695
0.006483
0.003095
0.003264
0.003921
0.009067
0.003583
0.006645
0.009593
0.001903
0.006554
0.000412
0.007039
0.007682
0.004392
0.009060
0.003660
0.006035
0.009156
0.005532
0.002224
0.005256
0.009405
0.003219
0.003163
0.009955
0.004506
0.004263
0.000226
0.008448
0.005172
0.005911
0.004930
0.008257
0.009165
0.008841
0.007325
0.002748
0.005486
0.006917
0.004641
0.002040
0.007320
0.001679
0.009712
0.001712
0.000739
0.003371
0.007737
0.009885
0.008894
0.009951
0.005141
0.008299
0.003170
0.008294
0.008254
0.007666
0.002557
0.008470
0.006114
0.007720
0.004381
0.001044
0.005977
0.003545
0.009876
0.003302
0.006283
0.005362
0.000219
0.000924
0.007392
0.007529
0.002593
0.007104
0.009231
0.003322
0.000475
0.006968
0.003208
0.009359
0.006919
0.008339
0.007658
0.000089
0.006633
0.005911
0.007745
0.009180
0.004381
0.003859
0.006900
0.008752
0.004893
0.002877
0.002298
0.004769
0.006169
0.008571
0.000130
0.006378
0.009485
0.007512
0.003907
0.002078
0.004616
0.003137
0.005390
0.005081
0.000105
0.008588
0.004440
0.007014
0.006927
0.002098
0.007093
0.003560
0.007999
0.004838
0.002740
0.002380
0.008686
0.009630
0.001132
0.003579
0.002507
0.003420
0.008338
0.008666
0.001991
0.008458
0.005044
0.001476
0.005971
0.008940
0.003544
0.000587
0.002078
0.008924
0.005658
0.002173
0.007511
0.000098
0.009177
0.004438
0.002186
0.006270
0.007988
0.000185
0.001107
0.000727
0.002555
0.009784
0.000357
0.003677
0.003363
0.002854
0.007088
0.001701
0.001520
0.009069
0.000160
0.006554
0.000544
0.006120
0.005494
0.004078
0.006697
0.007562
0.003002
0.002355
0.009725
0.000513
0.002443
0.008902
0.004941
0.004618
0.005172
0.002929
0.004793
0.006269
0.003646
0.007338
0.006053
0.003993
0.001015
0.009407
0.006838
0.008093
0.001108
0.008348
0.007161
0.001258
0.004902
0.007696
0.007368
0.000397
0.001774
0.004065
0.007949
0.004765
0.006410
0.007674
0.005268
0.008843
0.006576
0.000209
0.003462
0.001748
0.003128
0.008245
0.008007
0.006764
0.005582
0.004060
0.000757
0.006588
0.003467
0.007585
0.004680
0.004565
0.005934
0.001841
0.005812
0.000836
0.009527
0.003181
0.001223
0.001300
0.007236
0.009162
0.006056
0.003646
0.006836
0.001324
0.002490
0.003412
0.001523
0.005941
0.005150
0.004641
0.004186
0.003157
0.001405
0.009758
0.007208
0.002152
0.006346
0.000674
0.009728
0.001026
0.005229
0.005661
0.002858
0.001042
0.006487
0.002385
0.004212
0.007700
0.003675
0.001448
0.006862
0.009721
0.005085
0.003698
0.001045
0.007564
0.007100
0.002558
0.003505
0.002250
0.007189
0.007681
0.005397
0.008584
0.007440
0.002604
0.000737
0.003786
0.003269
0.000464
0.004802
0.008488
0.006116
0.007649
0.009520
0.002603
0.000034
0.003732
0.000303
0.003699
0.005170
0.007154
0.003420
0.000254
0.000852
0.004454
0.007809
0.007942
0.007002
0.001314
0.000192
0.004191
0.008985
0.005579
0.002775
0.006425
0.008173
0.003502
0.000211
0.001442
0.003956
0.005002
0.009920
0.000072
0.002652
0.009439
0.002664
0.002676
0.003171
0.002957
0.006365
0.008331
0.000111
0.009774
0.008575
0.000954
0.004229
0.006384
0.008886
0.001231
0.007688
0.009067
0.005412
0.006673
0.004646
0.008177
0.003098
0.002819
0.001679
0.003298
0.004250
0.005625
0.008291
0.004170
0.005686
0.000943
0.003609
0.008341
0.003609
0.006770
0.001298
0.009964
0.005101
0.001399
0.009738
0.003676
0.002343
0.003967
0.000059
0.001228
0.005187
0.007737
0.000295
0.000599
0.004410
0.004931
0.008766
0.007498
0.007740
0.000445
0.000796
0.001990
0.006060
0.009077
0.006150
0.001746
0.000020
0.009749
0.000087
0.003619
0.006519
0.001375
0.003582
0.001620
0.002764
0.003320
0.005285
0.005096
0.007277
0.005335
0.006315
0.002464
0.003071
0.006600
0.003053
0.007471
0.001531
0.001819
0.004969
0.009261
0.002255
0.005755
0.001251
0.008305
0.004832
0.007391
0.000051
0.004842
0.007140
0.000128
0.008450
0.003660
0.001493
0.002032
0.005269
0.004247
0.005343
0.000554
0.009333
0.002619
0.005879
0.005648
0.005074
0.008940
0.002248
0.008117
0.006412
0.003769
0.009926
0.001380
0.003030
0.002181
0.007125
0.004271
0.000485
0.001957
0.001663
0.000526
0.006789
0.008793
0.000645
0.005239
0.002453
0.002127
0.007262
0.007712
0.006364
0.002604
0.008256
0.005697
0.005214
0.004135
0.001345
0.000287
0.003076
0.003583
0.008394
0.009477
0.007342
0.008320
0.000858
0.000372
0.000501
0.007973
0.004633
0.000976
0.009920
0.006286
0.001493
0.006708
0.005079
0.002127
0.001947
0.007521
0.004245
0.009199
0.005233
0.000609
0.001803
0.003489
0.006296
0.007007
0.007615
0.007631
0.007284
0.000690
0.001214
0.005678
0.000167
0.008545
0.003998
0.001015
0.008907
0.004489
0.008978
0.003540
0.005456
0.008897
0.009816
0.006938
0.005606
0.004894
0.009056
0.007543
0.002416
0.003300
0.006742
0.007639
0.003899
0.008535
0.001128
0.000195
0.005542
0.008733
0.007816
0.002826
0.009413
0.009019
0.008494
0.009570
0.007565
0.002493
0.000585
0.006472
0.006972
0.009553
0.000012
0.002428
0.008450
0.009818
0.009356
0.004056
0.004712
0.008412
0.001599
0.007118
0.001712
0.008332
0.004757
0.005601
0.006867
0.005875
0.005786
0.002409
0.004607
0.003602
0.005226
0.004020
0.002622
0.003720
0.003590
0.000186
0.006203
0.004165
0.006648
0.003175
0.003718
0.006650
0.005592
0.002168
0.006468
0.004949
0.006214
0.001180
0.003360
0.007804
0.008288
0.005062
0.006135
0.003045
0.000664
0.003002
0.008909
0.006440
0.005402
0.003517
0.000042
0.000627
0.007527
0.002654
0.004337
0.001117
0.002830
0.000540
0.005273
0.009468
0.003704
0.008981
0.006118
0.009287
0.001149
0.002586
0.004235
0.007353
0.003756
0.007586
0.005157
0.002044
0.002648
0.001292
0.005079
0.003302
0.004285
0.003988
0.009731
0.009676
0.007495
0.009763
0.000303
0.005022
0.002417
0.004630
0.006129
0.005237
0.005160
0.001402
0.004705
0.008854
0.000383
0.000823
0.008141
0.001522
0.003399
0.002376
0.008865
0.007146
0.009952
0.004022
0.009180
0.002600
0.005305
0.004259
0.005892
0.009580
0.008237
0.005623
0.009256
0.005732
0.005386
0.009549
0.000754
0.007793
0.004180
0.006874
0.003030
0.009330
0.008266
0.007725
0.008184
0.008639
0.008538
0.006325
0.000161
0.001937
0.008691
0.009016
0.009073
0.008643
0.003038
0.008253
0.001243
0.008333
0.002511
0.007125
0.007913
0.000749
0.002748
0.007168
0.006471
0.008125
0.006718
0.007215
0.005918
0.000897
0.004089
0.008938
0.000227
0.002355
0.006662
0.008401
0.000993
0.005200
0.004726
0.001144
0.007127
0.003417
0.000160
0.006200
0.002060
0.003188
0.004453
0.003294
0.001521
0.006954
0.000419
0.009424
0.007693
0.003157
0.006592
0.004164
0.001282
0.003310
0.001379
0.007190
0.004197
0.005457
0.006127
0.004414
0.007802
0.002790
0.002814
0.008785
0.007980
0.007530
0.009919
0.005107
0.000947
0.000078
0.001307
0.002998
0.003256
0.005750
0.006281
0.004767
0.002705
0.006690
0.004191
0.000398
0.009838
0.000783
0.004551
0.001120
0.004083
0.005920
0.008299
0.008270
0.001377
0.004427
0.002683
0.009169
0.007206
0.005488
0.007954
0.005186
0.003018
0.007873
0.000294
0.003955
0.007941
0.001591
0.006943
0.001197
0.007331
0.003224
0.005954
0.000036
0.009904
0.000145
0.000424
0.009742
0.000917
0.004965
0.000862
0.004990
0.000885
0.009151
0.003259
0.002252
0.003578
0.005933
0.001421
0.000784
0.001421
0.009365
0.005960
0.004428
0.007237
0.006244
0.008374
0.005178
0.007825
0.005316
0.006365
0.005156
0.008530
0.002319
0.005182
0.008435
0.002454
0.005596
0.008177
0.003361
0.000561
0.009029
0.008341
0.001435
0.008180
0.001600
0.003677
0.001757
0.007523
0.005088
0.002532
0.008933
0.004453
0.008482
0.003362
0.001690
0.004726
0.001735
0.006858
0.002551
0.007041
0.003224
0.007697
0.005572
0.005533
0.002879
0.004006
0.007977
0.008465
0.002183
0.001338
0.009015
0.001212
0.009669
0.000451
0.009381
0.001269
0.004118
0.001139
0.008782
0.009195
0.003660
0.007715
0.003648
0.002142
0.001077
0.005328
0.006858
0.002802
0.002186
0.009399
0.009834
0.005400
0.007096
0.005405
0.000933
0.009965
0.009401
0.008900
0.008429
0.001584
0.000238
0.007445
0.002786
0.009897
0.007885
0.002167
0.001166
0.002003
0.003296
0.009938
0.001198
0.006947
0.007653
0.004836
0.009079
0.008720
0.000164
0.005937
0.001522
0.002341
0.005336
0.001356
0.007731
0.002431
0.006751
0.008654
0.002396
0.006152
0.007554
0.000825
0.007726
0.007782
0.008260
0.000512
0.007679
0.006146
0.002670
0.008835
0.008138
0.005956
0.008773
0.009327
0.002902
0.006426
0.004163
0.001981
0.005145
0.004317
0.007908
0.006657
0.006647
0.003244
0.008003
0.004378
0.005665
0.004754
0.003032
0.008051
0.000905
0.000587
0.008866
0.008622
0.008359
0.007126
0.009124
0.006038
0.003272
0.001793
0.004874
0.001410
0.007739
0.003647
0.000737
0.000642
