0.004888
0.006826
0.007693
0.004469
0.002228
0.003576
0.004970
0.008922
0.002462
0.004413
0.005928
0.009779
0.007323
0.003175
0.004904
0.000185
0.001250
0.004884
0.009118
0.005729
0.009151
0.006095
0.009327
0.001009
0.002546
0.005145
0.003545
0.004224
0.002460
0.009009
0.004344
0.007338
0.005835
0.002037
0.001808
0.008052
0.005603
0.006768
0.006974
0.008055
0.001181
0.002902
0.007834
0.008493
0.006068
0.002739
0.008669
0.007307
0.007613
0.007786
0.003036
0.006764
0.003882
0.002363
0.007763
0.006418
0.007498
0.001308
0.000642
0.009948
0.000317
0.004976
0.007287
0.006141
0.007003
0.009084
0.004194
0.002606
0.005852
0.001168
0.000661
0.007023
0.004060
0.008486
0.005516
0.000128
0.001225
0.004185
0.007425
0.008828
0.001972
0.000461
0.005591
0.005844
0.002814
0.003355
0.002261
0.000313
0.004653
0.002893
0.000261
0.004959
0.007859
0.007538
0.001101
0.004861
0.006622
0.005285
0.007457
0.002475
0.006442
0.008108
0.009488
0.000502
0.006594
0.005004
0.000620
0.007809
0.009179
0.008035
0.006637
0.001151
0.008487
0.002228
0.006985
0.001301
0.005572
0.009236
0.001604
0.000225
0.002128
0.001855
0.005174
0.009977
0.009383
0.006265
0.004838
0.006005
0.001550
0.002295
0.008470
0.007982
0.000404
0.007958
0.008474
0.006988
0.002962
0.009084
0.004797
0.002142
0.007120
0.001433
0.003283
0.005606
0.003651
0.000267
0.006897
0.009214
0.009493
0.008491
0.009429
0.001621
0.000346
0.004603
0.001598
0.009719
0.000868
0.006427
0.005724
0.002407
0.008712
0.004194
0.000389
0.009105
0.002152
0.008853
0.006093
0.005105
0.007938
0.000890
0.007236
0.005058
0.002314
0.000519
0.000664
0.005955
0.000776
0.007551
0.005168
0.000269
0.006043
0.004597
0.001881
0.006379
0.009190
0.003469
0.006098
0.000058
0.009886
0.001822
0.002455
0.008597
0.006006
0.002835
0.007703
0.008149
0.001688
0.003796
0.003253
0.009616
0.004676
0.000490
0.004673
0.006980
0.000999
0.005327
0.002935
0.001765
0.002879
0.008093
0.002024
0.008911
0.002690
0.003895
0.005290
0.001880
0.007354
0.001388
0.001928
0.007240
0.003200
0.004374
0.005837
0.009197
0.007198
0.003540
0.007345
0.008876
0.007326
0.000598
0.008492
0.002003
0.001078
0.003165
0.008973
0.002067
0.008483
0.001907
0.003822
0.001361
0.009990
0.005836
0.000273
0.002681
0.009721
0.005553
0.004551
0.007075
0.006931
0.006470
0.004315
0.000131
0.000843
0.000152
0.009317
0.008032
0.003683
0.006663
0.006908
0.001009
0.007251
0.005400
0.003001
0.008319
0.008556
0.001974
0.000385
0.007038
0.003871
0.004197
0.008389
0.003862
0.000033
0.008652
0.006532
0.009744
0.004205
0.001084
0.006819
0.001135
0.007543
0.001134
0.001256
0.008376
0.001276
0.000573
0.006408
0.004949
0.007226
0.003316
0.005948
0.004477
0.008706
0.008939
0.002796
0.007262
0.000913
0.003171
0.004300
0.004774
0.007358
0.002689
0.008626
0.007381
0.001341
0.005158
0.007125
0.005536
0.006232
0.003943
0.006661
0.003775
0.005067
0.007907
0.002152
0.006333
0.008470
0.008550
0.001282
0.005696
0.001866
0.007220
0.000173
0.000572
0.006159
0.002959
0.007824
0.007062
0.006120
0.002124
0.001836
0.003478
0.004803
0.000462
0.000859
0.006135
0.005611
0.007974
0.001671
0.001843
0.001917
0.008322
0.005608
0.006974
0.006229
0.007749
0.003308
0.004699
0.006299
0.004580
0.000395
0.008155
0.001800
0.000558
0.008717
0.007948
0.003507
0.006541
0.005010
0.009617
0.008655
0.006837
0.003095
0.003459
0.007289
0.003944
0.009583
0.002899
0.001917
0.001254
0.004732
0.003824
0.009566
0.000340
0.000798
0.005795
0.008079
0.004096
0.000494
0.004378
0.008666
0.000880
0.002533
0.000465
0.001428
0.001250
0.008404
0.004925
0.007781
0.003414
0.004542
0.006437
0.000251
0.007626
0.009885
0.007529
0.001570
0.009469
0.000429
0.003477
0.000723
0.005151
0.007292
0.000289
0.005480
0.008080
0.006074
0.003560
0.002176
0.006558
0.007928
0.000842
0.007428
0.000461
0.001298
0.008846
0.001701
0.009691
0.003771
0.009473
0.003106
0.008303
0.005910
0.003347
0.005929
0.005795
0.000876
0.007489
0.005264
0.001295
0.000966
0.005977
0.006435
0.008248
0.006256
0.001916
0.006328
0.002329
0.005466
0.008494
0.008878
0.003394
0.009326
0.006306
0.003845
0.000624
0.005151
0.005536
0.000315
0.008912
0.005009
0.003411
0.007215
0.000919
0.006747
0.003144
0.006703
0.007613
0.000633
0.001967
0.008898
0.001589
0.007934
0.005334
0.009827
0.004189
0.007240
0.006155
0.006509
0.002705
0.004649
0.005386
0.006089
0.003975
0.001692
0.009923
0.004589
0.006833
0.005459
0.004894
0.005746
0.000469
0.008295
0.002960
0.001377
0.005042
0.006094
0.008071
0.002656
0.006717
0.000038
0.001554
0.008296
0.007961
0.006877
0.008123
0.002151
0.004117
0.004277
0.008649
0.006812
0.008916
0.004036
0.002901
0.002891
0.005718
0.002824
0.007470
0.002551
0.008274
0.002364
0.008287
0.008732
0.000658
0.001247
0.000109
0.005691
0.007331
0.008170
0.008336
0.004048
0.008198
0.009880
0.002344
0.006159
0.006757
0.000467
0.008300
0.000874
0.004734
0.006949
0.007676
0.003651
0.000985
0.000577
0.006532
0.006693
0.003391
0.004002
0.009234
0.001665
0.006355
0.007520
0.000397
0.007004
0.008758
0.000497
0.002694
0.006089
0.008657
0.001030
0.000138
0.006855
0.000910
0.002472
0.003014
0.007657
0.002929
0.001313
0.008521
0.007653
0.008253
0.006198
0.001304
0.009227
0.006765
0.007825
0.005920
0.000156
0.001827
0.005154
0.001811
0.008173
0.002674
0.002198
0.005176
0.001432
0.002685
0.007861
0.007511
0.001341
0.008881
0.007639
0.008186
0.009781
0.000110
0.001200
0.007439
0.003029
0.002503
0.005960
0.000682
0.000756
0.002158
0.001976
0.009973
0.008912
0.009791
0.005893
0.009058
0.001618
0.001047
0.000869
0.009781
0.003711
0.003057
0.004957
0.005133
0.005732
0.002818
0.002644
0.007063
0.001700
0.000282
0.005249
0.001481
0.000383
0.006439
0.008910
0.003402
0.008932
0.004870
0.004074
0.009678
0.007018
0.006040
0.009651
0.005930
0.005831
0.005544
0.004988
0.007439
0.006581
0.005847
0.007220
0.000292
0.008894
0.002177
0.005414
0.004626
0.004985
0.008048
0.001689
0.006675
0.008321
0.006928
0.008146
0.008693
0.003367
0.007056
0.002095
0.002299
0.001926
0.006159
0.001976
0.008933
0.002199
0.001627
0.004863
0.008019
0.007161
0.009842
0.005458
0.003742
0.005689
0.002678
0.004023
0.004583
0.004845
0.009428
0.009199
0.009821
0.007476
0.000888
0.006496
0.005796
0.007806
0.004641
0.004490
0.001173
0.001697
0.006575
0.003461
0.003613
0.002735
0.005428
0.002546
0.004923
0.007045
0.007400
0.002943
0.004206
0.007241
0.008391
0.007937
0.002930
0.001069
0.001961
0.007503
0.005904
0.001388
0.006701
0.005725
0.008854
0.007579
0.002220
0.004650
0.005385
0.006852
0.009130
0.006547
0.008539
0.005705
0.009998
0.002152
0.008430
0.005426
0.004689
0.003353
0.002471
0.002089
0.006286
0.006666
0.009320
0.004677
0.004604
0.002250
0.005736
0.006554
0.009743
0.001641
0.007933
0.006444
0.007356
0.006787
0.004023
0.009566
0.001437
0.009398
0.006418
0.000567
0.005945
0.004957
0.006263
0.005943
0.007100
0.004693
0.001369
0.001788
0.008036
0.003830
0.003867
0.004322
0.000496
0.003187
0.008989
0.005090
0.005427
0.004726
0.001644
0.005170
0.006356
0.009567
0.001614
0.003712
0.006354
0.005627
0.003278
0.007781
0.005024
0.009686
0.008338
0.000969
0.004643
0.004600
0.006902
0.001743
0.009283
0.008261
0.003521
0.007319
0.002091
0.007378
0.001641
0.002577
0.000565
0.000630
0.007657
0.005982
0.005346
0.009291
0.001151
0.001702
0.008858
0.002755
0.005404
0.005211
0.008372
0.008672
0.002992
0.003397
0.008357
0.001330
0.004356
0.003001
0.005920
0.001258
0.004733
0.005203
0.009509
0.008244
0.002522
0.001600
0.005622
0.004153
0.004167
0.006176
0.004773
0.001823
0.002158
0.000119
0.001114
0.003299
0.001811
0.009962
0.006045
0.007204
0.005173
0.004417
0.005876
0.008155
0.007804
0.004233
0.009474
0.002160
0.007224
0.005394
0.003408
0.001957
0.000597
0.002917
0.000201
0.003109
0.004507
0.005813
0.007252
0.008663
0.001989
0.002025
0.000486
0.004137
0.002134
0.001590
0.007426
0.003935
0.001552
0.003471
0.001139
0.006715
0.007878
0.007005
0.004870
0.005682
0.001239
0.004344
0.007832
0.008453
0.009728
0.001239
0.000410
0.000325
0.004146
0.000601
0.003425
0.008643
0.006403
0.000677
0.007306
0.008382
0.002692
0.007782
0.002519
0.004816
0.009363
0.009935
0.008741
0.000915
0.003406
0.009871
0.007620
0.001284
0.006876
0.002489
0.006956
0.008105
0.006823
0.004788
0.006557
0.006551
0.006017
0.006957
0.006866
0.000163
0.007548
0.000291
0.008796
0.003951
0.000958
0.006102
0.002333
0.003640
0.003884
0.004842
0.008446
0.003247
0.004778
0.007188
0.004152
0.008174
0.007058
0.001771
0.009448
0.003934
0.004250
0.006404
0.002038
0.001073
0.001192
0.008586
0.007614
0.007199
0.005542
0.004480
0.007352
0.003090
0.004761
0.006147
0.007031
0.005709
0.002249
0.009354
0.009339
0.006123
0.004197
0.007785
0.009360
0.008964
0.004973
0.003512
0.007138
0.002031
0.005273
0.006587
0.005955
0.009513
0.002991
0.007983
0.000586
0.004172
0.006569
0.008190
0.001371
0.002111
0.002670
0.008712
0.005191
0.007422
0.004860
0.002222
0.003131
0.007099
0.001576
0.002470
0.003222
0.005763
0.000255
0.002582
0.004727
0.005218
0.006084
0.001866
0.007239
0.001357
0.008442
0.003194
0.000870
0.001433
0.001177
0.001446
0.005595
0.007736
0.009626
0.006956
0.009837
0.002296
0.005669
0.005029
0.009708
0.000528
0.007241
0.002838
0.007617
0.008807
0.005298
0.000839
0.004570
0.005543
0.003411
0.009288
0.000761
0.009485
0.001153
0.007990
0.000842
0.009586
0.001184
0.001701
0.001019
0.002352
0.003137
0.006604
0.000088
0.002763
0.003560
0.009915
0.005048
0.009219
0.004944
0.004756
0.009737
0.002184
0.007584
0.007354
0.000992
0.002882
0.008184
0.005552
0.008415
0.001595
0.004839
0.009167
0.001080
0.005983
0.007157
0.001912
0.005568
0.008332
0.003603
0.006577
0.000683
0.006730
0.003181
0.000761
0.009483
0.006731
0.000676
0.004531
0.005950
0.005609
0.009277
0.005688
0.007784
0.006861
0.003042
0.008765
0.009734
0.001226
0.004317
0.008149
0.002811
0.009146
0.007316
0.003881
0.005129
0.004473
0.005783
0.000697
0.002804
0.009376
0.007264
0.003478
0.006107
0.000445
0.004228
0.005590
0.007166
0.004894
0.000121
0.003116
0.000503
0.009388
0.008794
0.008277
0.006250
0.001836
0.007042
0.005984
0.003051
0.001360
0.004133
0.005852
0.000506
0.001448
0.009723
0.005625
0.005911
0.005506
0.006312
0.008705
0.004882
0.003575
0.002183
0.000989
0.004010
0.006401
0.006569
0.001176
0.001295
0.006680
0.004282
0.001789
0.006068
0.003075
0.000066
0.002318
0.004901
0.007099
0.008292
0.007942
0.008448
0.002424
0.003794
0.008944
0.003862
0.003517
0.004569
0.009764
0.009013
0.000880
0.008469
0.003895
0.004446
0.000652
0.004874
0.008446
0.007043
0.001443
0.009612
0.008328
0.008113
0.003893
0.000117
0.004181
0.006959
0.000173
0.006490
0.001860
0.007262
0.004781
0.009792
0.005710
0.007196
0.003586
0.004653
0.001058
0.007093
0.009212
0.000822
0.006106
0.000092
0.009281
0.009991
0.004528
0.009922
0.004866
0.002974
0.006965
0.006299
0.002585
0.005293
0.004412
0.006469
0.005401
0.008583
0.003427
0.005564
0.005073
0.005277
0.002825
0.009844
0.005069
0.008525
0.007040
0.008644
0.003178
0.008088
0.005737
0.002390
0.008900
0.001843
0.002473
0.008181
0.001834
0.006991
0.008103
0.006690
0.009954
0.005068
0.002989
0.002539
0.000362
0.007391
0.008998
0.005752
0.005974
0.002425
0.001316
0.001047
0.007692
0.004131
0.000891
0.002761
0.002656
0.007921
0.001405
0.005824
0.006010
0.007132
0.008205
0.004910
0.008966
0.000677
0.003090
0.000800
0.007658
0.001193
0.007480
0.007612
0.006251
0.000468
0.000151
0.006603
0.007849
0.009139
0.002355
0.003823
0.001564
0.003661
0.004859
0.009246
0.007782
0.005741
0.002007
0.000438
0.003662
0.003402
0.006253
0.009661
0.000534
0.004458
0.004571
0.009490
0.005125
0.007651
0.000290
0.002783
0.008834
0.007760
0.000395
0.005086
0.008218
0.000536
0.001689
0.006067
0.009665
0.004034
0.009880
0.001230
0.007685
0.004739
0.000476
0.005468
0.000480
0.002473
0.005896
0.004131
0.005865
0.002149
0.003793
0.006390
0.006597
0.008354
0.005880
0.001721
0.006005
0.006160
0.004494
0.004839
0.003919
0.004879
0.009915
0.002137
0.005405
0.001604
0.008194
0.005070
0.005628
0.008074
0.006290
0.003314
0.002813
0.006756
0.008772
0.003283
0.009220
0.004668
0.007404
0.005085
0.006807
0.001197
0.001475
0.003403
0.009541
0.007345
0.005115
0.005546
0.003505
0.009599
0.000385
0.007414
0.004478
0.000300
0.009541
0.009873
0.001894
0.007736
0.004943
0.007512
0.005810
0.001233
0.000826
0.008613
0.007980
0.009587
0.001896
0.007199
0.004255
0.009290
0.002284
0.001062
0.000488
0.003749
0.004455
0.000028
0.001094
0.009560
0.005564
0.004589
0.009159
0.005939
0.002003
0.003637
0.006229
0.001544
0.003510
0.008113
0.009270
0.008443
0.005625
0.005080
0.009666
0.006441
0.003693
0.007645
0.006028
0.005579
0.004844
0.000283
0.004869
0.007119
0.001335
0.005347
0.000868
0.005780
0.005365
0.001953
0.005340
0.000929
0.006532
0.004499
0.006858
0.008524
0.008126
0.003087
0.000069
0.001635
0.001200
0.009329
0.000078
0.006815
0.004408
0.009734
0.003256
0.008091
0.007379
0.009273
0.003670
0.002223
0.009546
0.008529
0.009332
0.000881
0.003876
0.000200
0.006651
0.009231
0.002143
0.001992
0.000160
0.008665
0.006481
0.007008
0.007189
0.004607
0.000095
0.007248
0.006232
0.001285
0.006576
0.006300
0.008090
0.000985
0.006034
0.001346
0.009066
0.003413
0.000619
0.002736
0.005626
0.000166
0.001265
0.004959
0.001037
0.005130
0.005149
0.007678
0.004361
0.007282
0.009660
0.004511
0.005947
0.006141
0.001519
0.003136
0.000748
0.001604
0.000384
0.006970
0.002879
0.006950
0.003270
0.000969
0.007925
0.009294
0.002305
0.006991
0.002707
0.002914
0.009717
0.008324
0.003070
0.000981
0.003283
0.004097
0.006102
0.008422
0.001775
0.000463
0.005704
0.001435
0.004963
0.001651
0.007566
0.006472
0.004776
0.008303
0.008066
0.005150
0.005273
0.000945
0.002100
0.008533
0.001904
0.000025
0.007828
0.004199
0.007006
0.000535
0.007103
0.006723
0.008849
0.000173
0.007694
0.002132
0.004259
0.003796
0.000553
0.006024
0.004249
0.006247
0.007449
0.009202
0.007888
0.005015
0.005674
0.002664
0.003318
0.003740
0.007804
0.008581
0.004675
0.009894
0.007114
0.006570
0.009909
0.004942
0.000769
0.006915
0.005467
0.007862
0.003638
0.004316
0.008025
0.001332
0.006437
0.002284
0.005118
0.006981
0.008299
0.009356
0.003228
0.005748
0.008559
0.001116
0.000762
0.004233
0.003770
0.004070
0.007963
0.001574
0.002651
0.002639
0.001468
0.009755
0.009198
0.001377
0.004696
0.009957
0.008283
0.000163
0.007819
0.001920
0.004469
0.005843
0.003242
0.000906
0.008118
0.008350
0.007877
0.006416
0.007706
0.001104
0.002164
0.006265
0.002210
0.002916
0.000498
0.005970
0.006976
0.008451
0.007533
0.009617
0.001090
0.008992
0.009371
0.000288
0.000369
0.004068
0.000245
0.008642
0.004221
0.008054
0.000562
0.008679
0.003897
0.003794
0.009575
0.002015
0.002144
0.007452
0.008421
0.009840
0.008546
0.000585
0.006105
0.000756
0.003491
0.006593
0.006716
0.000467
0.005044
0.004249
0.000083
0.006124
0.003241
0.009445
0.006402
0.003600
0.003512
0.006638
0.002241
0.007723
0.004691
0.002793
0.006402
0.008579
0.006577
0.005977
0.000594
0.008711
0.003429
0.009005
0.008551
0.001975
0.009580
0.004656
0.002721
0.003071
0.001248
0.009426
0.003528
0.006283
0.003676
0.003602
0.002407
0.006906
0.003046
0.008799
0.000506
0.006549
0.005437
0.002737
0.004271
0.000128
0.005520
0.000673
0.008697
0.002097
0.006641
0.009281
0.000807
0.000069
0.008286
0.009348
0.002034
0.007866
0.004003
0.004745
0.000937
0.005242
0.004172
0.004456
0.001524
0.007837
0.008047
0.003921
0.004743
0.001094
0.002720
0.005239
0.007632
0.008147
0.007966
0.001904
0.008264
0.003486
0.002567
0.006961
0.005573
0.009198
0.006242
0.006370
0.009257
0.004528
0.005718
0.001291
0.002394
0.009712
0.006027
0.003322
0.004953
0.000198
0.007768
0.006468
0.008026
0.005815
0.000389
0.002769
0.006898
0.003099
0.007998
0.004530
0.001245
0.005965
0.006424
0.009500
0.009441
0.008981
0.006461
0.005014
0.008179
0.002703
0.001384
0.007436
0.007222
0.007093
0.008717
0.009606
0.006804
0.004744
0.002928
0.001758
0.004932
0.000695
0.008216
0.002958
0.006500
0.008595
0.005717
0.003398
0.001693
0.003715
0.007919
0.002929
0.009670
0.004343
0.002429
0.009111
0.003324
0.008880
0.004125
0.001503
0.001584
0.005499
0.008928
0.008795
0.002592
0.007646
0.008401
0.009386
0.002389
0.001329
0.001144
0.007311
0.002015
0.009350
0.000269
0.008505
0.007944
0.005976
0.001903
0.009628
0.009681
0.009812
0.002557
0.009351
0.004155
0.004976
0.008462
0.007469
0.003856
0.002587
0.008962
0.005429
0.008077
0.007890
0.004224
0.000669
0.005536
0.002626
0.000055
0.007915
0.003945
0.001189
0.005226
0.005950
0.000539
0.005486
0.004454
0.008473
0.001462
0.006348
0.008101
0.001143
0.006160
0.000658
0.000495
0.000315
0.005623
0.008947
0.007774
0.009469
0.001535
0.006735
0.004898
0.009601
0.004625
0.009112
0.000270
0.000161
0.001738
0.000315
0.008066
0.005673
0.001494
0.003292
0.001623
0.002023
0.008768
0.006067
0.000496
0.000229
0.002415
0.008587
0.001363
0.008565
0.009235
0.001847
0.008869
0.004858
0.000794
0.006643
0.004327
0.002319
0.003379
0.009215
0.001920
0.007994
0.008327
0.002180
0.008145
0.000065
0.002485
0.006211
0.005729
0.003970
0.009493
0.007341
0.005983
0.008261
0.003408
0.006469
0.008480
0.005813
0.005056
0.009833
0.004378
0.004291
0.001680
0.003248
0.009139
0.002464
0.009881
0.003466
0.004773
0.003259
0.002680
0.006684
0.001254
0.001008
0.008854
0.009389
0.001063
0.001339
0.005599
0.006782
0.005299
0.005092
0.004123
0.001282
0.003353
0.007521
0.007741
0.001833
0.003335
0.002797
0.001666
0.007703
0.007078
0.003336
0.000950
0.006218
0.005791
0.000831
0.009673
0.000564
0.004081
0.002354
0.007238
0.005324
0.003351
0.006092
0.004713
0.004404
0.007421
0.000312
0.001186
0.002720
0.005395
0.005299
0.003992
0.008738
0.002821
0.001733
0.000571
0.006145
0.004520
0.002227
0.003848
0.001598
0.005554
0.004789
0.007806
0.001344
0.005610
0.007479
0.001898
0.009681
0.009823
0.009126
0.005005
0.003174
0.005217
0.009708
0.007569
0.002638
0.000020
0.008745
0.005348
0.005405
0.004044
0.009330
0.004143
0.006855
0.001062
0.004705
0.003000
0.005572
0.006922
0.006838
0.007161
0.002476
0.001627
0.004967
0.003810
0.007227
0.002446
0.005698
0.006908
0.002269
0.004824
0.001913
0.005433
0.000042
0.001621
0.003002
0.002670
0.001631
0.001747
0.008008
0.007027
0.005781
0.007338
0.001170
0.002635
0.008391
0.005865
0.005625
0.003963
0.002787
0.002463
0.001124
0.005253
0.004080
0.006081
0.009053
0.001307
0.008516
0.004752
0.008205
0.000785
0.009566
0.000117
0.006209
0.009598
0.001728
0.009200
0.002268
0.003350
0.000947
0.000276
0.000376
0.006718
0.007604
0.001537
0.009343
0.005995
0.007392
0.004969
0.009948
0.000179
0.007422
0.001071
0.005422
0.001502
0.007142
0.004476
0.002799
0.005658
0.009218
0.001003
0.006434
0.008784
0.001111
0.002642
0.008381
0.002829
0.001843
0.000649
0.006168
0.002780
0.000916
0.006535
0.009488
0.008510
0.008061
0.008832
0.004505
0.005453
0.003800
0.004453
0.005622
0.001222
0.005514
0.001044
0.002714
0.002656
0.005510
0.005503
0.008304
0.004728
0.006496
0.004738
0.003511
0.007597
0.007371
0.001893
0.000425
0.009204
0.002532
0.006584
0.001984
0.003438
0.003119
0.001472
0.001948
0.001180
0.000303
0.006443
0.006623
0.004094
0.000895
0.002245
0.005306
0.006399
0.003279
0.008009
0.009045
0.008780
0.003512
0.007350
0.003507
0.009998
0.002088
0.007009
0.007594
0.009449
0.008892
0.008010
0.008652
0.001424
0.004594
0.000636
0.004852
0.007702
0.002098
0.006790
0.008872
0.002391
0.003232
0.005495
0.006475
0.004117
0.007730
0.001780
0.000516
0.001010
0.009780
0.009551
0.009779
0.003291
0.006901
0.003287
0.003289
0.008979
0.000295
0.000883
0.008427
0.009177
0.008883
0.007080
0.000601
0.003477
0.007705
0.005443
0.001179
0.009793
0.002232
0.000051
0.002184
0.005454
0.005536
0.008649
0.009561
0.003266
0.000429
0.000078
0.004266
0.000209
0.009619
0.004045
0.003490
0.006520
0.007322
0.006769
0.005499
0.007607
0.007643
0.003926
0.006784
0.006526
0.001006
0.007375
0.009992
0.008701
0.002818
0.001171
0.008494
0.005040
0.001212
0.000679
0.000494
0.006738
0.009317
0.000056
0.009994
0.009737
0.000123
0.004260
0.009935
0.009733
0.008295
0.003426
0.006253
0.005617
0.000195
0.001752
0.003224
0.007828
0.005668
0.009998
0.004354
0.006664
0.007373
0.004346
0.005366
0.000191
0.005507
0.003860
0.005220
0.006709
0.004529
0.005704
0.003447
0.003846
0.005750
0.003441
0.003583
0.005863
0.007691
0.003518
0.005596
0.005986
0.006934
0.001849
0.001602
0.007119
0.003590
0.004816
0.004946
0.009248
0.004814
0.009290
0.005913
0.002187
0.003636
0.001278
0.002367
0.009133
0.005128
0.007578
0.005842
0.009647
0.003282
0.009279
0.003493
0.009022
0.002721
0.007065
0.004885
0.000412
0.000583
0.000481
0.006387
0.007507
0.002320
0.007980
0.004626
0.005900
0.002796
0.009562
0.005148
0.007600
0.008852
0.001061
0.009776
0.002488
0.002329
0.002144
0.001621
0.007447
0.009711
0.007453
0.007094
0.002993
0.006733
0.000586
0.002015
0.009443
0.007642
0.006890
0.009845
0.008215
0.007362
0.006232
0.005722
0.009671
0.004212
0.000348
0.005572
0.006998
0.009900
0.000720
0.004598
0.008753
0.001771
0.004374
0.001241
0.004090
0.006507
0.002852
0.001537
0.006219
0.000306
0.008620
0.009202
0.007028
0.009197
0.001217
0.006472
0.006839
0.008097
0.006317
0.005054
0.005459
0.002549
0.000777
0.005130
0.006751
0.001115
0.000702
0.003749
0.001015
0.001412
0.008336
0.009758
0.003173
0.002710
0.000999
0.007252
0.009208
0.003841
0.008779
0.005426
0.004136
0.007399
0.004628
0.001165
0.006596
0.005835
0.007626
0.003435
0.003932
0.003943
0.008479
0.009381
0.006482
0.009246
0.004511
0.003233
0.000360
0.005203
0.006972
0.001366
0.006605
0.005308
0.001124
0.009768
0.008008
0.002112
0.007020
0.007216
0.005943
0.005799
0.002642
0.000079
0.003198
0.007260
0.001234
0.009785
0.003094
0.008850
0.003220
0.007016
0.002793
0.001699
0.006397
0.009265
0.000945
0.000908
0.002498
0.001295
0.006101
0.009460
0.002651
0.002706
0.004768
0.003765
0.002474
0.002776
0.005867
0.009484
0.009981
0.001810
0.005283
0.002623
0.001879
0.008471
0.009873
0.003103
0.008256
0.002967
0.001954
0.001476
0.009973
0.004737
0.003165
0.006370
0.004002
0.004100
0.007268
0.006490
0.005385
0.003369
0.005950
0.008026
0.006066
0.000717
0.001791
0.008530
0.003483
0.007647
0.008014
0.003464
0.009447
0.003297
0.006077
0.001327
0.001768
0.005950
0.004420
0.000024
0.008907
0.006364
0.001489
0.008880
0.001101
0.004644
0.005250
0.005093
0.008734
0.002518
0.001584
0.004119
0.005878
0.007523
0.002145
0.001944
0.008231
0.003925
0.000473
0.001714
0.001573
0.008477
0.005168
0.001020
0.001774
0.001245
0.002337
0.003532
0.007186
0.006747
0.003546
0.006093
0.003111
0.005025
0.004973
0.004202
0.009659
0.000224
0.009285
0.008393
0.002732
0.000869
0.002512
0.008600
0.008382
0.004647
0.000543
0.006613
0.008562
0.001006
0.008316
0.000135
0.009474
0.003484
0.001146
0.001248
0.004719
0.003473
0.004770
0.001905
0.000220
0.008306
0.007988
0.003321
0.003331
0.002961
0.007513
0.002990
0.003175
0.006798
0.001383
0.005897
0.007657
0.003885
0.004496
0.006039
0.008522
0.005029
0.002652
0.007085
0.006026
0.000968
0.007210
0.005500
0.004442
0.008346
0.006738
0.009151
0.001819
0.001508
0.001056
0.002029
0.009803
0.009034
0.005340
0.003134
0.001995
0.002853
0.006114
0.005160
0.009641
0.007488
0.001056
0.007298
0.001373
0.005543
0.003338
0.009886
0.000572
0.005979
0.006970
0.006587
0.006937
0.004181
0.002087
0.001379
0.002527
0.008814
0.000530
0.004335
0.000322
0.001576
0.006354
0.000125
0.000610
0.001694
0.003250
0.002595
0.004537
0.009354
0.007745
0.004178
0.006842
0.008791
0.001477
0.008205
0.004334
0.004804
0.008091
0.004896
0.000784
0.005062
0.001483
0.007711
0.009232
0.003560
0.009080
0.001759
0.002374
0.009600
0.006084
0.002686
0.001177
0.002439
0.002801
0.001777
0.004123
0.006041
0.004362
0.008650
0.005395
0.002108
0.002829
0.002237
0.000899
0.004295
0.000443
0.005223
0.009090
0.008524
0.000119
0.009863
0.003585
0.001591
0.007574
0.002817
0.005141
0.006655
0.004566
0.007505
0.006255
0.000651
0.000191
0.007422
0.003079
0.002983
0.009189
0.007192
0.009014
0.003552
0.005842
0.004409
0.005649
0.008661
0.006636
0.006538
0.002956
0.007069
0.001761
0.002046
0.005593
0.001869
0.001909
0.009168
0.003451
0.009474
0.001985
0.008582
0.006128
0.006542
0.006087
0.002383
0.007182
0.006268
0.009795
0.000261
0.009241
0.008984
0.007443
0.008254
0.002536
0.003286
0.002663
0.008175
0.001946
0.009289
0.004713
0.004893
0.006358
0.006464
0.006928
0.001951
0.008323
0.008828
0.001119
0.001774
0.008302
0.003094
0.000356
0.004430
0.009625
0.006433
0.006803
0.006808
0.002701
0.006599
0.007059
0.001942
0.005583
0.004502
0.000196
0.008109
0.007778
0.002849
0.006283
0.009714
0.002139
0.000996
0.004607
0.008487
0.007450
0.001535
0.000438
0.005773
0.000363
0.001546
0.007538
0.008655
0.004630
0.007884
0.003085
0.004255
0.004317
0.009878
0.001063
0.007008
0.006477
0.008112
0.008939
0.002060
0.002614
0.009125
0.000168
0.000392
0.001975
0.006442
0.000107
0.004103
0.007428
0.004703
0.002590
0.004878
0.006229
0.003018
0.000652
0.006582
0.004554
0.008179
0.005237
0.009173
0.006063
0.008312
0.003429
0.000379
0.008190
0.004482
0.007377
0.004667
0.002594
0.006316
0.006716
0.005198
0.005442
0.006874
0.005580
0.007406
0.003316
0.005677
0.001510
0.000744
0.000380
0.004090
0.005612
0.006599
0.007097
0.006253
0.003180
0.001651
0.004433
0.008407
0.000824
0.000495
0.006719
0.004243
0.000865
0.004909
0.008715
0.008232
0.009565
0.001308
0.004548
0.006281
0.006496
0.009980
0.003156
0.002076
0.007386
0.006461
0.007743
0.008886
0.007195
0.008113
0.002975
0.002807
0.004712
0.000072
0.009050
0.007882
0.001713
0.003483
0.006289
0.002527
0.003968
0.003008
0.006760
0.004823
0.007907
0.005475
0.003054
0.007472
0.006773
0.007592
0.003754
0.003270
0.007572
0.006899
0.005336
0.004958
0.003361
0.003079
0.003843
0.000556
0.001192
0.006808
0.003353
0.005894
0.006871
0.002403
0.003776
0.008574
0.005876
0.000066
0.001101
0.009835
0.003064
0.007851
0.004658
0.000971
0.003326
0.007702
0.008433
0.000099
0.005294
0.002187
0.003359
0.002866
0.009076
0.008685
0.007813
0.002437
0.001764
0.001656
0.002982
0.002946
0.008455
0.006325
0.008831
0.005325
0.008719
0.002607
0.003899
0.004595
0.002663
0.004990
0.004430
0.005717
0.002841
0.009077
0.006678
0.006156
0.006779
0.005111
0.006246
0.002073
0.007288
0.009594
0.004929
0.006364
0.008279
0.002742
0.008791
0.000043
0.004389
0.001773
0.002980
0.002844
0.008088
0.001811
0.008159
0.006807
0.004408
0.002058
0.001402
0.007061
0.007037
0.005822
0.002778
0.009868
0.004899
0.009446
0.006024
0.001678
0.004557
0.002270
0.003742
0.001846
0.001864
0.008661
0.008200
0.000143
0.001403
0.006990
0.000177
0.005782
0.008754
0.003147
0.008615
0.006842
0.004947
0.006774
0.003649
0.009345
0.008822
0.005041
0.006406
0.005859
0.000863
0.009173
0.005727
0.005752
0.008619
0.001751
0.007421
0.003177
0.004011
0.001162
0.005012
0.005865
0.009813
0.003212
0.005998
0.001216
0.000203
0.006165
0.006988
0.008946
0.009302
0.005603
0.005788
0.004249
0.002378
0.009427
0.003594
0.001200
0.004468
0.009990
0.007049
0.005321
0.009163
0.002776
0.001074
0.007782
0.004517
0.008485
0.000959
0.008518
0.009637
0.005961
0.004383
0.009450
0.009163
0.000381
0.000666
0.009356
0.006537
0.007644
0.008302
0.005839
0.003247
0.004090
0.000088
0.005615
0.003517
0.003672
0.006804
0.007975
0.003661
0.003853
0.003296
0.002824
0.006619
0.004360
0.000607
0.001136
0.002845
0.001555
0.009644
0.002481
0.007506
0.004027
0.001931
0.006669
0.004399
0.002587
0.006025
0.000935
0.000231
0.004327
0.006764
0.003469
0.008406
0.006842
0.009073
0.001923
0.000514
0.005878
0.009888
0.004165
0.009721
0.003184
0.006980
0.006340
0.007534
0.007576
0.007466
0.000379
0.009121
0.007111
0.002850
0.006628
0.001138
0.004772
0.003297
0.005527
0.007349
0.009312
0.006452
0.007570
0.003639
0.003216
0.001039
0.002046
0.000058
0.000112
0.003959
0.000561
0.005980
0.003847
0.004717
0.005701
0.007021
0.001696
0.002041
0.004555
0.009262
0.009498
0.004924
0.008384
0.006608
0.007764
0.005011
0.007736
0.002536
0.008299
0.003263
0.009875
0.007611
0.009704
0.007445
0.001250
0.002920
0.008474
0.003286
0.002968
0.008576
0.007234
0.003520
0.004556
0.001081
0.008226
0.000258
0.008092
0.009913
0.002289
0.002647
0.009175
0.001786
0.007561
0.007558
0.008385
0.005325
0.002570
0.006121
0.007850
0.000869
0.009373
0.007725
0.008470
0.009078
0.005170
0.009710
0.001998
0.003644
0.002995
0.004956
0.002221
0.000230
0.008466
0.006767
0.001301
0.006692
0.007015
0.009382
0.006605
0.009294
0.002029
0.005780
0.001080
0.009580
0.003338
0.009455
0.004905
0.005898
0.005575
0.002755
0.006757
0.004948
0.000481
0.005226
0.004026
0.005641
0.004936
0.006014
0.009275
0.007921
0.000970
0.001496
0.008141
0.009426
0.008253
0.009432
0.006118
0.005267
0.008814
0.002723
0.004561
0.000844
0.008493
0.005631
0.000424
0.001831
0.005085
0.005319
0.007719
0.000660
0.008064
0.004476
0.005599
0.008535
0.009692
0.009614
0.004176
0.004628
0.005628
0.003451
0.002550
0.006588
0.004936
0.000691
0.006015
0.003189
0.000123
0.002133
0.008446
0.008927
0.004846
0.003007
0.009761
0.003340
0.008628
0.000185
0.005161
0.003713
0.005493
0.002880
0.004364
0.003558
0.007346
0.009952
0.002092
0.007038
0.009567
0.006258
0.001666
0.005195
0.009699
0.004206
0.001784
0.004635
0.004887
0.007788
0.007814
0.005000
0.009911
0.006260
0.003927
0.004758
0.009257
0.003688
0.008087
0.007885
0.003862
0.003248
0.001599
0.009346
0.006118
0.005952
0.002903
0.003464
0.005905
0.004986
0.000502
0.005471
0.001244
0.002159
0.000667
0.000943
0.006355
0.002440
0.005568
0.001242
0.000228
0.003382
0.006232
0.000140
0.009632
0.000159
0.004887
0.008889
0.003836
0.002975
0.006775
0.007688
0.006213
0.008363
0.007034
0.002331
0.004315
0.009927
0.005785
0.000220
0.004913
0.006278
0.005681
0.006147
0.008426
0.006338
0.007080
0.004781
0.008768
0.002647
0.006013
0.008986
0.006019
0.002245
0.009116
0.005651
0.002394
0.004003
0.004540
0.006220
0.006968
0.001315
0.003908
0.003181
0.009668
0.000942
0.005502
0.003983
0.000870
0.001287
0.004193
0.005773
0.007555
0.009865
0.001920
0.005981
0.006203
0.008990
0.000763
0.004971
0.001637
0.006766
0.003957
0.007646
0.009001
0.003073
0.003297
0.001395
0.007066
0.007828
0.007605
0.004035
0.009132
0.001513
0.007206
0.008800
0.002446
0.002708
0.002784
0.003306
0.003985
0.006967
0.009069
0.001540
0.006832
0.000989
0.007511
0.003035
0.009969
0.008264
0.007995
0.001606
0.005030
0.001952
0.009243
0.004031
0.005015
0.002540
0.005416
0.002081
0.000368
0.003021
0.006106
0.009490
0.004525
0.003312
0.008290
0.006960
0.006010
0.001074
0.000266
0.009985
0.008031
0.009325
0.001525
0.004863
0.000314
0.009026
0.007888
0.000283
0.007290
0.005883
0.001879
0.002321
0.007825
0.001122
0.006342
0.002840
0.003652
0.001758
0.004911
0.004010
0.004770
0.001017
0.003500
0.009284
0.004319
0.001790
0.006245
0.000328
0.002854
0.006501
0.000313
0.000886
0.005826
0.001828
0.005739
0.006130
0.000854
0.003627
0.006403
0.008135
0.009500
0.008272
0.000455
0.007325
0.009384
0.006787
0.000165
0.003036
0.008535
0.005066
0.007036
0.003305
0.006073
0.000536
0.002589
0.000392
0.002316
0.008824
0.000710
0.005160
0.005325
0.001013
0.006036
0.001150
0.002831
0.001775
0.007270
0.003675
0.005392
0.003672
0.001809
0.004892
0.001944
0.002254
0.002217
0.001329
0.009031
0.002372
0.004355
0.007567
0.007428
0.001391
0.000872
0.003501
0.001917
0.003451
0.003882
0.004223
0.002275
0.004582
0.009373
0.007590
0.005585
0.005409
0.008731
0.008405
0.007174
0.006000
0.002080
0.002566
0.009663
0.003879
0.007448
0.001607
0.006124
0.009655
0.002926
0.005155
0.002027
0.007271
0.002722
0.009445
0.008653
0.003584
0.002946
0.000570
0.007025
0.006819
0.004783
0.009291
0.001401
0.004156
0.006881
0.006976
0.009556
0.005611
0.005381
0.006730
0.001612
0.007451
0.009286
0.001274
0.001330
0.006734
0.002872
0.007444
0.006389
0.005787
0.002599
0.008406
0.003058
0.005311
0.007852
0.001711
0.008885
0.000798
0.002271
0.005910
0.007606
0.007044
0.005201
0.008997
0.001200
0.002081
0.005973
0.000756
0.007683
0.001353
0.007476
0.009285
0.008794
0.006762
0.000559
0.000125
0.003496
0.003421
0.007559
0.009875
0.009198
0.000158
0.008281
0.002256
0.005458
0.006133
0.003957
0.004343
0.006921
0.006218
0.000253
0.004527
0.003262
0.005444
0.003524
0.004453
0.007515
0.009486
0.005199
0.005198
0.000840
0.002674
0.004483
0.009624
0.009426
0.005032
0.009739
0.002922
0.008442
0.007297
0.002797
0.007640
0.007445
0.001078
0.009887
0.002903
0.007201
0.003844
0.007236
0.004122
0.000062
0.007479
0.008639
0.003315
0.002923
0.002163
0.007757
0.000438
0.001649
0.002956
0.005626
0.002479
0.005620
0.000109
0.002103
0.005047
0.005130
0.001842
0.007959
0.003572
0.009129
0.000756
0.001212
0.006574
0.001824
0.001099
0.009468
0.009016
0.004933
0.006704
0.003137
0.004985
0.004183
0.001776
0.008290
0.007096
0.003929
0.006047
0.007524
0.005568
0.008993
0.003151
0.008037
0.004613
0.003249
0.000140
0.009649
0.008369
0.001972
0.007608
0.001942
0.001102
0.008354
0.003144
0.007666
0.000178
0.004233
0.007134
0.009183
0.009156
0.003838
0.002321
0.004142
0.008011
0.004087
0.002431
0.005108
0.008006
0.008468
0.002632
0.003574
0.007461
0.005773
0.001611
0.002074
0.009012
0.001741
0.001723
0.007381
0.003703
0.009321
0.009313
0.004795
0.007675
0.002457
0.002461
0.007843
0.006681
0.009584
0.007027
0.005837
0.003422
0.009338
0.009969
0.001434
0.003425
0.002400
0.006531
0.001431
0.000868
0.009153
0.004994
0.008319
0.004926
0.006595
0.000393
0.003938
0.008326
0.002106
0.001319
0.002029
0.001427
0.000632
0.006813
0.009093
0.003080
0.009264
0.006936
0.009750
0.008848
0.003962
0.005587
0.002271
0.003300
0.005556
0.003694
0.006715
0.007946
0.000225
0.008135
0.008804
0.009369
0.003130
0.007123
0.004295
0.009714
0.007505
0.008223
0.008040
0.009601
0.009532
0.000069
0.001029
0.000164
0.006872
0.000121
0.003234
0.006136
0.007047
0.002984
0.004984
0.001009
0.008562
0.007245
0.004299
0.004118
0.000939
0.001014
0.002063
0.001155
0.009139
0.000867
0.000523
0.002269
0.007980
0.004808
0.001983
0.005485
0.003031
0.000024
0.005086
0.002562
0.000082
0.006105
0.002716
0.006944
0.006216
0.005940
0.003080
0.003263
0.008914
0.008054
0.004262
0.007475
0.005299
0.008552
0.001593
0.006229
0.009556
0.003646
0.007373
0.008695
0.004503
0.007887
0.000964
0.002483
0.002695
0.002938
0.007958
0.005715
0.002951
0.003044
0.008268
0.003023
0.009138
0.000984
0.009957
0.005354
0.006913
0.003037
0.008607
0.005827
0.001092
0.002869
0.003302
0.006381
0.001421
0.004885
0.002610
0.000977
0.008521
0.009973
0.009662
0.003024
0.007860
0.000626
0.005497
0.000555
0.003554
0.003455
0.006260
0.006495
0.006488
0.004528
0.009508
0.005627
0.005501
0.009465
0.000981
0.002415
0.002503
0.009578
0.008232
0.003584
0.002447
0.001534
0.009956
0.003858
0.006409
0.002566
0.004824
0.004930
0.002539
0.004486
0.007945
0.000399
0.005102
0.003442
0.000944
0.008646
0.006887
0.007194
0.005140
0.003375
0.001722
0.004648
0.008991
0.007213
0.004113
0.009962
0.009618
0.006606
0.009540
0.007850
0.000191
0.001986
0.009374
0.000146
0.005834
0.005783
0.002702
0.000658
0.000714
0.005231
0.005134
0.008649
0.005620
0.000236
0.002091
0.006553
0.008872
0.008967
0.003747
0.004013
0.002342
0.005459
0.008651
0.001334
0.002673
0.002764
0.001296
0.002291
0.009360
0.000835
0.000141
0.009541
0.002811
0.009505
0.009677
0.008635
0.005288
0.002379
0.009283
0.005992
0.007600
0.004418
0.004641
0.003219
0.004644
0.006721
0.009763
0.003516
0.005688
0.003510
0.007519
0.008020
0.008959
0.006169
0.009344
0.001632
0.008924
0.000639
0.003912
0.008284
0.001465
0.004043
0.007825
0.004266
0.003548
0.007502
0.002901
0.008826
0.009871
0.002185
0.004818
0.007471
0.006592
0.009448
0.000691
0.001236
0.006169
0.000453
0.004742
0.001857
0.003954
0.002261
0.009868
0.002913
0.008420
0.009211
0.004535
0.007344
0.009841
0.008437
0.005628
0.001305
0.002480
0.003453
0.005561
0.006018
0.000955
0.008452
0.004844
0.000827
0.000637
0.009651
0.008288
0.007219
0.009099
0.008968
0.008445
0.005269
0.009412
0.003187
0.007116
0.003365
0.005438
0.006984
0.006268
0.003858
0.006195
0.000803
0.001201
0.006035
0.009230
0.006819
0.007330
0.001711
0.000272
0.002891
0.007719
0.001217
0.001344
0.002562
0.002033
0.001971
0.002214
0.000321
0.009180
0.001313
0.009280
0.007625
0.006572
0.008691
0.000812
0.003688
0.002057
0.006239
0.000671
0.008315
0.000097
0.006856
0.009108
0.001288
0.002892
0.008339
0.008097
0.000222
0.000049
0.008359
0.003104
0.007758
0.009566
0.004437
0.000321
0.001599
0.006398
0.002524
0.001910
0.005578
0.003828
0.001190
0.003202
0.000399
0.009871
0.004004
0.004077
0.001928
0.000243
0.004739
0.000243
0.000330
0.001595
0.009341
0.001608
0.004477
0.007680
0.009695
0.004689
0.007719
0.008054
0.007782
0.005478
0.007620
0.002220
0.005788
0.009210
0.008608
