0.002245
0.000952
0.004083
0.000698
0.007595
0.007156
0.006211
0.002993
0.009364
0.001785
0.000261
0.005605
0.005718
0.001477
0.007951
0.007582
0.003508
0.006687
0.001895
0.009186
0.003050
0.005462
0.002297
0.005995
0.009440
0.000892
0.009479
0.002147
0.007330
0.001261
0.008328
0.009565
0.002203
0.002411
0.000264
0.009787
0.009557
0.006465
0.002781
0.008921
0.008240
0.003032
0.004526
0.003958
0.004499
0.002476
0.001540
0.007998
0.009153
0.003425
0.007184
0.002204
0.008877
0.009471
0.008189
0.008317
0.000363
0.007668
0.000464
0.007683
0.008919
0.008781
0.007249
0.001122
0.001192
0.007503
0.000909
0.000749
0.003968
0.003680
0.009660
0.002208
0.006702
0.004185
0.006156
0.001201
0.006652
0.007686
0.009189
0.005805
0.001111
0.006373
0.007999
0.009978
0.005844
0.006188
0.008295
0.006197
0.003856
0.008749
0.003881
0.002775
0.007531
0.001130
0.003886
0.008713
0.008622
0.004785
0.009451
0.002590
0.008455
0.009111
0.004788
0.005157
0.003297
0.000944
0.006348
0.009938
0.008620
0.005537
0.005743
0.009721
0.001910
0.003742
0.009699
0.007744
0.009920
0.007995
0.003941
0.003776
0.006744
0.007812
0.006540
0.004274
0.008931
0.000427
0.002987
0.007553
0.005202
0.002438
0.000143
0.003657
0.001549
0.004921
0.008804
0.004836
0.005855
0.005152
0.004774
0.004475
0.000688
0.000518
0.004196
0.002588
0.004250
0.003896
0.000332
0.004170
0.001890
0.004263
0.007936
0.008624
0.002075
0.004476
0.002898
0.001006
0.004893
0.005875
0.008549
0.000095
0.008303
0.008683
0.003742
0.009842
0.003604
0.002546
0.004678
0.009449
0.007688
0.009442
0.003924
0.008366
0.009950
0.008111
0.000954
0.004200
0.002007
0.001276
0.008360
0.003887
0.005529
0.006296
0.002511
0.007593
0.000772
0.005399
0.008589
0.005655
0.001274
0.007138
0.005740
0.009568
0.005821
0.009472
0.009410
0.009415
0.002018
0.004088
0.008864
0.009696
0.003530
0.002788
0.008062
0.003480
0.000899
0.009006
0.007670
0.002896
0.000282
0.006030
0.006773
0.005801
0.002326
0.009274
0.003394
0.003088
0.004674
0.001984
0.008733
0.005938
0.009112
0.004473
0.005506
0.004933
0.003945
0.004916
0.004348
0.005953
0.008994
0.003212
0.005649
0.002524
0.005990
0.003711
0.005995
0.006879
0.002716
0.003665
0.009765
0.002988
0.009685
0.006538
0.008779
0.002011
0.005813
0.002174
0.005089
0.000486
0.004147
0.003822
0.006415
0.003259
0.008285
0.001921
0.008182
0.002230
0.006826
0.002530
0.008173
0.005820
0.005732
0.003822
0.008334
0.001722
0.007523
0.004329
0.008591
0.000239
0.007984
0.008356
0.003218
0.007669
0.004895
0.001997
0.009669
0.000707
0.004160
0.004758
0.001184
0.008298
0.008570
0.007589
0.001557
0.006856
0.009499
0.009729
0.009076
0.006325
0.002259
0.007249
0.002145
0.007980
0.001071
0.000480
0.009692
0.008584
0.004799
0.008283
0.008813
0.002782
0.006639
0.002030
0.000451
0.001534
0.004017
0.000120
0.002231
0.008168
0.004869
0.003405
0.006465
0.003439
0.000994
0.008012
0.000295
0.000493
0.007741
0.009361
0.006808
0.009990
0.006610
0.008943
0.007970
0.007671
0.009413
0.007662
0.006255
0.004212
0.005945
0.005068
0.006984
0.002585
0.007088
0.007425
0.004109
0.001105
0.007535
0.006330
0.009263
0.002404
0.009726
0.005728
0.005833
0.000719
0.003740
0.006118
0.001202
0.001481
0.005478
0.008000
0.001471
0.002088
0.006944
0.009432
0.009748
0.006357
0.007094
0.006003
0.000569
0.003040
0.001071
0.007543
0.005614
0.008149
0.004968
0.009713
0.009244
0.002503
0.006044
0.008507
0.004897
0.005769
0.004235
0.000729
0.006478
0.007965
0.006837
0.007671
0.009436
0.002315
0.005671
0.000908
0.004393
0.002615
0.000340
0.004141
0.008962
0.007424
0.000144
0.009521
0.000463
0.001205
0.007063
0.006068
0.009344
0.002031
0.005781
0.008587
0.004524
0.001825
0.007094
0.009410
0.007584
0.001329
0.000140
0.004062
0.009284
0.006967
0.001733
0.008720
0.009272
0.007394
0.009618
0.003665
0.009998
0.009947
0.007796
0.008960
0.007371
0.007930
0.008480
0.007825
0.009125
0.005544
0.003893
0.008469
0.007565
0.009664
0.007056
0.002089
0.001489
0.004150
0.001499
0.009062
0.005468
0.001629
0.003124
0.004752
0.008586
0.004847
0.003472
0.007858
0.002241
0.003090
0.001523
0.002239
0.003037
0.009308
0.001199
0.000408
0.007239
0.009669
0.008223
0.006364
0.005213
0.002115
0.004832
0.002778
0.001779
0.001888
0.004857
0.003258
0.006028
0.006347
0.002320
0.001496
0.007966
0.005435
0.006238
0.006552
0.000282
0.009699
0.004410
0.002512
0.002789
0.005923
0.004741
0.005816
0.005231
0.005930
0.006214
0.002470
0.005600
0.004437
0.008823
0.000813
0.006543
0.003655
0.003581
0.008312
0.005533
0.008429
0.001570
0.001560
0.004775
0.003880
0.003046
0.002741
0.009304
0.009274
0.009283
0.009576
0.008973
0.003693
0.002089
0.001762
0.009606
0.006820
0.007568
0.004837
0.002750
0.003783
0.007296
0.008340
0.008210
0.006120
0.009143
0.004752
0.009765
0.002724
0.003064
0.005297
0.001153
0.004624
0.006848
0.005918
0.008493
0.009884
0.008650
0.007798
0.009158
0.007933
0.007374
0.008131
0.001626
0.009452
0.009884
0.001232
0.006272
0.007452
0.006059
0.009013
0.001235
0.003355
0.007352
0.009434
0.009465
0.006496
0.004187
0.009229
0.009210
0.007241
0.004527
0.000363
0.001864
0.001375
0.006271
0.000358
0.001259
0.004921
0.008146
0.000417
0.002854
0.005520
0.008538
0.004470
0.004972
0.008422
0.005692
0.001244
0.005874
0.001751
0.000257
0.007098
0.005096
0.007599
0.006533
0.004561
0.004095
0.000720
0.003790
0.003305
0.007950
0.008307
0.003658
0.009805
0.009672
0.009919
0.000163
0.000931
0.004840
0.008299
0.001338
0.007684
0.003818
0.009866
0.002153
0.008780
0.008288
0.007835
0.000025
0.004162
0.009576
0.000272
0.001260
0.004672
0.007861
0.007783
0.009223
0.001956
0.008493
0.003013
0.005251
0.006443
0.001320
0.008899
0.006248
0.000993
0.008818
0.006401
0.001914
0.003658
0.004700
0.003242
0.001342
0.008508
0.003108
0.003485
0.007288
0.001396
0.001320
0.007303
0.005548
0.000896
0.007565
0.006798
0.005557
0.005426
0.004582
0.004780
0.007373
0.003074
0.007783
0.002624
0.009507
0.009093
0.001523
0.005755
0.000086
0.000341
0.002156
0.001990
0.003990
0.006846
0.005222
0.005322
0.005354
0.008320
0.008797
0.002642
0.009706
0.000117
0.009935
0.005254
0.001002
0.007500
0.002052
0.006550
0.002927
0.006624
0.001330
0.000300
0.009688
0.009103
0.002914
0.009196
0.008196
0.004427
0.004951
0.008272
0.004758
0.007098
0.000262
0.008738
0.003943
0.005474
0.004060
0.009287
0.003794
0.002856
0.001929
0.003500
0.002963
0.001864
0.008744
0.003955
0.009355
0.000796
0.000505
0.002282
0.007410
0.001825
0.002571
0.007099
0.000928
0.005475
0.006294
0.009114
0.009892
0.001246
0.007386
0.004650
0.008333
0.007638
0.003388
0.002277
0.003112
0.007438
0.001564
0.006896
0.000294
0.003483
0.000395
0.003247
0.005338
0.009129
0.007192
0.004692
0.009916
0.007688
0.006964
0.007326
0.009503
0.009525
0.004425
0.000430
0.005000
0.000720
0.009534
0.004892
0.001955
0.006921
0.009532
0.000288
0.004559
0.002920
0.002555
0.007661
0.000358
0.004109
0.004557
0.000642
0.007582
0.004942
0.003879
0.002920
0.004072
0.001071
0.007602
0.003988
0.008749
0.004566
0.001314
0.008251
0.004091
0.005729
0.008672
0.009082
0.006439
0.008206
0.003974
0.008384
0.005127
0.003506
0.008662
0.009676
0.006416
0.001217
0.007337
0.006764
0.005316
0.001894
0.007396
0.002899
0.006826
0.001275
0.005808
0.000897
0.002336
0.003410
0.004875
0.001085
0.007966
0.006179
0.009326
0.002057
0.001908
0.007998
0.001139
0.008337
0.006204
0.005103
0.006720
0.001331
0.008599
0.005383
0.001006
0.005016
0.006590
0.008333
0.001780
0.001907
0.000227
0.009166
0.004795
0.007042
0.000442
0.000603
0.007930
0.002768
0.004003
0.002805
0.003843
0.001969
0.008974
0.003169
0.004017
0.000882
0.001167
0.005146
0.009208
0.007361
0.000249
0.005929
0.008681
0.008838
0.001312
0.009678
0.003853
0.007892
0.008011
0.005623
0.009789
0.008228
0.004790
0.004584
0.005270
0.005222
0.005177
0.003200
0.007980
0.009171
0.005994
0.001823
0.001140
0.004968
0.004982
0.005147
0.005840
0.006139
0.000293
0.005048
0.003500
0.000532
0.000977
0.002181
0.009360
0.002279
0.001859
0.003213
0.000171
0.009860
0.008827
0.009949
0.008087
0.003617
0.004533
0.003357
0.008828
0.009700
0.006547
0.006808
0.008871
0.002541
0.008621
0.000011
0.007499
0.003602
0.005148
0.003339
0.009731
0.005431
0.008378
0.003231
0.005953
0.009345
0.005402
0.005312
0.001623
0.007251
0.008515
0.001784
0.007110
0.007342
0.001733
0.005197
0.000958
0.006256
0.008544
0.009777
0.005957
0.005091
0.006584
0.004828
0.007622
0.005205
0.004829
0.005121
0.008797
0.009967
0.008451
0.008529
0.005398
0.006828
0.001760
0.001351
0.006173
0.007152
0.006653
0.007786
0.004402
0.005169
0.009560
0.001512
0.002511
0.001293
0.006699
0.003459
0.007539
0.005243
0.003236
0.003496
0.000334
0.009810
0.008314
0.007946
0.005015
0.003143
0.003068
0.003813
0.003110
0.001518
0.002342
0.008498
0.008336
0.004091
0.009839
0.004509
0.001243
0.006492
0.002295
0.005635
0.001661
0.001855
0.007137
0.004162
0.003138
0.003837
0.007611
0.000677
0.009070
0.000847
0.004163
0.009394
0.000657
0.002477
0.007340
0.005662
0.005609
0.000408
0.009465
0.008709
0.001916
0.001806
0.007207
0.000252
0.005887
0.007047
0.004751
0.007120
0.003539
0.007036
0.002755
0.005190
0.008881
0.009882
0.009342
0.002019
0.003719
0.006953
0.002686
0.002789
0.007789
0.006839
0.002183
0.008436
0.009306
0.009514
0.004098
0.004915
0.009912
0.003563
0.003624
0.001828
0.005359
0.000832
0.002070
0.001246
0.007868
0.006811
0.008357
0.001407
0.003848
0.001112
0.006587
0.002729
0.000994
0.005929
0.004739
0.004703
0.002882
0.007415
0.007482
0.000671
0.004254
0.009655
0.009097
0.003560
0.009169
0.003195
0.008466
0.009081
0.006747
0.002090
0.000908
0.002106
0.002912
0.002969
0.003343
0.000780
0.009770
0.001699
0.002177
0.003618
0.002801
0.008754
0.006337
0.003786
0.004683
0.001076
0.008479
0.007555
0.008481
0.005961
0.008216
0.002735
0.005616
0.007312
0.006285
0.004785
0.000507
0.004751
0.003866
0.007245
0.006831
0.004764
0.009341
0.009732
0.007723
0.002684
0.000512
0.007493
0.004373
0.002679
0.001111
0.007164
0.001433
0.007438
0.000950
0.006107
0.008504
0.009419
0.003662
0.006984
0.005380
0.001877
0.009709
0.000996
0.009180
0.005995
0.005771
0.009677
0.000745
0.009627
0.006921
0.007566
0.004391
0.006262
0.007298
0.002114
0.008936
0.007800
0.009597
0.003309
0.000479
0.000708
0.000473
0.001902
0.008136
0.001413
0.007999
0.006640
0.000831
0.001660
0.003624
0.006201
0.003528
0.003334
0.007187
0.002708
0.009318
0.002958
0.002385
0.000064
0.002585
0.009296
0.007620
0.006966
0.005558
0.004918
0.009070
0.004494
0.002718
0.008668
0.007793
0.003188
0.009366
0.008256
0.005080
0.007502
0.009659
0.003079
0.004142
0.000490
0.004729
0.007757
0.006681
0.008247
0.001090
0.003867
0.000955
0.000409
0.006815
0.003329
0.000462
0.009390
0.002625
0.008072
0.006356
0.008174
0.002990
0.005426
0.002668
0.005699
0.004094
0.000461
0.008876
0.003460
0.008707
0.003956
0.000962
0.008365
0.007025
0.005095
0.008845
0.001754
0.002851
0.005526
0.009991
0.003932
0.009384
0.000946
0.004331
0.006199
0.004265
0.004783
0.005588
0.006881
0.002855
0.001944
0.005054
0.005836
0.007360
0.007712
0.001534
0.001454
0.008163
0.000411
0.004904
0.006870
0.004357
0.005856
0.005235
0.001382
0.000951
0.004081
0.003126
0.003793
0.009597
0.003117
0.007714
0.008980
0.004053
0.002045
0.005179
0.008309
0.006818
0.000767
0.005189
0.009663
0.002702
0.000243
0.005499
0.000062
0.007946
0.007024
0.001507
0.006109
0.007424
0.006401
0.002979
0.001781
0.002257
0.008204
0.003153
0.003198
0.002285
0.006269
0.006981
0.001882
0.009376
0.004695
0.000862
0.003430
0.006730
0.006031
0.001739
0.003548
0.006789
0.006918
0.003212
0.009480
0.007151
0.008701
0.009532
0.005097
0.005725
0.001039
0.001205
0.003149
0.007430
0.004174
0.004920
0.009677
0.002378
0.008063
0.002875
0.004653
0.004332
0.009846
0.006524
0.003709
0.004541
0.007376
0.007128
0.001271
0.003407
0.008857
0.004810
0.000196
0.005775
0.008011
0.009666
0.002926
0.006712
0.009198
0.008013
0.002437
0.000237
0.009208
0.005576
0.007657
0.003382
0.000496
0.007334
0.005750
0.008549
0.000209
0.000403
0.002881
0.000055
0.006917
0.006580
0.004586
0.004293
0.003708
0.005847
0.007691
0.002565
0.000657
0.007877
0.008330
0.008658
0.007543
0.001256
0.005370
0.006741
0.009259
0.007797
0.006969
0.008467
0.003373
0.004626
0.001850
0.003859
0.001959
0.007590
0.002408
0.002158
0.007983
0.005280
0.002203
0.004900
0.001860
0.006779
0.009183
0.005558
0.002626
0.006874
0.008113
0.003273
0.004751
0.006444
0.001931
0.002294
0.007690
0.007291
0.009025
0.006949
0.005088
0.005994
0.005416
0.008451
0.000619
0.007256
0.002310
0.002569
0.004846
0.004708
0.004717
0.002829
0.009978
0.006910
0.007719
0.001837
0.003689
0.006902
0.007385
0.006305
0.003776
0.005499
0.009568
0.008517
0.001942
0.001499
0.000810
0.009622
0.008780
0.009825
0.006571
0.003869
0.005819
0.001987
0.002320
0.006428
0.009233
0.004620
0.008987
0.004080
0.009318
0.003704
0.006899
0.009296
0.000614
0.004617
0.001133
0.004293
0.001519
0.008509
0.000599
0.005285
0.004007
0.000167
0.003802
0.005940
0.001656
0.004602
0.005562
0.000437
0.004427
0.002133
0.004295
0.000246
0.004110
0.006605
0.006664
0.003344
0.001225
0.005650
0.007413
0.000543
0.009344
0.004312
0.009830
0.009948
0.008919
0.000963
0.004242
0.000438
0.009462
0.004830
0.005714
0.003469
0.004987
0.009506
0.009399
0.006634
0.004108
0.004961
0.007060
0.008525
0.007083
0.001356
0.008761
0.001194
0.007951
0.005425
0.004527
0.009166
0.001075
0.001940
0.009699
0.000420
0.006242
0.009529
0.000368
0.005161
0.000492
0.004599
0.005589
0.009944
0.009420
0.001303
0.003413
0.004407
0.000809
0.002812
0.001041
0.004907
0.007762
0.008091
0.003432
0.004846
0.009437
0.002193
0.006029
0.007388
0.007608
0.000557
0.006554
0.008674
0.002487
0.006253
0.009083
0.008719
0.005782
0.009441
0.003880
0.006264
0.004041
0.009459
0.006207
0.003460
0.000762
0.009610
0.007857
0.001561
0.002422
0.008888
0.006458
0.000185
0.006979
0.009880
0.005020
0.006416
0.002074
0.001050
0.003804
0.009672
0.001596
0.000357
0.008346
0.004073
0.006600
0.007429
0.002792
0.002382
0.006870
0.006662
0.008635
0.000911
0.006121
0.004843
0.004361
0.006873
0.004453
0.002219
0.008425
0.006865
0.001107
0.004883
0.007040
0.008076
0.004763
0.002060
0.004492
0.006827
0.003100
0.008285
0.006499
0.004686
0.008632
0.004844
0.008750
0.005232
0.002273
0.001542
0.007604
0.009133
0.008193
0.006239
0.000044
0.004315
0.001082
0.004396
0.001188
0.005525
0.006604
0.009603
0.002390
0.007701
0.004486
0.009420
0.005776
0.009239
0.001480
0.000268
0.006066
0.004570
0.008543
0.002564
0.009246
0.007175
0.007398
0.007996
0.002408
0.009662
0.009527
0.000012
0.008795
0.007721
0.006241
0.008829
0.002035
0.007313
0.003225
0.003213
0.002838
0.009819
0.002816
0.005218
0.007520
0.007292
0.004637
0.003296
0.006531
0.006107
0.003554
0.002596
0.000677
0.002097
0.005151
0.009913
0.009262
0.002549
0.007908
0.001670
0.002211
0.007436
0.001672
0.001006
0.005156
0.007902
0.009825
0.007182
0.005215
0.003050
0.000395
0.008043
0.002869
0.003201
0.003260
0.000389
0.000493
0.007888
0.003675
0.007014
0.003995
0.007219
0.009600
0.004662
0.009306
0.004751
0.004574
0.008568
0.007290
0.002483
0.000238
0.009491
0.009908
0.001900
0.000497
0.005065
0.009792
0.000322
0.002246
0.005007
0.003362
0.002631
0.003050
0.006222
0.005822
0.006300
0.006601
0.006305
0.004188
0.000276
0.003319
0.008173
0.007484
0.002919
0.002835
0.006790
0.007660
0.007399
0.005359
0.004950
0.009872
0.005587
0.004441
0.009780
0.007477
0.004927
0.004845
0.007269
0.005239
0.007082
0.002277
0.008592
0.009703
0.005317
0.004813
0.005525
0.001617
0.001414
0.001830
0.005795
0.001680
0.005139
0.003968
0.009154
0.008048
0.006793
0.005945
0.005708
0.004192
0.001303
0.000658
0.004064
0.006880
0.005089
0.003845
0.004357
0.000016
0.008680
0.001627
0.005246
0.005761
0.003894
0.003837
0.005464
0.009200
0.008641
0.000989
0.000818
0.000055
0.002810
0.006603
0.001725
0.007939
0.000571
0.000879
0.005987
0.007354
0.006813
0.001696
0.001547
0.008106
0.002344
0.005601
0.004987
0.007423
0.009435
0.009334
0.007429
0.008115
0.000961
0.002675
0.003877
0.004845
0.006502
0.009331
0.004045
0.005143
0.000320
0.004853
0.005188
0.003120
0.001456
0.006902
0.001058
0.002017
0.007771
0.007036
0.009362
0.004584
0.008721
0.000908
0.002690
0.001065
0.006499
0.007667
0.008478
0.005934
0.007001
0.005907
0.004050
0.007952
0.008572
0.007917
0.002797
0.005073
0.007248
0.006832
0.000216
0.007558
0.001684
0.005394
0.000677
0.003130
0.002296
0.001726
0.005137
0.000067
0.008752
0.004499
0.004641
0.007473
0.005397
0.007321
0.008528
0.001896
0.004988
0.007006
0.007820
0.001989
0.002913
0.001870
0.009931
0.001484
0.009777
0.002728
0.006548
0.007024
0.009550
0.006754
0.004582
0.001234
0.002148
0.005249
0.004354
0.004433
0.006965
0.009481
0.004490
0.005717
0.003980
0.009121
0.003190
0.009367
0.006442
0.001718
0.001263
0.001430
0.008714
0.009073
0.003409
0.001626
0.000943
0.003341
0.003101
0.000720
0.006059
0.009638
0.007735
0.005609
0.006392
0.002317
0.006832
0.008530
0.007556
0.001187
0.002964
0.004521
0.000668
0.007444
0.000238
0.004638
0.006564
0.003417
0.004005
0.003006
0.005125
0.005257
0.004426
0.003839
0.004330
0.007825
0.005455
0.005264
0.001166
0.008546
0.005974
0.007215
0.008184
0.003709
0.002823
0.004577
0.006015
0.009646
0.003107
0.003571
0.000832
0.006060
0.008083
0.001490
0.003504
0.008310
0.006118
0.000068
0.001728
0.000122
0.003064
0.006843
0.005370
0.007480
0.000681
0.009690
0.005305
0.006126
0.004954
0.006462
0.004672
0.000928
0.003676
0.002856
0.004627
0.006490
0.007423
0.000642
0.006136
0.000529
0.004203
0.006958
0.006580
0.002286
0.008438
0.000084
0.000596
0.004556
0.000142
0.002314
0.004668
0.003196
0.009147
0.000038
0.000676
0.009819
0.009718
0.005972
0.005945
0.004672
0.002433
0.000617
0.005590
0.006100
0.003463
0.000216
0.002590
0.000885
0.000848
0.008715
0.001405
0.005042
0.005673
0.007974
0.007318
0.004112
0.008048
0.007904
0.008658
0.008179
0.000219
0.003326
0.001376
0.009356
0.003353
0.002042
0.009175
0.003071
0.008004
0.005120
0.007733
0.000437
0.005727
0.003322
0.006527
0.009179
0.003529
0.009106
0.000065
0.004367
0.007822
0.001459
0.009399
0.003495
0.009424
0.006716
0.007597
0.007471
0.004621
0.006254
0.005651
0.004829
0.009570
0.007016
0.004185
0.002923
0.009048
0.003360
0.005984
0.007052
0.008469
0.003717
0.007479
0.004196
0.007030
0.004006
0.003375
0.000558
0.003112
0.003430
0.004915
0.000934
0.004879
0.004314
0.004419
0.004303
0.001030
0.002015
0.001774
0.005641
0.008259
0.007415
0.000470
0.007829
0.004431
0.004645
0.000752
0.003480
0.007995
0.006727
0.000532
0.006464
0.000444
0.008001
0.000660
0.007463
0.002007
0.004025
0.008012
0.005109
0.007445
0.002927
0.006033
0.002324
0.007230
0.000451
0.006617
0.008250
0.002457
0.008382
0.003891
0.000716
0.005797
0.004351
0.008535
0.000228
0.008985
0.009277
0.003698
0.006980
0.006004
0.004220
0.003444
0.006438
0.002220
0.004093
0.003901
0.004217
0.008108
0.001913
0.009315
0.005553
0.004830
0.005348
0.007867
0.002060
0.005789
0.004484
0.000310
0.008236
0.002866
0.004191
0.008942
0.008653
0.008531
0.007477
0.008871
0.007517
0.006754
0.002569
0.004497
0.002758
0.006778
0.007931
0.009186
0.008988
0.002024
0.003087
0.003205
0.000132
0.004990
0.002521
0.005675
0.009809
0.007858
0.003541
0.001869
0.003648
0.008016
0.002169
0.001883
0.000881
0.006350
0.000825
0.009524
0.004881
0.008292
0.008395
0.002398
0.005045
0.000964
0.006885
0.007793
0.007732
0.004816
0.006979
0.006720
0.006830
0.000066
0.009915
0.006952
0.005045
0.002436
0.002626
0.004855
0.000294
0.006158
0.006714
0.003932
0.004173
0.008873
0.005805
0.005045
0.005223
0.006620
0.004569
0.000104
0.004912
0.002964
0.002493
0.009947
0.003917
0.009368
0.007740
0.001649
0.004184
0.004719
0.008360
0.001013
0.004775
0.008275
0.007955
0.009810
0.000711
0.000581
0.004665
0.000995
0.006729
0.001379
0.004917
0.000902
0.000252
0.000723
0.005936
0.005465
0.007333
0.000505
0.005559
0.002245
0.003459
0.008042
0.002192
0.007366
0.007410
0.009922
0.009005
0.001594
0.004641
0.007365
0.002597
0.009406
0.005640
0.000552
0.009216
0.006341
0.001123
0.003881
0.007326
0.007842
0.005250
0.002243
0.008734
0.005491
0.002956
0.004670
0.000956
0.000289
0.005165
0.006505
0.002524
0.008614
0.004547
0.004706
0.005980
0.001957
0.004628
0.004986
0.003541
0.009259
0.002350
0.006128
0.008665
0.007980
0.006669
0.007881
0.004321
0.007782
0.001762
0.001647
0.005624
0.007001
0.003881
0.004358
0.002492
0.006827
0.009018
0.003439
0.007106
0.004183
0.009934
0.009620
0.002797
0.004481
0.004325
0.008767
0.006428
0.008943
0.003753
0.009959
0.008202
0.006093
0.006087
0.006867
0.004073
0.002756
0.004748
0.008384
0.000539
0.006499
0.000031
0.006153
0.003500
0.003902
0.000510
0.005983
0.000729
0.009518
0.009411
0.007825
0.003701
0.009345
0.007444
0.006488
0.003827
0.001769
0.005255
0.000255
0.000713
0.008998
0.000214
0.008905
0.005091
0.006291
0.005772
0.009154
0.009037
0.000520
0.007539
0.009566
0.007009
0.007560
0.005719
0.000510
0.001462
0.006219
0.006483
0.002181
0.005737
0.005894
0.009996
0.009428
0.005239
0.007440
0.005916
0.009056
0.009199
0.001172
0.009301
0.009902
0.000170
0.009506
0.008807
0.005251
0.005797
0.004579
0.004405
0.004834
0.005089
0.001944
0.004400
0.002098
0.009494
0.000118
0.002598
0.000957
0.006327
0.009070
0.003128
0.002065
0.004964
0.003123
0.001493
0.000204
0.000563
0.007399
0.009250
0.009753
0.008561
0.008551
0.009655
0.008721
0.008057
0.008461
0.003972
0.003853
0.003040
0.008367
0.008677
0.008119
0.000311
0.003077
0.000217
0.009795
0.003185
0.002805
0.000752
0.009502
0.001875
0.003870
0.001567
0.006829
0.006983
0.003050
0.007023
0.007536
0.000449
0.006273
0.007289
0.009001
0.004824
0.006944
0.007722
0.002881
0.005405
0.001693
0.006725
0.008435
0.000060
0.005402
0.006554
0.000362
0.008469
0.006761
0.000157
0.001654
0.009555
0.000899
0.001156
0.001430
0.004758
0.002713
0.008250
0.001741
0.005753
0.005273
0.009268
0.006193
0.001546
0.006557
0.005193
0.006361
0.003500
0.002915
0.009232
0.008895
0.004599
0.005957
0.007330
0.004649
0.001359
0.003884
0.005001
0.009818
0.000645
0.005147
0.001472
0.000200
0.006036
0.002618
0.001621
0.000794
0.005321
0.009860
0.002526
0.001075
0.005133
0.001793
0.007257
0.006669
0.008340
0.002451
0.003030
0.001840
0.005356
0.002262
0.000736
0.009945
0.008209
0.008056
0.004594
0.009557
0.001940
0.009584
0.009375
0.002575
0.004732
0.000847
0.002765
0.000768
0.003455
0.004376
0.001552
0.008766
0.004236
0.004068
0.009831
0.009359
0.005851
0.007088
0.006028
0.004191
0.009529
0.009048
0.006022
0.004885
0.001310
0.006747
0.004830
0.009509
0.004803
0.009413
0.009066
0.006733
0.008998
0.008441
0.009298
0.003729
0.009278
0.002063
0.004487
0.002733
0.006429
0.006029
0.001499
0.000665
0.000097
0.001330
0.000024
0.005938
0.008408
0.006042
0.000129
0.007937
0.005091
0.006141
0.002823
0.006391
0.002888
0.007643
0.005900
0.007682
0.007056
0.004966
0.004415
0.006054
0.003407
0.003713
0.009773
0.002685
0.005766
0.004260
0.005408
0.002195
0.000289
0.006897
0.002850
0.000376
0.008217
0.002864
0.006304
0.006625
0.008896
0.006423
0.004562
0.003987
0.002564
0.007375
0.000378
0.005443
0.005018
0.006267
0.003124
0.002074
0.001233
0.007529
0.008117
0.004630
0.001242
0.007890
0.007304
0.006998
0.002150
0.002712
0.009183
0.002429
0.009599
0.002033
0.002795
0.007816
0.004886
0.009089
0.004440
0.003783
0.005513
0.008993
0.007759
0.008067
0.006368
0.008127
0.003510
0.001386
0.004395
0.006625
0.003449
0.005617
0.004154
0.001566
0.000247
0.005386
0.009447
0.007541
0.002384
0.001597
0.000253
0.001567
0.004016
0.009842
0.003590
0.006802
0.007658
0.008466
0.005891
0.002098
0.002249
0.001404
0.001091
0.009998
0.009461
0.007449
0.008126
0.002972
0.008825
0.002520
0.009586
0.002274
0.008128
0.003740
0.003830
0.008365
0.009116
0.003277
0.005906
0.001500
0.004863
0.006149
0.003058
0.008870
0.005992
0.006637
0.005671
0.003650
0.005103
0.001562
0.005738
0.007342
0.002956
0.006819
0.007341
0.002418
0.004268
0.005466
0.005379
0.003093
0.007976
0.004966
0.005356
0.006104
0.008696
0.009176
0.004468
0.007812
0.002453
0.000374
0.009303
0.007306
0.006514
0.002360
0.006176
0.002506
0.008988
0.001847
0.006145
0.004091
0.003399
0.001883
0.001433
0.006346
0.008692
0.008764
0.008754
0.002960
0.004230
0.004133
0.006042
0.002206
0.009089
0.001398
0.008300
0.007785
0.000575
0.002769
0.005597
0.003017
0.003133
0.004900
0.000324
0.009637
0.007250
0.006489
0.002142
0.006238
0.008327
0.008277
0.000329
0.001726
0.000160
0.001753
0.008062
0.008842
0.000517
0.006815
0.001801
0.004737
0.000948
0.007833
0.006933
0.000037
0.009222
0.005234
0.007812
0.009786
0.007992
0.003409
0.002804
0.001125
0.008299
0.003117
0.000762
0.005550
0.009597
0.002894
0.001788
0.007924
0.001171
0.002107
0.009640
0.001321
0.003850
0.007701
0.000163
0.004357
0.004517
0.001954
0.009084
0.005455
0.009777
0.006017
0.005482
0.008999
0.001251
0.003294
0.008785
0.009233
0.006693
0.001589
0.000358
0.004992
0.004697
0.001110
0.000541
0.004294
0.003993
0.002319
0.002217
0.005154
0.004416
0.001857
0.006465
0.008256
0.009548
0.006618
0.002613
0.004065
0.008562
0.001696
0.009510
0.008339
0.007703
0.004992
0.007338
0.008944
0.008276
0.006123
0.008177
0.004969
0.007702
0.008525
0.009951
0.002399
0.009625
0.000493
0.006682
0.003618
0.002802
0.008889
0.008762
0.007208
0.000746
0.005228
0.005464
0.000294
0.001845
0.008066
0.004349
0.000407
0.009753
0.003859
0.008736
0.007456
0.008841
0.006073
0.006401
0.007117
0.002196
0.004578
0.002087
0.009888
0.003103
0.002038
0.002286
0.002727
0.002520
0.008958
0.006335
0.005312
0.007847
0.005098
0.002520
0.008583
0.000325
0.007974
0.008867
0.002161
0.006040
0.003215
0.002558
0.005793
0.007064
0.001293
0.003250
0.005905
0.007356
0.009640
0.003022
0.009542
0.004218
0.005099
0.009430
0.007310
0.007127
0.001717
0.000038
0.009637
0.000675
0.006363
0.004950
0.008512
0.001461
0.007460
0.007096
0.001776
0.005434
0.005962
0.003926
0.001474
0.009168
0.006474
0.007258
0.006232
0.007757
0.000507
0.002137
0.005114
0.000147
0.005149
0.004656
0.004355
0.000248
0.004086
0.001665
0.007365
0.005793
0.001693
0.007002
0.006458
0.008046
0.001952
0.004970
0.009497
0.009402
0.002066
0.001272
0.004836
0.008018
0.005189
0.006300
0.007186
0.001663
0.003558
0.003418
0.009410
0.004055
0.005544
0.004524
0.004192
0.000693
0.009170
0.008537
0.000931
0.003257
0.000203
0.008286
0.009040
0.001886
0.005289
0.005498
0.009922
0.007231
0.000468
0.009418
0.006633
0.002524
0.000691
0.001468
0.000542
0.005869
0.007758
0.007718
0.007522
0.001316
0.001136
0.006933
0.005361
0.006670
0.001457
0.009543
0.007353
0.000627
0.008080
0.008274
0.003874
0.008273
0.006560
0.002913
0.000159
0.001849
0.008401
0.000081
0.009070
0.008859
0.009489
0.005702
0.001383
0.000180
0.007161
0.001915
0.006039
0.004919
0.009624
0.003561
0.006225
0.000760
0.000494
0.001586
0.007420
0.001941
0.001129
0.004773
0.002558
0.009199
0.003047
0.006421
0.007472
0.009598
0.009325
0.007621
0.001447
0.007726
0.007691
0.000516
0.006585
0.007180
0.006209
0.007958
0.007350
0.003369
0.009863
0.003389
0.008278
0.009487
0.006941
0.004503
0.000247
0.007425
0.006079
0.007657
0.009355
0.007198
0.002430
0.001913
0.006397
0.005467
0.008325
0.003869
0.005064
0.007650
0.001489
0.006501
0.005375
0.009171
0.007007
0.001960
0.006351
0.003216
0.009908
0.003701
0.006575
0.009771
0.007080
0.004854
0.009258
0.004021
0.009347
0.009494
0.001446
0.005427
0.007151
0.000801
0.002624
0.009571
0.002705
0.009011
0.005037
0.001029
0.002880
0.000102
0.008669
0.004360
0.006593
0.004044
0.003530
0.003600
0.005994
0.009872
0.006806
0.005902
0.003573
0.003382
0.005672
0.000653
0.008225
0.004930
0.004665
0.007573
0.004425
0.006100
0.002999
0.001576
0.006892
0.005614
0.001146
0.009586
0.004625
0.006174
0.000616
0.007495
0.006265
0.009275
0.001855
0.002858
0.003319
0.005375
0.006448
0.009303
0.005247
0.003254
0.005205
0.008810
0.006626
0.000877
0.009453
0.004851
0.005797
0.004118
0.002424
0.000222
0.000218
0.005413
0.001787
0.007100
0.001027
0.002923
0.006686
0.005642
0.009087
0.007292
0.003137
0.005352
0.006566
0.004982
0.008200
0.009875
0.000358
0.004648
0.009178
0.005595
0.007893
0.004383
0.004405
0.004518
0.005250
0.003858
0.009359
0.001047
0.007966
0.001783
0.001259
0.008174
0.007186
0.003036
0.005274
0.008203
0.005950
0.001961
0.003845
0.005037
0.009242
0.006972
0.000389
0.005809
0.001954
0.008579
0.005684
0.002302
0.003227
0.004862
0.007886
0.001120
0.009235
0.002291
0.005628
0.004485
0.006139
0.004987
0.005522
0.004105
0.006761
0.006771
0.002280
0.003947
0.009797
0.007544
0.002150
0.005746
0.009495
0.005985
0.000783
0.008737
0.002957
0.001161
0.004546
0.004901
0.009730
0.000230
0.007193
0.002958
0.005082
0.005079
0.004067
0.004316
0.007360
0.009685
0.008791
0.003499
0.004673
0.004313
0.007594
0.001434
0.001083
0.009864
0.005371
0.000880
0.007408
0.007511
0.006616
0.006902
0.003496
0.007389
0.005639
0.006444
0.008540
0.000185
0.001345
0.008270
0.000404
0.008528
0.001228
0.005476
0.003607
0.005285
0.009782
0.000966
0.004971
0.008573
0.004455
0.009633
0.002886
0.002049
0.001067
0.003960
0.001913
0.006428
0.004830
0.009311
0.003939
0.001446
0.006213
0.007425
0.008825
0.001853
0.003869
0.007365
0.002028
0.005204
0.005636
0.002422
0.003731
0.006854
0.007888
0.007328
0.002139
0.007670
0.008284
0.007099
0.006244
0.002739
0.006733
0.009120
0.004779
0.007790
0.003080
0.006682
0.004217
0.007900
0.005993
0.008146
0.009336
0.002207
0.005572
0.008161
0.004050
0.009430
0.005526
0.006067
0.004634
0.001162
0.008479
0.008355
0.008006
0.006367
0.005683
0.000144
0.004037
0.003967
0.007234
0.000281
0.006696
0.003967
0.009391
0.001475
0.001756
0.002471
0.008147
0.005964
0.000371
0.004141
0.004110
0.009697
0.006338
0.009672
0.007858
0.000387
0.009102
0.003385
0.006444
0.003736
0.004537
0.004923
0.002092
0.002542
0.001290
0.007765
0.002677
0.005318
0.001732
0.009900
0.005589
0.008418
0.003867
0.004980
0.009883
0.005613
0.007441
0.008031
0.001577
0.007802
0.002171
0.005677
0.007500
0.008499
0.005349
0.005358
0.008876
0.004451
0.008733
0.005320
0.008178
0.003270
0.000244
0.000269
0.005802
0.001524
0.008024
0.008468
0.006832
0.009745
0.008369
0.002421
0.008163
0.002236
0.007391
0.008046
0.007839
0.004832
0.006077
0.009406
0.002635
0.008239
0.005083
0.000134
0.006737
0.000432
0.005482
0.005613
0.004874
0.004215
0.000934
0.003051
0.007475
0.001167
0.003311
0.003277
0.002682
0.001335
0.001745
0.009504
0.001080
0.000113
0.001924
0.009233
0.002339
0.009305
0.007280
0.000178
0.004137
0.003357
0.009574
0.006762
0.001595
0.004657
0.006886
0.008323
0.005079
0.002369
0.003936
0.009943
0.006574
0.004860
0.002994
0.004049
0.006018
0.006295
0.007316
0.008689
0.007619
0.009051
0.008193
0.008689
0.009154
0.000117
0.007923
0.001493
0.009413
0.005203
0.001661
0.003550
0.008550
0.001235
0.000312
0.000145
0.005882
0.007188
0.008458
0.000961
0.009547
0.002394
0.000904
0.006121
0.007245
0.003888
0.000171
0.003262
0.000183
0.007476
0.001951
0.007792
0.006527
0.000144
0.006482
0.005681
0.000251
0.004404
0.007164
0.009654
0.009597
0.008815
0.003204
0.008147
0.000050
0.003506
0.008282
0.005922
0.000694
0.006740
0.006873
0.000241
0.009124
0.007766
0.006353
0.006368
0.001654
0.006513
0.009620
0.001827
0.003990
0.001572
0.009609
0.000517
0.001706
0.006090
0.006188
0.001947
0.000495
0.003352
0.001601
0.000092
0.002167
0.004795
0.008228
0.002207
0.008290
0.006510
0.008119
0.008975
0.003249
0.004991
0.009206
0.002373
0.002758
0.005559
0.008732
0.004402
0.002072
0.008352
0.006218
0.006052
0.009914
0.005827
0.006558
0.001620
0.001917
0.002746
0.003557
0.002402
0.006088
0.005148
0.002484
0.008245
0.009932
0.000712
0.000452
0.008222
0.007212
0.008561
0.007197
0.000462
0.003553
0.006403
0.002825
0.006301
0.001962
0.001557
0.000702
0.004024
0.009899
0.006911
0.000075
0.009813
0.002738
0.006624
0.001432
0.004645
0.009360
0.004979
0.007037
0.005448
0.000127
0.009511
0.003693
0.000059
0.000223
0.004135
0.008271
0.007425
0.002697
0.005468
0.007877
0.006240
0.001871
0.000702
0.002540
0.003823
0.002248
0.003233
0.007837
0.002147
0.000143
0.007903
0.001960
0.002871
0.004526
0.003382
0.007506
0.003886
0.008351
0.004543
0.009323
0.008468
0.004054
0.003016
0.008517
0.004267
0.007142
0.006789
0.001692
0.009828
0.002257
0.009559
0.006068
0.004119
0.000261
0.008598
0.007932
0.002499
0.001831
0.005769
0.004636
0.001964
0.003672
0.006586
0.004825
0.008188
0.009958
0.002330
0.002074
0.008310
0.006863
0.001397
0.006778
0.000916
0.004404
0.005295
0.005173
0.001545
0.002084
0.006855
0.001374
0.004331
0.006414
0.007432
0.008440
0.006665
0.006030
0.006372
0.009154
0.007851
0.002141
0.003790
0.009805
0.005803
0.000376
0.004630
0.003991
0.000334
0.006950
0.006054
0.008633
0.003813
0.007442
0.005411
0.004719
0.001845
0.000707
0.009882
0.003380
0.002781
0.006737
0.004744
0.007102
0.003151
0.002175
0.005542
0.009806
0.008195
0.001914
0.008960
0.006046
0.004045
0.002750
0.005851
0.009838
0.003116
0.000481
0.003828
0.003440
0.007421
0.009872
0.002073
0.001233
0.007314
0.007474
0.005942
0.009149
0.008171
0.005824
0.002529
0.000951
0.002562
0.007263
0.008043
0.005703
0.009428
0.003585
0.005509
0.007624
0.005489
0.004469
0.003670
0.009523
0.007209
0.009511
0.009361
0.000325
0.009982
0.003189
0.003755
0.007403
0.003061
0.005818
0.008626
0.000375
0.003292
0.004568
0.009514
0.001463
0.000393
0.002044
0.002404
0.002944
0.009297
0.000447
0.008637
0.008725
0.004022
0.004147
0.006349
0.009501
0.008606
0.000019
0.009024
0.005816
0.009521
0.008385
0.006131
0.009503
0.001574
0.009876
0.006906
0.004625
0.005693
0.005532
0.004991
0.008975
0.000100
0.004505
0.000438
0.000483
0.006539
0.002832
0.003417
0.005835
0.003270
0.002054
0.004560
0.007282
0.006191
0.000909
0.006783
0.004797
0.000919
0.005807
0.000613
0.000439
0.004192
0.006734
0.009932
0.005756
0.006609
0.006838
0.000381
0.002303
0.002369
0.005362
0.001278
0.002459
0.009857
0.001706
0.002932
0.006396
0.004529
0.006339
0.002231
0.007789
0.008383
0.006781
0.005070
0.004574
0.007681
0.001853
0.009361
0.008589
0.007650
0.009964
0.009018
0.001841
0.006698
0.008950
0.007587
0.003307
0.005788
0.007958
0.005600
0.008147
0.003320
0.006868
0.000606
0.003177
0.008565
0.003528
0.009562
0.003093
0.009857
0.001793
0.000882
0.008240
0.008564
0.005943
0.002814
0.006245
0.007786
0.002176
0.004835
0.005435
0.002140
0.003853
0.007266
0.008827
0.002803
0.004853
0.002135
0.008581
0.002811
0.007725
0.006728
0.006121
0.004593
0.007324
0.009288
0.003157
0.000853
0.008850
0.006241
0.000710
0.000643
0.007113
0.008940
0.009197
0.003055
0.001755
0.005442
0.000841
0.003920
0.000277
0.006266
0.006050
0.004120
0.003532
0.004877
0.006913
0.008376
0.007002
0.005494
0.001187
0.004726
0.002222
0.007298
0.009309
0.009536
0.006585
0.002466
0.000388
0.005435
0.008697
0.001088
0.006068
0.005809
0.000029
0.005265
0.008855
0.001773
0.000707
0.009685
0.005683
0.000974
0.005951
0.001733
0.005084
0.009473
0.006600
0.001998
0.007849
0.003602
0.007481
0.009026
0.008318
0.009693
0.006324
0.007627
0.009229
0.002909
0.000093
0.009607
0.008334
0.008780
0.000696
0.004402
0.004589
0.000714
0.009657
0.003444
0.002478
0.000364
0.003129
0.008151
0.001329
0.009070
0.009873
0.006403
0.008544
0.006473
0.008391
0.006393
0.000075
0.005872
0.005419
0.008383
0.005565
0.001742
0.006010
0.004794
0.004641
0.006093
0.004402
0.002975
0.004873
0.005087
0.007367
0.009452
0.005792
0.007024
0.002896
0.008259
0.007378
0.006015
0.006410
0.008697
0.005086
0.006283
0.005100
0.003629
0.002757
0.003491
0.000022
0.002822
0.009353
0.005431
0.001204
0.004918
0.007164
0.007204
0.009702
0.001805
0.003297
0.004103
0.004770
0.008159
0.009181
0.002138
0.007611
0.004973
0.009152
0.000507
0.003232
0.006530
0.006512
0.009632
0.005227
0.001597
0.005915
0.000327
0.005217
0.008662
0.003808
0.005229
0.001483
0.003160
0.000661
0.002678
0.008068
0.007814
0.009872
0.007769
0.009609
0.003168
0.001873
0.004379
0.001328
0.001053
0.006507
0.008929
0.006016
0.005659
0.009426
0.009238
0.002189
0.005937
0.008870
0.007405
0.007525
0.004785
0.007722
0.002742
0.003447
0.001530
0.007961
0.004921
0.004680
0.008612
0.007588
0.002748
0.006426
0.007460
0.000517
0.006035
0.000628
0.002380
0.000414
0.001946
0.003423
0.006911
0.000875
0.009429
0.002570
0.000300
0.008667
0.004748
0.006228
0.007537
0.002154
0.003753
0.002323
0.009866
0.006484
0.005760
0.001396
0.004446
0.000681
0.006066
0.003058
0.008259
0.008804
0.009474
0.005719
0.009311
0.005509
0.006337
0.001691
0.005913
0.008273
0.005105
0.002824
0.009138
0.004534
0.005384
0.009428
0.003202
0.000133
0.005655
0.000739
0.002277
0.009398
0.003052
0.002143
0.005882
0.008802
0.003529
0.000328
0.009472
0.009586
