0.007913
0.002898
0.000052
0.007841
0.004304
0.001229
0.003758
0.008226
0.004198
0.009130
0.007723
0.007603
0.006970
0.000086
0.004876
0.005137
0.001873
0.006261
0.004921
0.005219
0.005106
0.000643
0.005204
0.000904
0.006314
0.005734
0.002311
0.000322
0.004000
0.006551
0.000947
0.001914
0.009439
0.000989
0.009744
0.003743
0.002208
0.003502
0.001969
0.006396
0.002632
0.009683
0.003999
0.009591
0.009759
0.008866
0.004729
0.001632
0.005126
0.009640
0.006841
0.000232
0.000283
0.002045
0.001126
0.006587
0.007770
0.003427
0.006899
0.001770
0.009969
0.007836
0.003674
0.009408
0.008815
0.003418
0.003151
0.001024
0.006910
0.005110
0.007410
0.009532
0.004793
0.001409
0.009123
0.004552
0.000275
0.003852
0.006174
0.005391
0.003492
0.003015
0.005613
0.003764
0.005051
0.006729
0.000351
0.002820
0.000156
0.007240
0.004580
0.000125
0.005076
0.008244
0.009523
0.003892
0.001662
0.002674
0.004905
0.008562
0.007775
0.002315
0.008093
0.002568
0.003715
0.007216
0.007110
0.003979
0.001068
0.003284
0.009360
0.004550
0.006289
0.004973
0.008304
0.001340
0.001702
0.008645
0.004150
0.001848
0.005886
0.008721
0.001963
0.000962
0.006965
0.001486
0.004844
0.008616
0.004151
0.009739
0.007178
0.001926
0.002055
0.005271
0.004484
0.005759
0.002487
0.001593
0.009728
0.003545
0.004867
0.009088
0.008085
0.001157
0.004061
0.006390
0.002487
0.005753
0.005035
0.006627
0.007592
0.000921
0.005347
0.009545
0.001873
0.002312
0.001031
0.006706
0.000928
0.005172
0.006445
0.008096
0.007088
0.008490
0.003367
0.001571
0.004249
0.005845
0.003155
0.003977
0.009380
0.008012
0.003066
0.007466
0.009159
0.007117
0.003855
0.001645
0.002870
0.008881
0.008262
0.000462
0.009792
0.003610
0.009997
0.001664
0.005912
0.001028
0.008361
0.006830
0.006190
0.004806
0.004926
0.003278
0.003296
0.008284
0.004839
0.007535
0.004129
0.007984
0.001512
0.003509
0.005996
0.004568
0.000975
0.005154
0.001685
0.004820
0.006790
0.004545
0.003701
0.005052
0.004997
0.003493
0.008652
0.004994
0.005147
0.004564
0.006012
0.003507
0.001394
0.002203
0.008303
0.006311
0.005471
0.001599
0.004595
0.000310
0.009124
0.008713
0.008283
0.000636
0.002222
0.004279
0.005194
0.003187
0.009423
0.006869
0.007998
0.006213
0.001414
0.001699
0.001265
0.006402
0.005181
0.009908
0.001396
0.000328
0.004472
0.007398
0.003825
0.005856
0.009591
0.002129
0.002166
0.005062
0.003718
0.006751
0.005361
0.002842
0.005464
0.003644
0.003468
0.007677
0.007913
0.008652
0.000864
0.007336
0.005521
0.008852
0.003549
0.006925
0.000550
0.004805
0.003327
0.005722
0.004712
0.004713
0.006040
0.009174
0.002111
0.009855
0.005030
0.001702
0.001984
0.007186
0.006753
0.005692
0.003937
0.002115
0.008523
0.009391
0.005749
0.001991
0.007068
0.003662
0.000643
0.007922
0.000998
0.006154
0.006774
0.004537
0.003079
0.007314
0.009332
0.006396
0.003036
0.004045
0.001109
0.009066
0.003219
0.003210
0.008922
0.008239
0.004902
0.000906
0.005425
0.001655
0.006588
0.009352
0.003760
0.005111
0.008743
0.009499
0.007092
0.005812
0.003160
0.007725
0.003734
0.004148
0.003879
0.000508
0.008675
0.006949
0.007812
0.008007
0.003345
0.000848
0.002052
0.004444
0.009905
0.005261
0.007644
0.008826
0.003499
0.002546
0.009722
0.008914
0.004191
0.006310
0.008266
0.007941
0.001421
0.007009
0.007440
0.008503
0.002821
0.000600
0.006228
0.006545
0.004738
0.000108
0.007042
0.003413
0.007047
0.004854
0.001420
0.000392
0.005693
0.003462
0.004826
0.005597
0.008713
0.002470
0.004423
0.002212
0.005005
0.004146
0.001126
0.009187
0.000455
0.009382
0.007127
0.001866
0.006391
0.004567
0.000369
0.009202
0.005157
0.006587
0.005746
0.009884
0.006685
0.002788
0.003298
0.003732
0.007633
0.004708
0.004114
0.003325
0.008160
0.008930
0.008912
0.006873
0.001399
0.003336
0.009075
0.006395
0.007471
0.000201
0.005581
0.007917
0.009573
0.002709
0.009773
0.005964
0.007266
0.000142
0.005166
0.002422
0.006719
0.000912
0.002307
0.003404
0.003691
0.005594
0.007126
0.001323
0.000302
0.001240
0.004639
0.008453
0.000169
0.003551
0.005326
0.001558
0.006877
0.004402
0.007943
0.004348
0.004593
0.003524
0.002265
0.004166
0.006223
0.002038
0.000130
0.003489
0.002169
0.005286
0.005901
0.008878
0.006189
0.008198
0.002282
0.009869
0.003793
0.009398
0.001193
0.004085
0.000638
0.005821
0.002538
0.000797
0.009363
0.007854
0.002345
0.006240
0.002256
0.000288
0.000588
0.006839
0.003803
0.002843
0.001005
0.000026
0.004871
0.001126
0.003505
0.007030
0.006402
0.009396
0.005908
0.002591
0.007595
0.008180
0.002460
0.001387
0.007578
0.003643
0.005463
0.008205
0.009455
0.007991
0.008992
0.008817
0.005845
0.001337
0.005057
0.008091
0.001615
0.005635
0.004930
0.005408
0.008468
0.005926
0.005424
0.003339
0.007041
0.008918
0.000369
0.003444
0.008315
0.006267
0.006025
0.005909
0.004447
0.008475
0.007287
0.002024
0.002118
0.002749
0.000230
0.001573
0.000740
0.009212
0.000390
0.006575
0.000549
0.005437
0.004666
0.002154
0.001072
0.009587
0.007552
0.009530
0.005512
0.002976
0.002868
0.002554
0.001894
0.003227
0.005987
0.000209
0.009484
0.002012
0.006108
0.003930
0.000487
0.003394
0.005945
0.002595
0.006134
0.006164
0.004158
0.006864
0.005376
0.004538
0.003439
0.005915
0.009965
0.008095
0.008060
0.001036
0.007682
0.005612
0.000566
0.003194
0.008577
0.003424
0.005737
0.000471
0.006641
0.001725
0.000670
0.006125
0.003726
0.006768
0.000055
0.004203
0.000162
0.005989
0.006788
0.006286
0.002154
0.000946
0.003149
0.007520
0.005474
0.006578
0.003436
0.005438
0.004673
0.001495
0.006465
0.002355
0.007097
0.007020
0.005539
0.005674
0.000445
0.001276
0.006135
0.007076
0.002990
0.006795
0.003201
0.006707
0.003563
0.003245
0.000910
0.003715
0.009225
0.007688
0.009991
0.001378
0.008625
0.003140
0.008889
0.004098
0.009708
0.002324
0.009527
0.004381
0.003809
0.005991
0.006726
0.000906
0.003012
0.002265
0.006570
0.003446
0.003531
0.002705
0.000522
0.006511
0.009490
0.003713
0.003218
0.003053
0.006948
0.004118
0.006757
0.006173
0.001807
0.006748
0.007541
0.000431
0.009878
0.006430
0.004520
0.009586
0.008744
0.004046
0.003968
0.002554
0.000038
0.000694
0.003450
0.003039
0.002949
0.000020
0.006476
0.006470
0.002714
0.006988
0.002981
0.002204
0.000701
0.006189
0.005247
0.007639
0.000307
0.002004
0.003812
0.002104
0.008742
0.001354
0.002525
0.008621
0.007774
0.007035
0.008207
0.006518
0.001081
0.002175
0.009062
0.001109
0.002859
0.002511
0.004138
0.005798
0.002521
0.000614
0.002267
0.005225
0.007592
0.005238
0.007419
0.008283
0.001427
0.002666
0.005922
0.001724
0.004661
0.009725
0.003818
0.003403
0.001079
0.006333
0.002024
0.008842
0.003368
0.000231
0.005360
0.004440
0.002396
0.004422
0.005538
0.005245
0.006923
0.009666
0.001043
0.009434
0.000280
0.003300
0.004659
0.007862
0.008528
0.002078
0.006145
0.009945
0.004734
0.002068
0.001669
0.009385
0.001793
0.005477
0.002788
0.002861
0.001810
0.004802
0.001703
0.005169
0.005023
0.007054
0.009598
0.007409
0.001476
0.005136
0.002654
0.008388
0.004803
0.003686
0.007822
0.005073
0.006976
0.002481
0.002935
0.005504
0.004549
0.009071
0.005449
0.009273
0.001138
0.007108
0.008658
0.002921
0.002585
0.001447
0.005772
0.004385
0.006239
0.007465
0.009544
0.001262
0.004519
0.009142
0.008661
0.005985
0.004278
0.001315
0.004373
0.009071
0.004991
0.002195
0.004144
0.001968
0.004666
0.007069
0.007462
0.009205
0.006140
0.002911
0.008478
0.007268
0.000019
0.007136
0.000189
0.002593
0.008573
0.005951
0.006968
0.004812
0.003416
0.006512
0.006064
0.007925
0.005654
0.004725
0.003910
0.009922
0.006030
0.008273
0.008993
0.001021
0.000468
0.003137
0.002979
0.005124
0.000206
0.000440
0.004329
0.006336
0.003341
0.002807
0.003604
0.003350
0.009933
0.003783
0.005933
0.008506
0.009723
0.002901
0.003317
0.003139
0.009404
0.009371
0.001065
0.005057
0.004096
0.004965
0.004979
0.000125
0.003238
0.003972
0.001136
0.003696
0.007099
0.004105
0.008810
0.007296
0.004535
0.003139
0.003631
0.007867
0.005936
0.007225
0.001216
0.005869
0.001008
0.007139
0.004374
0.000731
0.000041
0.007681
0.003861
0.009434
0.007052
0.004915
0.004492
0.001148
0.009870
0.009461
0.001263
0.003108
0.003434
0.002390
0.006794
0.000533
0.006485
0.005604
0.007819
0.001020
0.008734
0.001450
0.008877
0.004670
0.008665
0.000093
0.000538
0.009663
0.007222
0.004903
0.000395
0.007253
0.002584
0.004245
0.006687
0.009626
0.009151
0.001179
0.000774
0.009021
0.000640
0.002027
0.002129
0.004064
0.004407
0.008913
0.004587
0.000892
0.004518
0.002405
0.001902
0.003251
0.003845
0.000779
0.007911
0.002511
0.000862
0.008439
0.002174
0.008074
0.003342
0.002559
0.005327
0.005916
0.006794
0.002014
0.005542
0.005945
0.003183
0.006307
0.004966
0.003814
0.008324
0.007085
0.007868
0.002731
0.005998
0.002454
0.003613
0.000515
0.004850
0.005505
0.003757
0.008685
0.006274
0.001668
0.001196
0.007125
0.000107
0.003360
0.005199
0.003439
0.005908
0.000527
0.009345
0.002702
0.002531
0.004888
0.008637
0.005705
0.001194
0.003603
0.009508
0.009508
0.000688
0.007376
0.002239
0.006676
0.009820
0.005842
0.007182
0.004670
0.001347
0.000938
0.003355
0.007610
0.002596
0.004541
0.004736
0.002693
0.007890
0.009925
0.006123
0.003799
0.000452
0.005468
0.006491
0.002973
0.000356
0.005129
0.008667
0.001540
0.008722
0.008176
0.001048
0.009401
0.005551
0.003278
0.006077
0.005372
0.009110
0.003259
0.000041
0.000457
0.004187
0.003386
0.008057
0.006773
0.007917
0.002793
0.009457
0.005807
0.002718
0.005579
0.009596
0.003160
0.001047
0.006088
0.006123
0.001393
0.001217
0.004790
0.002923
0.009929
0.002966
0.003961
0.009330
0.008507
0.007229
0.005407
0.003879
0.006339
0.008655
0.003910
0.006785
0.002843
0.007287
0.004842
0.009606
0.005204
0.007625
0.009063
0.001011
0.000343
0.004642
0.000608
0.003493
0.005680
0.006685
0.009606
0.007063
0.007892
0.004396
0.009976
0.007821
0.007352
0.003937
0.007151
0.005860
0.001166
0.002557
0.009729
0.007495
0.001213
0.003639
0.004280
0.004045
0.000926
0.009112
0.003651
0.006119
0.006737
0.002714
0.007120
0.007071
0.007346
0.007718
0.000564
0.003026
0.004403
0.000170
0.000089
0.002295
0.004556
0.000065
0.000116
0.001908
0.003992
0.007257
0.007758
0.005148
0.009804
0.007487
0.002643
0.001016
0.001125
0.006913
0.005051
0.002041
0.006026
0.008693
0.008150
0.002763
0.001407
0.005270
0.009824
0.008743
0.002988
0.000388
0.001769
0.007382
0.000547
0.001848
0.009667
0.005093
0.001903
0.009773
0.006992
0.005885
0.007030
0.004750
0.001033
0.006833
0.002236
0.003666
0.007840
0.003352
0.000580
0.002891
0.005383
0.006596
0.001584
0.003533
0.009349
0.002981
0.008793
0.009173
0.001724
0.001782
0.009550
0.003483
0.009153
0.000098
0.005321
0.008820
0.005181
0.007213
0.008593
0.002173
0.003098
0.005622
0.006912
0.004121
0.002456
0.009138
0.007778
0.000296
0.002490
0.008347
0.003177
0.007863
0.004943
0.004751
0.001396
0.004292
0.007722
0.000189
0.003465
0.009436
0.001961
0.003016
0.002918
0.001114
0.003103
0.008229
0.009924
0.008274
0.005442
0.008517
0.000447
0.008530
0.004139
0.007349
0.002651
0.006585
0.006488
0.000428
0.006871
0.008968
0.008766
0.000048
0.006831
0.003709
0.004789
0.008216
0.007991
0.002511
0.008395
0.001457
0.001947
0.000356
0.004462
0.004855
0.001459
0.007555
0.003084
0.001383
0.005830
0.008516
0.009890
0.006267
0.007045
0.004029
0.003616
0.009686
0.000614
0.000104
0.000114
0.007475
0.009062
0.008870
0.007513
0.005892
0.002579
0.002302
0.004109
0.000571
0.004804
0.002504
0.002017
0.006740
0.002849
0.006470
0.001595
0.004299
0.004025
0.004669
0.005672
0.009845
0.003185
0.005562
0.006112
0.000230
0.009580
0.009718
0.009906
0.000194
0.009812
0.000020
0.007659
0.008874
0.008881
0.005172
0.004766
0.001460
0.007464
0.008865
0.002021
0.002268
0.001368
0.004028
0.008998
0.004207
0.000497
0.000594
0.008496
0.004512
0.005253
0.004168
0.004357
0.008427
0.009719
0.000469
0.008647
0.009300
0.000187
0.008553
0.009484
0.009989
0.008564
0.007143
0.008862
0.007444
0.002315
0.003628
0.008894
0.009770
0.002493
0.000915
0.002038
0.003851
0.004932
0.001036
0.008048
0.005420
0.001619
0.006544
0.009922
0.006862
0.000712
0.004279
0.005289
0.000431
0.004738
0.003936
0.009721
0.004915
0.002490
0.009205
0.004904
0.001053
0.006348
0.003766
0.008488
0.008654
0.007384
0.007382
0.008423
0.009866
0.008286
0.000461
0.003717
0.003219
0.001487
0.001765
0.008628
0.003096
0.008299
0.008551
0.009948
0.009001
0.002830
0.005238
0.009422
0.007558
0.009164
0.009142
0.002473
0.001654
0.008347
0.007367
0.002697
0.004696
0.001132
0.001185
0.003349
0.008506
0.008556
0.001772
0.008372
0.006842
0.002223
0.002089
0.000061
0.003700
0.003844
0.008679
0.006786
0.002143
0.007230
0.006735
0.001143
0.000060
0.001972
0.000565
0.007608
0.001136
0.009697
0.000082
0.002780
0.008045
0.007438
0.005467
0.002740
0.008561
0.006642
0.006079
0.007067
0.005198
0.007842
0.005439
0.002040
0.000065
0.007518
0.002091
0.003755
0.001362
0.000771
0.000541
0.003494
0.007991
0.007266
0.004628
0.008041
0.009228
0.005183
0.005649
0.000364
0.004880
0.005721
0.003134
0.002925
0.003159
0.008591
0.005655
0.001720
0.005233
0.001735
0.008776
0.000431
0.009566
0.004215
0.002461
0.009621
0.001733
0.004543
0.003376
0.003085
0.005303
0.003908
0.006569
0.003294
0.001173
0.001197
0.001335
0.000401
0.006370
0.006975
0.000756
0.001250
0.002695
0.003880
0.004165
0.005844
0.002471
0.009811
0.007554
0.007694
0.001545
0.006330
0.008114
0.001112
0.000545
0.000576
0.000733
0.002268
0.005108
0.004100
0.005343
0.000412
0.007997
0.001912
0.003696
0.009160
0.003099
0.005021
0.009552
0.009459
0.001996
0.000307
0.000709
0.004681
0.004177
0.004865
0.000526
0.006638
0.004676
0.008070
0.004331
0.006211
0.004400
0.002446
0.007313
0.004935
0.003012
0.008036
0.007193
0.008110
0.002136
0.002537
0.008511
0.000133
0.004439
0.002208
0.009283
0.007528
0.007219
0.008835
0.006987
0.009205
0.009132
0.007687
0.003886
0.003309
0.002551
0.004402
0.009937
0.007217
0.002471
0.004269
0.003428
0.006861
0.006704
0.000741
0.001796
0.009706
0.008767
0.008980
0.007816
0.000903
0.001516
0.006327
0.001025
0.005945
0.008525
0.000308
0.003473
0.005744
0.009133
0.000460
0.004949
0.008266
0.008137
0.008825
0.001575
0.000688
0.003227
0.001512
0.007895
0.005688
0.005771
0.001323
0.002549
0.002475
0.002054
0.004336
0.002181
0.000821
0.003316
0.009987
0.001713
0.004822
0.006314
0.002728
0.000767
0.004839
0.003027
0.004230
0.000582
0.002160
0.004680
0.005521
0.000426
0.002817
0.004346
0.001991
0.003495
0.007563
0.003494
0.001390
0.003252
0.009255
0.002703
0.005791
0.001730
0.004746
0.000127
0.003901
0.005557
0.003433
0.003888
0.007260
0.008244
0.000202
0.009978
0.009001
0.005031
0.003005
0.003231
0.005603
0.005155
0.007901
0.001125
0.005571
0.000717
0.005461
0.007553
0.004202
0.003024
0.001046
0.005582
0.006266
0.000301
0.008274
0.002057
0.002021
0.003020
0.002174
0.005912
0.008567
0.005597
0.009790
0.005827
0.003841
0.009982
0.005806
0.002842
0.005013
0.008801
0.006063
0.000616
0.003956
0.003964
0.001731
0.009518
0.004671
0.007182
0.007070
0.008864
0.000206
0.008107
0.004445
0.006462
0.008398
0.002719
0.008509
0.000419
0.005730
0.000683
0.006321
0.004297
0.006270
0.006111
0.000124
0.000111
0.006094
0.005920
0.002944
0.001106
0.004721
0.008997
0.001713
0.008667
0.002961
0.003433
0.008185
0.007623
0.000615
0.005255
0.006486
0.000811
0.003362
0.000931
0.007262
0.001760
0.003641
0.005772
0.002169
0.009360
0.006445
0.008480
0.003657
0.002715
0.004591
0.003772
0.002816
0.000685
0.009682
0.005750
0.001781
0.004402
0.004747
0.003484
0.003069
0.007698
0.006907
0.001254
0.005321
0.007512
0.006499
0.001807
0.008312
0.009851
0.002728
0.005575
0.001611
0.006359
0.001346
0.003770
0.005719
0.007781
0.002250
0.009366
0.000496
0.006831
0.003138
0.003303
0.007506
0.002820
0.009043
0.009277
0.007212
0.003790
0.002761
0.000282
0.001488
0.009659
0.001526
0.006799
0.007170
0.008015
0.008596
0.005483
0.007865
0.001324
0.001058
0.009466
0.007673
0.002394
0.003236
0.003392
0.000175
0.005475
0.002759
0.000662
0.002306
0.005887
0.003955
0.009802
0.008697
0.002998
0.009080
0.005909
0.006778
0.001841
0.006180
0.008256
0.001500
0.007696
0.005056
0.008660
0.005710
0.003652
0.004143
0.003576
0.004966
0.005191
0.003042
0.002639
0.007575
0.006268
0.006021
0.007740
0.001743
0.008770
0.008392
0.004039
0.004657
0.002347
0.003841
0.003353
0.005335
0.002921
0.009252
0.002112
0.004752
0.005432
0.000369
0.006242
0.003128
0.005414
0.004902
0.008828
0.009056
0.009035
0.002404
0.004022
0.004226
0.005436
0.006651
0.001801
0.001704
0.002672
0.009531
0.003437
0.001442
0.007923
0.007466
0.006088
0.000270
0.001308
0.009431
0.005595
0.004219
0.008683
0.007697
0.008961
0.004115
0.008056
0.005203
0.007233
0.003470
0.000105
0.006062
0.002526
0.009130
0.008456
0.006537
0.003356
0.003892
0.003188
0.005147
0.005586
0.005850
0.004678
0.009013
0.007282
0.002601
0.006479
0.003370
0.002862
0.007777
0.002801
0.008446
0.001995
0.001484
0.006144
0.000956
0.005589
0.004199
0.006149
0.002822
0.007659
0.006244
0.008874
0.000185
0.005374
0.007330
0.006712
0.008720
0.001222
0.009890
0.003867
0.006798
0.005740
0.008535
0.005811
0.003021
0.001136
0.002290
0.006381
0.003988
0.000066
0.009172
0.002434
0.002051
0.000656
0.008568
0.002998
0.006236
0.002767
0.009137
0.009048
0.000426
0.005381
0.007922
0.000601
0.000756
0.005252
0.007302
0.009466
0.006464
0.007192
0.003333
0.003262
0.002932
0.001868
0.009062
0.005943
0.002994
0.001352
0.002324
0.006972
0.001408
0.001496
0.009396
0.003450
0.002143
0.007964
0.006437
0.008368
0.000731
0.005575
0.007416
0.001147
0.000956
0.005338
0.001738
0.001702
0.000590
0.009030
0.001168
0.007044
0.006222
0.004491
0.000305
0.009144
0.006349
0.009358
0.005088
0.009334
0.000710
0.007402
0.006306
0.002108
0.008889
0.005703
0.005547
0.001031
0.003667
0.001985
0.009390
0.004388
0.007549
0.006806
0.005525
0.008495
0.002144
0.007253
0.000197
0.002724
0.006283
0.001355
0.009758
0.002506
0.005836
0.000063
0.001650
0.002186
0.009411
0.006728
0.001520
0.000121
0.004130
0.007816
0.002218
0.003019
0.003519
0.007756
0.004040
0.007175
0.009730
0.003430
0.001563
0.007280
0.000236
0.007079
0.005775
0.002370
0.004332
0.005962
0.005084
0.000615
0.007307
0.004841
0.003111
0.003144
0.004895
0.004752
0.005320
0.004306
0.001480
0.006829
0.004416
0.005600
0.004645
0.006624
0.008609
0.008154
0.004380
0.002649
0.005329
0.004111
0.006069
0.006883
0.001390
0.006295
0.003961
0.007155
0.008655
0.008283
0.003117
0.003738
0.008889
0.000424
0.008570
0.002000
0.003558
0.003464
0.006742
0.008868
0.007760
0.008211
0.005697
0.002176
0.003811
0.000342
0.008790
0.002420
0.008486
0.003171
0.005060
0.003816
0.007271
0.001129
0.000698
0.008651
0.007414
0.004650
0.005807
0.006068
0.002933
0.008914
0.009797
0.001822
0.009328
0.008367
0.003812
0.002886
0.001831
0.000554
0.001753
0.009581
0.008755
0.007441
0.001757
0.002566
0.007773
0.000548
0.004976
0.006259
0.003708
0.000036
0.000075
0.000979
0.001154
0.000764
0.009621
0.008558
0.005403
0.005427
0.004627
0.008327
0.004341
0.004424
0.000149
0.003669
0.002790
0.003951
0.006545
0.004611
0.004494
0.008289
0.004192
0.003249
0.005729
0.005940
0.005805
0.003502
0.006477
0.000781
0.009752
0.000186
0.000807
0.009817
0.001155
0.001951
0.000580
0.000776
0.000509
0.005974
0.006194
0.005126
0.004300
0.000535
0.009539
0.004439
0.004194
0.002330
0.008380
0.000739
0.006931
0.002874
0.009017
0.001123
0.006113
0.004746
0.007053
0.001918
0.008239
0.003530
0.002689
0.007990
0.003706
0.003486
0.007807
0.004851
0.005427
0.008377
0.005617
0.005926
0.004351
0.001811
0.001052
0.008642
0.002336
0.000591
0.003081
0.006520
0.002910
0.001461
0.007248
0.009831
0.004325
0.006266
0.000955
0.000438
0.001012
0.007998
0.002346
0.009241
0.001528
0.005025
0.007231
0.005224
0.008500
0.005038
0.000075
0.003927
0.003415
0.005683
0.009843
0.007756
0.007484
0.000894
0.006398
0.009810
0.001475
0.009469
0.006329
0.004375
0.000929
0.003578
0.004207
0.005244
0.009833
0.005151
0.005672
0.000845
0.003149
0.008008
0.000086
0.004667
0.003033
0.007307
0.009881
0.001533
0.002345
0.009947
0.005450
0.005750
0.005630
0.005293
0.003506
0.003114
0.006177
0.009894
0.002923
0.007642
0.009363
0.009243
0.002017
0.000293
0.002820
0.006214
0.005527
0.002654
0.001366
0.001199
0.003489
0.004505
0.009197
0.003565
0.009162
0.002230
0.000872
0.009043
0.003754
0.003207
0.008989
0.009194
0.008947
0.004619
0.004487
0.002454
0.007723
0.000664
0.002348
0.000646
0.008296
0.001711
0.009879
0.000313
0.001994
0.002699
0.006517
0.007511
0.005342
0.007873
0.008700
0.008822
0.002377
0.007897
0.002387
0.001539
0.000127
0.003249
0.000582
0.003871
0.006446
0.009561
0.003065
0.005393
0.004180
0.007542
0.007837
0.001902
0.008196
0.000185
0.002538
0.006491
0.001886
0.002417
0.006794
0.003870
0.005105
0.003312
0.001381
0.000448
0.001185
0.000080
0.009260
0.003552
0.007968
0.001646
0.005081
0.008085
0.004886
0.005652
0.001956
0.001332
0.005213
0.005011
0.006715
0.009383
0.002553
0.004552
0.001285
0.000748
0.004727
0.003813
0.007230
0.006603
0.006220
0.004024
0.000473
0.001325
0.007326
0.001844
0.001763
0.008501
0.001914
0.001023
0.002053
0.009872
0.002659
0.007123
0.007957
0.007535
0.002776
0.009903
0.008857
0.007979
0.004914
0.005572
0.007362
0.007457
0.000125
0.008637
0.008195
0.004842
0.002451
0.005425
0.001445
0.008661
0.009439
0.001909
0.009976
0.006765
0.003742
0.001739
0.005265
0.005647
0.002752
0.007308
0.005519
0.005402
0.004431
0.003476
0.002937
0.007197
0.003379
0.001793
0.005176
0.008283
0.007356
0.002538
0.005739
0.007470
0.001176
0.003934
0.002312
0.003616
0.009349
0.003748
0.002277
0.008788
0.005646
0.002253
0.005552
0.009379
0.003982
0.000817
0.005025
0.006725
0.008115
0.000544
0.002126
0.002546
0.004009
0.005053
0.009733
0.007378
0.006836
0.004909
0.005661
0.004192
0.007437
0.001400
0.001662
0.008603
0.005324
0.003964
0.002219
0.004673
0.007702
0.004486
0.003461
0.003348
0.006729
0.009003
0.002727
0.000711
0.009810
0.007742
0.007426
0.007925
0.008276
0.009542
0.000470
0.002285
0.004595
0.000203
0.009653
0.001431
0.005102
0.005314
0.005613
0.002539
0.006703
0.007265
0.001142
0.002027
0.001230
0.003351
0.006690
0.008922
0.007827
0.000151
0.002270
0.004556
0.009144
0.004986
0.005257
0.008953
0.002728
0.002682
0.006878
0.001004
0.002224
0.007338
0.003279
0.006809
0.007531
0.002932
0.008230
0.002633
0.008236
0.003843
0.005162
0.004939
0.001108
0.006294
0.006957
0.002328
0.009635
0.003647
0.001249
0.007462
0.003788
0.003509
0.002017
0.002932
0.008485
0.007264
0.001885
0.001214
0.009936
0.008753
0.002207
0.002160
0.006091
0.005476
0.008959
0.003623
0.008399
0.007189
0.006246
0.006634
0.001032
0.001408
0.001574
0.002130
0.007692
0.008520
0.004447
0.007327
0.002167
0.005687
0.004789
0.005946
0.009186
0.006796
0.008867
0.007671
0.004060
0.000752
0.008875
0.003996
0.009495
0.001083
0.006147
0.005586
0.006549
0.005105
0.009199
0.004948
0.002294
0.005445
0.001582
0.003316
0.006843
0.003145
0.005435
0.004535
0.001666
0.009873
0.001862
0.003823
0.005560
0.006641
0.009759
0.004746
0.003438
0.008626
0.002417
0.007488
0.009368
0.001292
0.001484
0.008863
0.002365
0.007621
0.004449
0.008904
0.002726
0.003648
0.003851
0.005011
0.009083
0.005423
0.008316
0.005926
0.008558
0.003752
0.000461
0.000224
0.003624
0.002313
0.004037
0.009174
0.008945
0.003796
0.003920
0.002382
0.002422
0.006327
0.009860
0.001790
0.007609
0.001345
0.000653
0.009963
0.008956
0.005092
0.008867
0.001682
0.008731
0.002718
0.006683
0.007813
0.008131
0.004999
0.003739
0.006689
0.008741
0.004190
0.006903
0.002365
0.006493
0.000941
0.001539
0.005437
0.004727
0.005449
0.007810
0.007139
0.001775
0.007670
0.008919
0.009374
0.009005
0.009562
0.009337
0.007961
0.004654
0.008204
0.009633
0.003385
0.000922
0.006315
0.001198
0.009043
0.001314
0.004927
0.005732
0.000055
0.009106
0.002636
0.002410
0.005599
0.003567
0.003939
0.001037
0.008283
0.009378
0.008836
0.005422
0.001153
0.006507
0.004341
0.000527
0.005512
0.003902
0.009855
0.003472
0.008546
0.008059
0.003105
0.001931
0.008972
0.009411
0.003119
0.008015
0.000725
0.008035
0.003747
0.000770
0.007142
0.006373
0.003170
0.002741
0.009930
0.007100
0.003768
0.008213
0.006478
0.002604
0.003635
0.007621
0.009101
0.007966
0.008139
0.004612
0.001868
0.007994
0.008075
0.000414
0.006053
0.001180
0.002335
0.005024
0.000591
0.005443
0.003039
0.001306
0.003479
0.006776
0.002066
0.000620
0.003149
0.005226
0.003351
0.003079
0.002326
0.007109
0.001292
0.008794
0.009703
0.004918
0.006415
0.008803
0.002884
0.004553
0.003415
0.004742
0.002547
0.001490
0.005146
0.008590
0.002660
0.007470
0.003614
0.003241
0.002914
0.006643
0.004537
0.006382
0.003419
0.006592
0.006993
0.006559
0.001819
0.000344
0.009628
0.004135
0.007443
0.000921
0.002928
0.007146
0.005828
0.009333
0.005949
0.008702
0.003886
0.009354
0.003443
0.006423
0.000845
0.008579
0.005012
0.003495
0.006049
0.008616
0.006725
0.008953
0.005259
0.001262
0.005336
0.008668
0.007844
0.002328
0.005227
0.009653
0.002662
0.004855
0.003788
0.000105
0.005766
0.006706
0.007241
0.001594
0.006039
0.003190
0.000296
0.009915
0.002544
0.003729
0.006337
0.003379
0.002308
0.001350
0.006864
0.008347
0.009956
0.003589
0.007300
0.005215
0.004841
0.002636
0.003883
0.002685
0.004954
0.009100
0.002338
0.007606
0.003956
0.006116
0.007702
0.009711
0.002822
0.004943
0.001305
0.008850
0.008123
0.001591
0.008765
0.000667
0.005309
0.005103
0.004036
0.007607
0.006442
0.000900
0.005954
0.006398
0.004479
0.003254
0.001613
0.009310
0.005880
0.005487
0.001995
0.000833
0.004587
0.004323
0.008430
0.008533
0.000439
0.006131
0.008244
0.003251
0.001074
0.009539
0.002102
0.009187
0.001130
0.000867
0.009845
0.006429
0.005959
0.003881
0.004036
0.002402
0.004771
0.009980
0.008790
0.009240
0.003234
0.000403
0.008550
0.009104
0.005880
0.000545
0.009927
0.000467
0.004858
0.008357
0.008990
0.005287
0.004488
0.007234
0.008529
0.005552
0.006773
0.000630
0.004740
0.007893
0.001487
0.004584
0.004322
0.007436
0.008455
0.008349
0.009828
0.003226
0.008329
0.008618
0.002466
0.001564
0.009011
0.001015
0.000668
0.004891
0.001550
0.000595
0.005348
0.006398
0.008942
0.004338
0.001685
0.003430
0.001572
0.000214
0.008973
0.008335
0.000834
0.003713
0.006228
0.002311
0.008287
0.000550
0.009737
0.006742
0.008889
0.009565
0.009958
0.007218
0.008183
0.002423
0.008772
0.007195
0.003429
0.009430
0.002086
0.004969
0.000025
0.007424
0.001367
0.008957
0.001762
0.003042
0.002387
0.003324
0.003246
0.001360
0.001659
0.004070
0.005063
0.007877
0.006371
0.003349
0.008417
0.006109
0.000091
0.007306
0.005674
0.000049
0.004524
0.003858
0.002462
0.003296
0.001052
0.005881
0.002726
0.003128
0.000849
0.002740
0.000552
0.002206
0.001697
0.002305
0.005238
0.004075
0.005619
0.008474
0.005425
0.007268
0.002545
0.000488
0.005145
0.008906
0.003828
0.003562
0.005014
0.003909
0.000867
0.000688
0.003947
0.005381
0.004536
0.006399
0.008667
0.005578
0.002280
0.001393
0.008697
0.003120
0.004123
0.009239
0.005316
0.005811
0.001544
0.000554
0.009876
0.007153
0.009019
0.005301
0.004420
0.001563
0.005779
0.009555
0.000469
0.009597
0.003117
0.005473
0.003506
0.003974
0.006152
0.007443
0.009346
0.000688
0.003842
0.008013
0.006256
0.006113
0.009396
0.004953
0.009222
0.003519
0.004192
0.004538
0.009320
0.005726
0.005082
0.009195
0.002878
0.004101
0.004496
0.007289
0.005654
0.000276
0.006844
0.006113
0.009862
0.009951
0.001586
0.003368
0.003925
0.007728
0.000811
0.003270
0.008406
0.004643
0.001283
0.004662
0.000756
0.000679
0.009605
0.009968
0.004188
0.003797
0.004506
0.003508
0.009513
0.009578
0.002703
0.002391
0.003679
0.007189
0.009670
0.009323
0.007455
0.006514
0.005436
0.007317
0.006465
0.007012
0.000685
0.000389
0.004740
0.001486
0.003650
0.003146
0.006120
0.004923
0.007799
0.006866
0.005592
0.007404
0.006834
0.009770
0.001201
0.001340
0.003277
0.000714
0.000918
0.005970
0.003095
0.004587
0.003159
0.002765
0.003910
0.000614
0.009269
0.009335
0.007922
0.005733
0.006348
0.008597
0.006113
0.001088
0.000083
0.009753
0.004224
0.006193
0.004676
0.002023
0.003058
0.000267
0.009417
0.009882
0.000037
0.000618
0.001222
0.003304
0.001321
0.002130
0.009264
0.004406
0.006707
0.002424
0.007161
0.000617
0.003028
0.006429
0.009942
0.000950
0.002163
0.006290
0.009536
0.008265
0.007368
0.009609
0.008018
0.001592
0.005802
0.002694
0.003605
0.008850
0.002951
0.003021
0.008733
0.002978
0.003629
0.009945
0.006272
0.004940
0.002075
0.005537
0.009336
0.008772
0.007951
0.006497
0.009379
0.000979
0.002927
0.009321
0.001918
0.005080
0.005611
0.001454
0.003345
0.002979
0.001064
0.001363
0.004561
0.006856
0.004047
0.008155
0.005706
0.006988
0.001177
0.004438
0.009956
0.004796
0.004383
0.006229
0.009726
0.006448
0.001765
0.009063
0.005221
0.009706
0.005560
0.004600
0.000685
0.008477
0.003921
0.002593
0.003556
0.009522
0.004037
0.006891
0.002501
0.005091
0.008244
0.007052
0.001947
0.002291
0.005207
0.007642
0.009269
0.006374
0.002081
0.009225
0.001170
0.006454
0.005454
0.000896
0.002903
0.007209
0.009949
0.008113
0.006915
0.005508
0.002713
0.007590
0.003985
0.006624
0.000183
0.007531
0.006147
0.004210
0.004423
0.008638
0.009291
0.002667
0.005690
0.001237
0.004948
0.000897
0.008870
0.004217
0.007262
0.000951
0.003443
0.008421
0.007395
0.008886
0.009307
0.000298
0.006096
0.009256
0.008401
0.003011
0.004764
0.001114
0.000601
0.008739
0.007728
0.000773
0.006271
0.003874
0.004973
0.000693
0.002512
0.004264
0.003350
0.008192
0.005492
0.008288
0.009080
0.004361
0.002505
0.006341
0.005302
0.005938
0.004763
0.002697
0.004825
0.004070
0.002985
0.000920
0.003326
0.001386
0.003921
0.008080
0.002489
0.004512
0.006820
0.000217
0.005276
0.003090
0.004081
0.000249
0.003774
0.006584
0.004503
0.007114
0.004776
0.009985
0.005402
0.003856
0.004346
0.007897
0.000198
0.009638
0.003835
0.004951
0.002335
0.008650
0.009011
0.005310
0.009560
0.002337
0.006686
0.003482
0.000417
0.009165
0.007984
0.007227
0.009372
0.003259
0.000318
0.003453
0.003498
0.004081
0.000037
0.007991
0.001195
0.004803
0.007976
0.006587
0.008650
0.002322
0.004484
0.008837
0.001960
0.008310
0.003788
0.004285
0.006960
0.002799
0.009586
0.006520
0.005126
0.006271
0.009992
0.005533
0.005436
0.007975
0.002760
0.004808
0.001235
0.003068
0.008251
0.004723
0.007139
0.008278
0.002714
0.008324
0.003081
0.000690
0.004911
0.001731
0.003002
0.009385
0.000568
0.004952
0.007695
0.004346
0.009228
0.004655
0.007135
0.008813
0.001175
0.002261
0.005084
0.001166
0.007784
0.000520
0.009132
0.000545
0.005318
0.000367
0.003602
0.003569
0.005080
0.000741
0.001847
0.007784
0.009055
0.004918
0.008464
0.003966
0.006639
0.001467
0.003351
0.007198
0.006409
0.001046
0.001544
0.005636
0.005691
0.008669
0.004450
0.006855
0.000930
0.009524
0.008012
0.008705
0.000044
0.007143
0.009239
0.005352
0.007500
0.002842
0.008911
0.002580
0.003573
0.000758
0.000364
0.002628
0.005666
0.008818
0.006584
0.002305
0.000284
0.009925
0.009493
0.006683
0.000971
0.001037
0.002319
0.006652
0.009696
0.006759
0.003507
0.000626
0.006283
0.001519
0.009321
0.006317
0.008652
0.008561
0.001669
0.006152
0.001402
0.000579
0.008721
0.004965
0.001327
0.009075
0.007584
0.006983
0.007893
0.004168
0.009278
0.008167
0.004093
0.008771
0.004850
0.005054
0.009798
0.007160
0.001706
0.009494
0.003919
0.005202
0.000120
0.000201
0.006711
0.009431
0.006508
0.005363
0.007992
0.008167
0.001515
0.009384
0.008736
0.000237
0.004350
0.000063
0.009302
0.001933
0.007036
0.007194
0.006091
0.006314
0.005362
0.000184
0.005085
0.000212
0.005228
0.004883
0.007362
0.006923
0.004376
0.001280
0.002126
0.004487
0.001472
0.008827
0.003918
0.007970
0.004190
0.001910
0.006137
0.005695
0.001294
0.004873
0.005922
0.005634
0.004926
0.005223
0.007558
0.001962
0.002418
0.003649
0.008266
0.007769
0.003823
0.003351
0.007971
0.009041
0.008223
0.005333
0.005964
0.002600
0.006603
0.008080
0.007076
0.008065
0.006907
0.000994
0.006035
0.001097
0.002894
0.002171
0.006782
0.004179
0.007034
0.002704
0.009803
0.001959
0.007918
0.007361
0.003911
0.000335
0.001009
0.002176
0.008095
0.004822
0.005517
0.006066
0.003863
0.003740
0.001398
0.009817
0.006330
0.007991
0.007897
0.003406
0.006056
0.004804
0.004390
0.002091
0.005891
0.007275
0.004252
0.002673
0.001453
0.001285
0.005368
0.001257
0.003235
0.003285
0.008607
0.007136
0.003610
0.009607
0.009302
0.001705
0.004429
0.004819
0.007761
0.008282
0.008549
0.009149
0.008098
0.004879
0.007140
0.005995
0.008275
0.003196
0.000799
0.002665
0.005277
0.006680
0.009929
0.009519
0.009343
0.001383
0.000804
0.004710
0.002630
0.004029
0.007985
0.001237
0.001164
0.001596
0.000844
0.000467
0.003291
0.005263
0.005276
0.001052
0.003544
0.003825
0.000201
0.001642
0.008694
0.007331
0.007627
0.006969
0.000528
0.008416
0.009624
0.005794
0.005095
0.009553
0.005313
0.004438
0.000936
0.006107
0.009138
0.003556
0.000136
0.007124
0.004782
0.001290
0.008710
0.005616
0.001747
0.002001
0.000879
0.007012
0.003043
0.004413
0.000837
0.003233
0.006045
0.009521
0.000564
0.003672
0.006490
0.001082
0.002088
0.006113
0.006866
0.007173
0.005667
0.002179
0.001611
0.006593
0.008276
0.000750
0.000148
0.008402
0.007864
0.004921
0.009682
0.006574
0.000537
0.001429
0.008565
0.001405
0.008431
0.001607
0.005808
0.009259
0.004830
0.001853
0.008780
0.005385
0.005515
0.005270
0.006457
0.007593
0.001383
0.003323
0.004766
0.007040
0.005492
0.006367
0.003632
0.003769
0.007107
0.003771
0.002171
0.004971
0.008681
0.001853
0.001544
0.009208
0.003272
0.000109
0.000613
0.001704
0.001706
0.006411
0.000962
0.006526
0.008254
0.009732
0.001911
0.003769
0.005002
0.008358
0.001362
0.006375
0.001681
0.006118
0.003415
0.007163
0.002486
0.007038
0.000932
0.009583
0.000808
0.003092
0.004553
0.009479
0.004936
0.006088
0.008687
0.008198
0.006187
0.009291
0.009892
0.007883
0.005702
0.000854
0.004409
0.003957
0.000586
0.006310
0.007716
0.005578
0.004667
0.009068
0.001954
0.006338
0.005187
0.005359
0.003501
0.007662
0.002396
0.004422
0.007245
0.003194
0.007505
0.001798
0.002674
0.002441
0.007876
0.001361
0.000638
0.004063
0.000652
0.000530
0.001945
0.006344
0.001374
0.006344
0.000301
0.001950
0.002654
0.008007
0.007518
0.007311
0.007075
0.009462
0.003649
0.002262
0.004821
0.007140
0.009915
0.007207
0.001563
0.007160
0.000401
0.009058
0.008948
0.003065
0.001498
0.006824
0.004416
0.002127
0.000887
0.005058
0.002647
0.002822
0.001402
0.004011
0.009156
0.001692
0.005951
0.001810
0.009689
0.003470
0.009112
0.006765
0.002932
0.002761
0.009017
0.007742
0.009892
0.008932
0.004949
0.001454
0.006091
0.005340
0.000512
0.005039
0.008395
0.002000
0.001863
0.002811
0.004117
0.002740
0.007858
0.006754
0.005552
0.009250
0.000765
0.004708
0.000942
0.006706
0.006509
0.000632
0.000175
0.005620
0.007387
0.003097
0.008372
0.006404
0.000839
0.008263
0.005335
0.005778
0.009708
0.001427
0.001118
0.000220
0.006456
0.009503
0.002210
0.008309
0.002313
0.006317
0.001049
0.000172
0.003071
0.006591
0.009411
0.003825
0.001300
0.000354
0.000531
0.007798
0.000975
0.000696
0.003419
0.008352
0.003783
0.001790
0.004755
0.004612
0.000054
0.000091
0.000390
0.009751
0.001507
0.001498
0.009961
0.007953
0.001001
0.002171
0.006263
0.003304
0.008478
0.007302
0.003466
0.001549
0.003893
0.002877
0.005364
0.005183
0.003221
0.005885
0.002981
0.004186
0.006571
0.006390
0.002538
0.000354
0.008170
0.007283
0.004956
0.008214
0.007364
0.005335
0.007965
0.008861
0.006823
0.007927
0.006815
0.007814
0.000098
0.003078
0.001118
0.008566
0.000380
0.004573
0.000114
0.004263
0.007440
0.005469
0.009436
0.000661
0.001354
0.002417
0.004837
0.007915
0.008797
0.007365
0.008259
0.006968
0.004648
0.003215
0.005182
0.002012
0.008540
0.003147
0.000873
0.005363
0.001074
0.007678
0.003177
0.001161
0.000756
0.004285
0.009717
0.001125
0.008848
0.009821
0.005378
0.006288
0.005290
0.004814
0.006939
0.006633
0.007221
0.001776
0.004548
0.006018
0.009131
0.002807
0.002986
0.003779
0.006012
0.008158
0.005780
0.004552
0.001305
0.006644
0.009906
0.002369
0.004322
0.003083
0.003520
0.005068
0.007357
0.003237
0.006183
0.006205
0.003058
0.001561
0.002494
0.008338
0.006365
0.009423
0.004971
0.003587
0.001199
0.009510
0.009595
0.000329
0.002317
0.002581
0.004098
0.008319
0.000739
0.009868
0.002872
0.002033
0.006512
0.002778
0.004392
0.000834
0.005850
0.007902
0.005891
0.003208
0.001139
0.002074
0.009403
0.004186
0.003625
0.001897
0.002524
0.009981
0.001319
0.007485
0.003567
0.002508
0.006995
0.003162
0.002827
0.009302
0.005733
0.006915
0.007621
0.006462
0.006783
0.000493
0.008486
0.003295
0.003261
0.002878
0.004119
0.009101
0.000779
0.010000
0.002309
0.001908
0.002074
0.001712
0.006084
0.005689
0.003599
0.008599
0.005670
0.004909
0.006084
0.009228
0.007407
0.003079
0.002390
0.000234
0.002381
0.008113
0.007139
0.009992
0.004576
0.003923
0.000485
0.003061
0.007208
0.003736
0.005929
0.001327
0.002837
0.006698
0.001327
