0.000072
0.004890
0.002613
0.005208
0.009197
0.000521
0.001865
0.005844
0.003755
0.009858
0.000222
0.009410
0.004611
0.003245
0.007460
0.005507
0.003821
0.006326
0.004129
0.002180
0.003453
0.003252
0.008209
0.006714
0.005036
0.003083
0.008114
0.002775
0.006719
0.008841
0.003407
0.006781
0.003731
0.006009
0.001989
0.002928
0.006520
0.003844
0.008762
0.000275
0.003702
0.008974
0.009674
0.008303
0.002219
0.007134
0.003810
0.006030
0.003461
0.007928
0.008201
0.006903
0.001181
0.006410
0.003618
0.006207
0.009482
0.001732
0.008972
0.006201
0.000574
0.002378
0.002983
0.004295
0.008378
0.004962
0.007213
0.004898
0.008796
0.005975
0.005163
0.002498
0.004949
0.004837
0.000801
0.007158
0.001971
0.004600
0.003189
0.005422
0.002529
0.001390
0.002326
0.003699
0.007789
0.005933
0.009896
0.007271
0.007656
0.008868
0.003472
0.008219
0.001246
0.006445
0.002514
0.009614
0.001407
0.009717
0.004512
0.000203
0.005692
0.009665
0.002690
0.000641
0.004501
0.003481
0.007790
0.006463
0.008071
0.000978
0.001885
0.000600
0.002358
0.004201
0.004289
0.000147
0.000134
0.004185
0.007409
0.007780
0.003052
0.000881
0.005999
0.004289
0.007316
0.008503
0.003902
0.008713
0.008220
0.008404
0.008906
0.003912
0.008069
0.001596
0.004543
0.002570
0.005067
0.002332
0.009023
0.003138
0.003301
0.000908
0.003727
0.005649
0.005099
0.008006
0.005786
0.005223
0.002191
0.003195
0.003003
0.005233
0.004066
0.008992
0.009511
0.001382
0.007495
0.003414
0.000095
0.005715
0.001818
0.008991
0.009617
0.009877
0.000586
0.004160
0.002448
0.005643
0.006482
0.001471
0.008771
0.009773
0.002369
0.002498
0.005422
0.007458
0.000503
0.001208
0.002681
0.002684
0.004393
0.005673
0.007907
0.008449
0.004665
0.007418
0.009821
0.002160
0.000832
0.009906
0.007865
0.002641
0.008897
0.007482
0.002518
0.009473
0.001642
0.004955
0.005116
0.008114
0.006416
0.003887
0.007887
0.008775
0.006374
0.003309
0.006233
0.006868
0.004508
0.008903
0.009542
0.008891
0.004577
0.007449
0.007340
0.009232
0.004867
0.007161
0.001392
0.005689
0.007066
0.009247
0.008320
0.005963
0.006729
0.000838
0.005436
0.008361
0.005783
0.000552
0.006475
0.002199
0.004429
0.004362
0.000974
0.000803
0.007661
0.007197
0.007660
0.002168
0.006100
0.007202
0.001059
0.000677
0.004651
0.008389
0.009899
0.009508
0.005549
0.001291
0.005197
0.002616
0.000539
0.003517
0.008569
0.007258
0.004345
0.004005
0.005618
0.000129
0.004547
0.002093
0.002318
0.008965
0.006445
0.003282
0.009758
0.004106
0.000479
0.007418
0.006264
0.006570
0.004621
0.007313
0.007237
0.009261
0.005702
0.007136
0.008769
0.001251
0.008418
0.003967
0.003857
0.008946
0.007474
0.002426
0.006204
0.001819
0.006421
0.001823
0.001938
0.000967
0.003906
0.004246
0.009923
0.000350
0.007518
0.009681
0.004446
0.007987
0.007099
0.000710
0.004557
0.001720
0.008013
0.001794
0.000981
0.003715
0.008921
0.009740
0.004956
0.007338
0.003707
0.008803
0.006285
0.001181
0.001229
0.002489
0.002991
0.007640
0.004301
0.004918
0.008597
0.008197
0.009154
0.008520
0.008537
0.006672
0.008201
0.002984
0.004659
0.005300
0.003684
0.009206
0.007010
0.001697
0.001000
0.007981
0.005402
0.009911
0.007722
0.000358
0.007249
0.001429
0.009152
0.003534
0.002600
0.000381
0.006013
0.005580
0.008011
0.000315
0.000499
0.006608
0.008502
0.009643
0.005128
0.007039
0.006315
0.003329
0.000023
0.000974
0.008619
0.003696
0.000180
0.005629
0.005383
0.001171
0.003610
0.000785
0.001081
0.001332
0.001134
0.008321
0.002751
0.000285
0.001855
0.005341
0.000657
0.007858
0.000921
0.008658
0.008162
0.001410
0.005266
0.006664
0.001053
0.000395
0.003703
0.007358
0.003714
0.003716
0.008322
0.002333
0.007402
0.008492
0.007952
0.002785
0.009653
0.001563
0.003560
0.000734
0.002885
0.004684
0.009045
0.005625
0.004959
0.000899
0.000966
0.005606
0.008747
0.001877
0.004264
0.006909
0.003277
0.009520
0.003573
0.004320
0.009904
0.007266
0.001678
0.003618
0.000982
0.009990
0.005941
0.008373
0.008482
0.003894
0.001158
0.008134
0.005446
0.004709
0.008858
0.008321
0.009382
0.007903
0.003946
0.004341
0.008792
0.004902
0.009937
0.007539
0.006770
0.004201
0.004448
0.000047
0.003721
0.008011
0.004357
0.003625
0.005277
0.006025
0.007233
0.006248
0.006014
0.003174
0.004622
0.004496
0.007058
0.005770
0.002630
0.002504
0.000479
0.001489
0.000825
0.009851
0.009381
0.004761
0.004192
0.008173
0.009654
0.004130
0.005712
0.006424
0.008321
0.000160
0.006460
0.002041
0.008161
0.000817
0.005656
0.003437
0.006832
0.002889
0.009676
0.002846
0.006054
0.004298
0.007332
0.003111
0.000068
0.009952
0.005605
0.000537
0.001440
0.006421
0.000388
0.000822
0.001182
0.004570
0.008985
0.000836
0.008690
0.004697
0.007250
0.007010
0.004847
0.003710
0.009041
0.003008
0.004517
0.004698
0.006436
0.001349
0.007577
0.006111
0.004185
0.003630
0.000409
0.001516
0.006732
0.000467
0.001468
0.002337
0.000993
0.002899
0.008748
0.001371
0.003710
0.009920
0.005931
0.002696
0.000756
0.004620
0.007383
0.007995
0.001630
0.002230
0.001705
0.000672
0.005229
0.006213
0.005359
0.001664
0.007552
0.002936
0.007766
0.001736
0.006557
0.008165
0.003243
0.003288
0.008621
0.004701
0.005615
0.009605
0.007589
0.004363
0.000975
0.001300
0.004283
0.006896
0.003985
0.005029
0.001516
0.001368
0.003024
0.003137
0.003589
0.004719
0.003799
0.008807
0.000932
0.009148
0.000472
0.008474
0.002084
0.008227
0.000210
0.008631
0.006392
0.003443
0.001919
0.005013
0.008133
0.007525
0.004618
0.005723
0.001888
0.005583
0.007012
0.006161
0.002479
0.000998
0.001189
0.003986
0.002356
0.004203
0.007113
0.005935
0.008913
0.000912
0.004742
0.009835
0.000060
0.005203
0.008308
0.002134
0.003431
0.008508
0.000765
0.009812
0.001951
0.002674
0.004825
0.000084
0.000198
0.009433
0.005797
0.002076
0.005016
0.002810
0.008227
0.007486
0.003797
0.009406
0.001471
0.006143
0.003609
0.008574
0.002078
0.002521
0.009476
0.006810
0.002356
0.009525
0.002013
0.000664
0.001659
0.005434
0.009163
0.002414
0.005246
0.001114
0.005078
0.000071
0.001188
0.005266
0.009494
0.006976
0.007333
0.004511
0.009775
0.005559
0.001996
0.003572
0.004965
0.003458
0.009706
0.008564
0.002032
0.001783
0.001085
0.001508
0.008583
0.003431
0.001033
0.000596
0.004085
0.002683
0.006020
0.003248
0.005087
0.001265
0.004352
0.000165
0.001327
0.005531
0.005421
0.000821
0.002506
0.002754
0.005322
0.002281
0.008303
0.007308
0.005844
0.003268
0.000766
0.005549
0.001831
0.002788
0.007323
0.002906
0.004286
0.005906
0.006327
0.005309
0.006492
0.000413
0.007982
0.002511
0.003651
0.003069
0.003767
0.007993
0.003223
0.005083
0.003524
0.008635
0.005895
0.006020
0.001388
0.001217
0.008291
0.009681
0.008515
0.004135
0.002949
0.009271
0.009674
0.004770
0.002059
0.006997
0.007666
0.006335
0.002902
0.003994
0.001645
0.009384
0.004396
0.009617
0.001895
0.008037
0.002685
0.005652
0.006031
0.005899
0.000735
0.009545
0.004533
0.006620
0.005564
0.005912
0.007827
0.003855
0.005593
0.006341
0.007980
0.008532
0.005612
0.007654
0.003302
0.007662
0.004651
0.000968
0.003997
0.007544
0.004951
0.005632
0.006928
0.009338
0.005248
0.008813
0.007375
0.007924
0.004465
0.003406
0.003822
0.005190
0.002950
0.008346
0.001811
0.008505
0.004258
0.009627
0.002360
0.009840
0.005969
0.000340
0.008372
0.001581
0.007985
0.001674
0.009233
0.002636
0.002632
0.003230
0.000179
0.007573
0.008852
0.007097
0.006911
0.004100
0.005910
0.004286
0.002024
0.000375
0.007681
0.005836
0.005555
0.000632
0.004182
0.007356
0.009126
0.008429
0.006983
0.001486
0.008270
0.002952
0.001817
0.006642
0.004523
0.009792
0.008306
0.003756
0.002427
0.000937
0.006975
0.002597
0.008500
0.005827
0.009684
0.005411
0.009917
0.005593
0.009686
0.001940
0.005958
0.007368
0.007766
0.001513
0.007990
0.001948
0.008859
0.007116
0.000378
0.005842
0.008592
0.008638
0.008784
0.000409
0.005280
0.003307
0.000201
0.003586
0.007052
0.002618
0.004513
0.004027
0.005205
0.003013
0.009844
0.004888
0.008414
0.009761
0.000482
0.008100
0.001701
0.006430
0.005468
0.009458
0.007933
0.003458
0.001406
0.006792
0.000574
0.001774
0.002635
0.009156
0.000412
0.001418
0.009556
0.005682
0.004715
0.009747
0.009257
0.001767
0.002365
0.003770
0.005784
0.007560
0.006773
0.005629
0.002448
0.005187
0.005390
0.002919
0.003288
0.007081
0.009339
0.008746
0.006539
0.007272
0.002204
0.007935
0.004065
0.002768
0.009699
0.006690
0.001924
0.000111
0.008098
0.001480
0.005783
0.002813
0.001227
0.005040
0.004570
0.003582
0.008800
0.000354
0.001141
0.005573
0.005973
0.003579
0.000760
0.001363
0.006489
0.004038
0.008434
0.005828
0.002784
0.004973
0.003100
0.004978
0.002909
0.007155
0.007736
0.002608
0.003845
0.009650
0.002709
0.001943
0.001131
0.008482
0.004746
0.002347
0.003522
0.009306
0.005919
0.002322
0.009650
0.007050
0.007885
0.005623
0.000629
0.008635
0.006976
0.007108
0.002673
0.005410
0.002936
0.005447
0.000383
0.006026
0.000425
0.003282
0.003181
0.008151
0.005880
0.007016
0.007802
0.008579
0.008949
0.008922
0.007061
0.003694
0.001269
0.000582
0.003000
0.007178
0.002894
0.002650
0.004229
0.000779
0.008263
0.004848
0.009404
0.005239
0.001956
0.002077
0.000649
0.004882
0.007514
0.001023
0.000908
0.007929
0.004295
0.004079
0.006080
0.000175
0.001095
0.003882
0.008744
0.000044
0.002804
0.005804
0.003728
0.004064
0.006377
0.006718
0.001242
0.009261
0.009358
0.005461
0.000040
0.007621
0.000309
0.009433
0.002860
0.002255
0.001510
0.003499
0.007126
0.009014
0.004512
0.008024
0.006943
0.008797
0.002103
0.003024
0.008962
0.003188
0.006896
0.007705
0.003221
0.009690
0.003510
0.006939
0.003754
0.009877
0.003657
0.004986
0.009138
0.003015
0.000447
0.009167
0.000636
0.000746
0.008600
0.003486
0.002990
0.000110
0.006976
0.000117
0.009115
0.001488
0.008131
0.006058
0.000285
0.000233
0.009071
0.009236
0.003411
0.005967
0.006942
0.006623
0.005657
0.000451
0.003562
0.009401
0.000328
0.007209
0.004387
0.009456
0.000224
0.004824
0.008623
0.000850
0.005560
0.007223
0.004327
0.008540
0.007324
0.001302
0.008647
0.006438
0.002780
0.006777
0.002496
0.003055
0.007001
0.001567
0.002291
0.000412
0.007525
0.009223
0.007024
0.003182
0.009664
0.000586
0.002583
0.009982
0.007785
0.006961
0.009438
0.008000
0.001785
0.008060
0.008840
0.007334
0.005284
0.003167
0.005875
0.002607
0.004459
0.004521
0.009036
0.007229
0.001299
0.001532
0.000284
0.008290
0.003089
0.002565
0.008691
0.000614
0.001788
0.005716
0.003786
0.001452
0.006292
0.006359
0.001434
0.004078
0.003320
0.000871
0.002077
0.005094
0.008921
0.000918
0.002429
0.004205
0.004075
0.008293
0.006802
0.008524
0.002815
0.005838
0.005753
0.004103
0.007359
0.006027
0.002393
0.000448
0.008582
0.001084
0.001052
0.000369
0.006790
0.004828
0.001811
0.003082
0.001187
0.003234
0.007150
0.004497
0.004095
0.009217
0.009582
0.003017
0.000135
0.002010
0.007212
0.004199
0.000304
0.004014
0.002723
0.003108
0.009842
0.008466
0.007202
0.007201
0.004492
0.009585
0.007640
0.003074
0.000669
0.008682
0.003433
0.007449
0.003510
0.005234
0.000531
0.004687
0.008459
0.007671
0.009175
0.002554
0.006888
0.008756
0.005561
0.007012
0.000767
0.002773
0.001212
0.001060
0.006777
0.003924
0.004159
0.006619
0.002390
0.001360
0.003821
0.006873
0.000945
0.001460
0.009937
0.001604
0.000142
0.003370
0.009043
0.003642
0.008595
0.009564
0.008320
0.007053
0.007234
0.007495
0.009598
0.004122
0.006251
0.005159
0.001134
0.007008
0.007922
0.002336
0.008058
0.004699
0.006250
0.002217
0.001318
0.008630
0.003567
0.005129
0.005503
0.004502
0.006579
0.005440
0.006096
0.006712
0.008800
0.005138
0.000354
0.007395
0.004702
0.008664
0.004448
0.001936
0.006159
0.004046
0.006047
0.002410
0.009194
0.007171
0.009408
0.007116
0.009497
0.007466
0.001815
0.005747
0.009673
0.003123
0.004377
0.003240
0.008242
0.009870
0.007732
0.004821
0.005310
0.003827
0.001533
0.004110
0.008955
0.001877
0.001504
0.003657
0.000541
0.005942
0.005582
0.006690
0.009978
0.001630
0.009090
0.009172
0.008791
0.008497
0.006288
0.008288
0.005963
0.008094
0.004035
0.005636
0.001217
0.008402
0.008866
0.009449
0.008272
0.006597
0.004270
0.003582
0.000424
0.005793
0.007681
0.009370
0.007661
0.009175
0.003026
0.008192
0.005117
0.008599
0.004882
0.005095
0.000228
0.003972
0.004267
0.009010
0.002469
0.000556
0.007298
0.008422
0.008640
0.001333
0.004058
0.009846
0.009725
0.002923
0.009296
0.007997
0.009510
0.003566
0.001579
0.009925
0.009349
0.009250
0.009294
0.007010
0.008426
0.002321
0.005202
0.003543
0.000919
0.000084
0.008628
0.001138
0.004045
0.002896
0.000147
0.006504
0.003442
0.007435
0.004926
0.002081
0.008758
0.008974
0.001928
0.008483
0.001897
0.001223
0.006480
0.001408
0.004779
0.008049
0.001333
0.004129
0.007299
0.000627
0.001139
0.005725
0.002938
0.006331
0.009258
0.003847
0.006405
0.007886
0.004975
0.000450
0.000782
0.005112
0.006944
0.004214
0.002547
0.001871
0.006286
0.001305
0.000844
0.008204
0.009777
0.002732
0.009417
0.006257
0.004129
0.004196
0.004306
0.005452
0.008315
0.001605
0.006069
0.009444
0.007320
0.008996
0.005775
0.006578
0.002843
0.002180
0.004464
0.007808
0.002620
0.005236
0.002920
0.009555
0.009441
0.005457
0.001425
0.005726
0.006751
0.002260
0.003930
0.006528
0.004981
0.003347
0.002785
0.009100
0.007533
0.007081
0.004552
0.005849
0.008676
0.000621
0.005293
0.005996
0.009607
0.001068
0.002573
0.002450
0.003239
0.007027
0.000258
0.005849
0.002264
0.003167
0.005404
0.001705
0.008614
0.006819
0.007421
0.005365
0.009068
0.001351
0.001893
0.004050
0.004688
0.004669
0.003150
0.002222
0.001750
0.007692
0.008060
0.000426
0.008303
0.003354
0.006411
0.007910
0.004412
0.008974
0.000360
0.007641
0.006002
0.000607
0.003489
0.008256
0.003765
0.008883
0.009950
0.002379
0.005702
0.007371
0.007734
0.004770
0.008712
0.009617
0.008810
0.003400
0.004285
0.001960
0.005612
0.006025
0.009642
0.003672
0.006441
0.007944
0.007016
0.002852
0.005854
0.001428
0.001826
0.006203
0.009058
0.007818
0.006801
0.002548
0.006073
0.000565
0.001431
0.006024
0.002934
0.007123
0.003395
0.000667
0.001893
0.002107
0.000284
0.000702
0.005497
0.004560
0.002652
0.001109
0.000584
0.002293
0.004772
0.007015
0.000238
0.001788
0.009857
0.006081
0.003206
0.001683
0.002285
0.002264
0.009490
0.009075
0.004802
0.005564
0.009631
0.006222
0.001587
0.002565
0.003345
0.004972
0.003222
0.005228
0.007069
0.003496
0.005920
0.002567
0.008046
0.008562
0.003666
0.008620
0.000855
0.008428
0.005635
0.001083
0.000215
0.005492
0.007154
0.003411
0.007164
0.009429
0.005665
0.006655
0.008505
0.000466
0.002219
0.008135
0.006679
0.003796
0.000700
0.000024
0.008758
0.003912
0.005241
0.005827
0.007398
0.001161
0.008384
0.005444
0.009713
0.002050
0.004064
0.000568
0.000477
0.009689
0.001641
0.000683
0.005181
0.008786
0.004084
0.002345
0.008215
0.009739
0.008990
0.006720
0.000205
0.001208
0.004855
0.006874
0.004994
0.005545
0.006887
0.003752
0.009447
0.002128
0.009569
0.006845
0.003279
0.007953
0.002288
0.002992
0.009993
0.006342
0.003551
0.000470
0.006031
0.005182
0.001143
0.001211
0.003968
0.005217
0.003546
0.002183
0.004955
0.002536
0.008892
0.005150
0.003734
0.003748
0.002024
0.008718
0.009283
0.008901
0.002470
0.008730
0.001029
0.002040
0.005574
0.004299
0.009982
0.007853
0.007281
0.009975
0.004195
0.000831
0.000445
0.000226
0.006003
0.001578
0.001427
0.009961
0.006785
0.004963
0.002144
0.001740
0.007489
0.001036
0.006880
0.001223
0.004774
0.008893
0.009932
0.004056
0.007794
0.002402
0.002786
0.008814
0.004432
0.008350
0.003112
0.004414
0.006203
0.000393
0.004389
0.000398
0.001214
0.004824
0.000613
0.007208
0.006392
0.002030
0.007169
0.003177
0.006984
0.009302
0.004906
0.004473
0.000338
0.001786
0.005686
0.005102
0.000680
0.005618
0.009149
0.008464
0.008010
0.001934
0.007278
0.002441
0.000285
0.000390
0.006846
0.006478
0.000773
0.001235
0.006865
0.001977
0.006049
0.007469
0.009175
0.002441
0.009489
0.006343
0.005608
0.006473
0.005645
0.000514
0.000946
0.005974
0.002290
0.006622
0.001076
0.002960
0.002240
0.000225
0.001424
0.000250
0.002149
0.008692
0.002682
0.002424
0.009071
0.009517
0.008891
0.009834
0.000752
0.005757
0.001811
0.006791
0.003226
0.000985
0.009222
0.002715
0.007318
0.004830
0.009178
0.002964
0.005334
0.000124
0.008928
0.007614
0.006737
0.009994
0.000574
0.008967
0.000218
0.001988
0.009208
0.002357
0.000680
0.001889
0.004771
0.009741
0.001407
0.003662
0.009575
0.002149
0.009409
0.001386
0.008930
0.002635
0.002361
0.008151
0.005340
0.009669
0.002981
0.004519
0.002633
0.008305
0.004633
0.001561
0.005919
0.001370
0.001554
0.006483
0.000337
0.001762
0.008462
0.009535
0.004109
0.009131
0.001424
0.008870
0.008872
0.002821
0.002532
0.008447
0.004960
0.001941
0.009823
0.003889
0.004566
0.002183
0.002041
0.009897
0.001853
0.005012
0.004415
0.004476
0.003317
0.009038
0.006027
0.009226
0.000408
0.007571
0.005710
0.000736
0.009323
0.004171
0.000271
0.003433
0.003303
0.001685
0.002303
0.002175
0.004496
0.004825
0.000622
0.009446
0.006757
0.000445
0.003336
0.001323
0.002618
0.005366
0.001220
0.004461
0.000378
0.005625
0.008927
0.003685
0.004663
0.004954
0.002911
0.005062
0.002525
0.008611
0.005787
0.001848
0.002782
0.006048
0.005271
0.006075
0.007723
0.007563
0.008240
0.002219
0.002389
0.008852
0.001666
0.009135
0.009286
0.004991
0.000458
0.001904
0.000357
0.001668
0.006355
0.000726
0.007283
0.005282
0.004401
0.001946
0.000236
0.007302
0.006998
0.002751
0.005912
0.002785
0.004589
0.008684
0.008823
0.009850
0.004759
0.006546
0.007413
0.002998
0.008755
0.009792
0.001850
0.000421
0.008927
0.001136
0.005402
0.009375
0.003030
0.005749
0.001042
0.009376
0.006465
0.008315
0.004658
0.000866
0.000261
0.004884
0.008157
0.007249
0.007625
0.004070
0.000034
0.002213
0.002754
0.008847
0.002063
0.007503
0.005393
0.009466
0.000502
0.004148
0.009258
0.002342
0.004559
0.008184
0.003468
0.009951
0.007559
0.006489
0.005700
0.008591
0.005864
0.002165
0.006906
0.000522
0.003021
0.007158
0.005396
0.001178
0.004406
0.003021
0.005238
0.004430
0.005224
0.007982
0.003276
0.007277
0.005486
0.008659
0.006743
0.005977
0.002807
0.006001
0.008309
0.007356
0.004185
0.001777
0.007306
0.001744
0.008256
0.003006
0.000335
0.004120
0.005161
0.007232
0.004632
0.008172
0.004389
0.000028
0.009340
0.008785
0.003039
0.004578
0.003215
0.008252
0.002560
0.006482
0.005529
0.008036
0.005141
0.002272
0.004013
0.007938
0.008263
0.002322
0.005293
0.002448
0.004090
0.002600
0.004181
0.002345
0.005596
0.004506
0.006455
0.000758
0.001738
0.001087
0.008920
0.006117
0.001105
0.008260
0.004902
0.004134
0.002838
0.008108
0.002387
0.005388
0.004590
0.007906
0.003424
0.009720
0.000178
0.007427
0.007658
0.008431
0.009739
0.002951
0.000879
0.003829
0.005541
0.005050
0.006164
0.001137
0.009547
0.002619
0.001885
0.001284
0.003697
0.000804
0.007391
0.004792
0.009054
0.002294
0.008916
0.001892
0.000402
0.001303
0.007270
0.004981
0.009199
0.000694
0.004702
0.009367
0.008111
0.002360
0.007799
0.007850
0.005301
0.008667
0.001679
0.000842
0.003718
0.007833
0.001969
0.003264
0.000452
0.003844
0.004539
0.004139
0.004638
0.001930
0.008922
0.003693
0.004214
0.007838
0.005574
0.004606
0.009131
0.002844
0.009577
0.008330
0.003528
0.004278
0.007698
0.001639
0.006628
0.005496
0.009479
0.001929
0.004164
0.001157
0.002761
0.007871
0.008980
0.004720
0.001135
0.009423
0.008554
0.005664
0.003562
0.003192
0.007584
0.002484
0.006875
0.001798
0.000322
0.002449
0.006394
0.009444
0.005284
0.005971
0.007774
0.008802
0.000249
0.005472
0.000440
0.006867
0.000968
0.009909
0.008786
0.005121
0.001067
0.001547
0.002993
0.000047
0.006257
0.004118
0.009460
0.004811
0.009772
0.003022
0.007993
0.007356
0.005496
0.004868
0.009145
0.005809
0.007308
0.005539
0.005252
0.002591
0.001510
0.003026
0.001393
0.001749
0.008488
0.001824
0.008607
0.009446
0.001733
0.007393
0.004567
0.002789
0.008930
0.007550
0.002826
0.005187
0.001668
0.002286
0.009988
0.001440
0.005298
0.007981
0.008786
0.000795
0.002850
0.007931
0.006593
0.000157
0.003469
0.001846
0.002739
0.004969
0.004862
0.004122
0.006708
0.003350
0.005936
0.005315
0.002796
0.007659
0.002708
0.007353
0.000448
0.001637
0.004903
0.003264
0.006814
0.006561
0.005541
0.006802
0.007991
0.000839
0.004784
0.006777
0.001623
0.007623
0.004708
0.008207
0.007770
0.008167
0.000053
0.000509
0.003137
0.004905
0.004621
0.009835
0.008245
0.000557
0.005150
0.001041
0.008206
0.007847
0.008385
0.008644
0.009475
0.003288
0.001908
0.006289
0.009839
0.007438
0.003091
0.007830
0.008267
0.007865
0.004607
0.009881
0.005488
0.009305
0.008088
0.003259
0.007473
0.008130
0.003758
0.000609
0.003035
0.008369
0.000444
0.001280
0.008916
0.005583
0.002311
0.007122
0.003431
0.000695
0.005765
0.002905
0.003973
0.007663
0.009184
0.003812
0.005101
0.002275
0.001642
0.003369
0.000140
0.006239
0.003250
0.005618
0.005544
0.001337
0.008867
0.003017
0.009457
0.002625
0.003616
0.002492
0.000994
0.004050
0.003762
0.009900
0.009623
0.006062
0.007021
0.003054
0.006748
0.002787
0.005949
0.000721
0.000450
0.005133
0.004523
0.005541
0.007398
0.006155
0.008900
0.007529
0.002394
0.002149
0.003147
0.007928
0.003477
0.002014
0.000944
0.002934
0.004629
0.004550
0.005416
0.005613
0.008590
0.009168
0.005512
0.008213
0.005230
0.002534
0.001266
0.001978
0.005310
0.007205
0.002689
0.005750
0.002338
0.007202
0.001291
0.009726
0.003356
0.000191
0.007255
0.005740
0.002330
0.000402
0.003668
0.005797
0.002406
0.004602
0.008721
0.007025
0.009142
0.004137
0.002637
0.007731
0.003304
0.008140
0.005944
0.008524
0.000674
0.007200
0.000502
0.005974
0.004405
0.003181
0.001724
0.006733
0.000382
0.003005
0.006459
0.003729
0.003185
0.003714
0.009459
0.005506
0.004105
0.003126
0.001302
0.006501
0.007718
0.000023
0.003526
0.006860
0.004150
0.006153
0.004591
0.007444
0.004293
0.000535
0.005968
0.004957
0.007725
0.006460
0.000931
0.002131
0.009631
0.002645
0.008854
0.000013
0.005639
0.005312
0.003732
0.008815
0.009016
0.003190
0.004320
0.003121
0.006307
0.005613
0.009613
0.004025
0.005626
0.003138
0.000885
0.009765
0.009282
0.005466
0.007209
0.003575
0.005991
0.003177
0.008522
0.003717
0.009627
0.009443
0.005837
0.009257
0.002087
0.004691
0.009260
0.007717
0.009994
0.002992
0.006532
0.009010
0.006172
0.000852
0.002131
0.002479
0.006455
0.001743
0.006494
0.002081
0.004872
0.007369
0.001846
0.004154
0.002835
0.009045
0.007719
0.008816
0.002222
0.006241
0.002533
0.001849
0.005683
0.008361
0.001106
0.007761
0.003052
0.000367
0.005478
0.003045
0.003349
0.002009
0.002055
0.009511
0.002851
0.004176
0.001990
0.009296
0.005909
0.008474
0.001377
0.000781
0.005843
0.003213
0.004925
0.008668
0.002258
0.002643
0.007484
0.004471
0.008874
0.000017
0.006309
0.004557
0.008368
0.007406
0.002318
0.001420
0.007762
0.007786
0.004455
0.001111
0.009785
0.006500
0.000622
0.002636
0.000675
0.002602
0.001932
0.006574
0.001076
0.003299
0.007345
0.006909
0.006502
0.002270
0.005577
0.008750
0.004903
0.003061
0.003221
0.003777
0.003068
0.009520
0.008325
0.001436
0.006926
0.000643
0.002846
0.004688
0.008419
0.007291
0.005789
0.008204
0.003790
0.006401
0.000839
0.004456
0.008993
0.002761
0.001030
0.000069
0.006050
0.008365
0.006968
0.002552
0.000635
0.002544
0.001303
0.005529
0.005595
0.004514
0.009296
0.008653
0.004034
0.007621
0.000089
0.000960
0.008254
0.002924
0.005639
0.006673
0.000215
0.001428
0.004876
0.003995
0.007819
0.005706
0.008441
0.006812
0.008457
0.009461
0.006871
0.004507
0.007827
0.003838
0.007049
0.008452
0.006373
0.008342
0.003981
0.001967
0.002855
0.003277
0.000620
0.006879
0.000898
0.000699
0.007830
0.009141
0.003613
0.003468
0.005814
0.003818
0.004886
0.000690
0.007804
0.002705
0.006386
0.006245
0.009506
0.004843
0.005706
0.006377
0.009340
0.003532
0.000215
0.006389
0.001984
0.006578
0.004731
0.005955
0.008535
0.007577
0.009222
0.009145
0.004456
0.000119
0.009834
0.002286
0.009251
0.003448
0.005744
0.005065
0.007256
0.000630
0.005745
0.005060
0.003324
0.002131
0.001305
0.002831
0.006964
0.007000
0.009198
0.006304
0.000533
0.009403
0.002693
0.002507
0.005981
0.007414
0.008452
0.004516
0.004991
0.007673
0.003661
0.009437
0.007782
0.003496
0.001723
0.007033
0.006934
0.007457
0.002098
0.004190
0.008077
0.007833
0.009240
0.001401
0.009953
0.000545
0.004222
0.006917
0.007535
0.003419
0.003221
0.008058
0.002822
0.005904
0.000565
0.008793
0.003318
0.009006
0.003309
0.008299
0.006679
0.006960
0.007736
0.004462
0.000456
0.009449
0.001495
0.007379
0.006906
0.003583
0.001569
0.004983
0.001416
0.000809
0.006374
0.001369
0.001344
0.000595
0.008276
0.008869
0.004005
0.001497
0.006927
0.006817
0.007390
0.007482
0.005610
0.000708
0.006488
0.008909
0.008997
0.003167
0.005869
0.006733
0.007619
0.006314
0.006183
0.009104
0.003694
0.003089
0.002687
0.005253
0.008062
0.004093
0.006052
0.004435
0.005452
0.007386
0.005021
0.003729
0.006255
0.009016
0.005215
0.003182
0.005833
0.002606
0.000664
0.001443
0.003304
0.007142
0.000352
0.002301
0.000309
0.006210
0.009024
0.007918
0.002525
0.005207
0.007022
0.006209
0.008285
0.009700
0.001461
0.006347
0.003793
0.007504
0.000782
0.009235
0.004890
0.005793
0.002963
0.001145
0.004809
0.008169
0.004317
0.000642
0.000774
0.004971
0.002074
0.004068
0.002113
0.002416
0.006359
0.002411
0.008616
0.005383
0.000329
0.001141
0.000589
0.007342
0.007340
0.008865
0.007041
0.008791
0.005212
0.000834
0.006295
0.005984
0.000069
0.001184
0.001778
0.003022
0.002319
0.006576
0.001191
0.006627
0.007208
0.001955
0.001598
0.009273
0.006013
0.003700
0.001688
0.002371
0.006101
0.000305
0.007744
0.006421
0.001436
0.008323
0.003762
0.008765
0.007188
0.000804
0.007556
0.002400
0.001627
0.003851
0.008374
0.001686
0.005025
0.000151
0.004698
0.007334
0.006718
0.005879
0.003961
0.003926
0.007824
0.005548
0.003198
0.003836
0.009238
0.004877
0.006198
0.005340
0.005171
0.003941
0.001761
0.006597
0.002265
0.005513
0.005362
0.009442
0.006307
0.002918
0.001842
0.007924
0.006759
0.000215
0.009600
0.001784
0.000357
0.004298
0.009109
0.007064
0.000177
0.003069
0.000990
0.007990
0.008608
0.004179
0.001827
0.007846
0.009045
0.008014
0.003186
0.004217
0.001956
0.004937
0.000814
0.004210
0.000450
0.006166
0.003652
0.006747
0.009075
0.005484
0.004671
0.005834
0.005690
0.004271
0.007608
0.006036
0.008559
0.006717
0.003101
0.008725
0.009776
0.004081
0.006715
0.008384
0.008249
0.008532
0.006230
0.007295
0.006546
0.009406
0.001511
0.008492
0.004343
0.002315
0.002702
0.004783
0.008472
0.006344
0.001530
0.007546
0.001828
0.006191
0.003380
0.007508
0.000461
0.000988
0.003544
0.009010
0.007695
0.006635
0.007735
0.007471
0.000716
0.004450
0.005855
0.008955
0.002982
0.002085
0.006250
0.009519
0.001492
0.007751
0.008010
0.005825
0.000066
0.000712
0.000608
0.008528
0.007047
0.002128
0.006074
0.008865
0.008309
0.009444
0.006373
0.008760
0.000432
0.009907
0.007769
0.008117
0.006542
0.005504
0.005588
0.007248
0.009944
0.001443
0.006203
0.002927
0.003519
0.002453
0.002445
0.005000
0.000204
0.000456
0.000825
0.000260
0.001158
0.001423
0.008778
0.008195
0.003542
0.004852
0.007060
0.001850
0.004296
0.003433
0.000610
0.004719
0.003340
0.008370
0.002836
0.009873
0.003874
0.008414
0.007121
0.003818
0.009848
0.003324
0.006735
0.003366
0.005767
0.009170
0.008356
0.005961
0.009615
0.009171
0.006211
0.000773
0.000595
0.004989
0.008958
0.004126
0.009831
0.006017
0.005967
0.004127
0.009440
0.006567
0.008836
0.002780
0.004937
0.001672
0.002653
0.008800
0.000086
0.009764
0.002618
0.009924
0.003088
0.009343
0.003290
0.008845
0.008513
0.001646
0.004806
0.008128
0.000817
0.001017
0.008891
0.001402
0.005996
0.007849
0.005519
0.005827
0.003867
0.001485
0.009944
0.003307
0.008043
0.008780
0.006077
0.002979
0.000452
0.008720
0.001779
0.000528
0.008484
0.004388
0.000452
0.001573
0.003731
0.003731
0.000418
0.002243
0.005367
0.005214
0.000372
0.006175
0.006221
0.009253
0.007567
0.002217
0.007102
0.003085
0.008034
0.000969
0.004561
0.007978
0.004266
0.002603
0.006759
0.000343
0.005573
0.007201
0.009054
0.007342
0.007719
0.007538
0.001730
0.008161
0.009101
0.005450
0.001892
0.009509
0.007684
0.007250
0.004722
0.008045
0.003424
0.000943
0.007298
0.000991
0.003150
0.004401
0.004067
0.001183
0.005360
0.008618
0.009152
0.009616
0.001221
0.005910
0.009949
0.006784
0.003111
0.009003
0.004125
0.000830
0.006541
0.005845
0.008981
0.005642
0.001295
0.000873
0.005151
0.008969
0.008112
0.009863
0.007014
0.001537
0.000806
0.004312
0.002518
0.003946
0.008703
0.006574
0.005119
0.004062
0.005192
0.004271
0.003678
0.006403
0.000181
0.003627
0.003187
0.003282
0.002629
0.007302
0.004102
0.009160
0.003147
0.003082
0.004802
0.004432
0.003945
0.009943
0.003401
0.002058
0.009806
0.000415
0.003584
0.000612
0.004717
0.006092
0.004547
0.003420
0.002667
0.009656
0.007472
0.007849
0.003927
0.001150
0.004252
0.004098
0.004767
0.007428
0.007370
0.007386
0.004730
0.001472
0.006547
0.007867
0.004544
0.001349
0.002299
0.008479
0.001292
0.005690
0.000537
0.001097
0.006095
0.004111
0.001699
0.000812
0.000203
0.006236
0.004222
0.002860
0.005893
0.001694
0.000709
0.009810
0.002834
0.004951
0.003908
0.007591
0.002379
0.001278
0.004977
0.007099
0.002739
0.001524
0.004967
0.007273
0.002863
0.007256
0.005752
0.004145
0.002947
0.006279
0.005232
0.009032
0.000390
0.006921
0.009834
0.000584
0.003157
0.004056
0.003434
0.009040
0.005741
0.004133
0.008849
0.008565
0.009074
0.002757
0.006156
0.001453
0.004025
0.001133
0.008542
0.006755
0.002647
0.003509
0.004028
0.005500
0.000765
0.009770
0.009635
0.003702
0.006050
0.004867
0.002734
0.006430
0.001788
0.002568
0.007004
0.004935
0.006614
0.000438
0.003975
0.002355
0.004561
0.002825
0.000920
0.003635
0.005572
0.007066
0.005078
0.009587
0.008189
0.003620
0.006341
0.000836
0.007119
0.000369
0.006327
0.007875
0.000140
0.005962
0.001577
0.006179
0.000829
0.004300
0.002609
0.002607
0.006858
0.009603
0.007533
0.003473
0.000040
0.001508
0.005817
0.004591
0.004323
0.006727
0.008216
0.009884
0.003793
0.003294
0.009471
0.001981
0.006905
0.005813
0.002808
0.004024
0.006172
0.009124
0.001899
0.006301
0.005086
0.003465
0.002481
0.005905
0.007756
0.005080
0.008503
0.004614
0.004682
0.006036
0.008076
0.004713
0.007534
0.003894
0.009294
0.001856
0.000621
0.007511
0.001741
0.004403
0.000805
0.001212
0.006375
0.007699
0.007015
0.009172
0.001724
0.003187
0.008297
0.003612
0.009478
0.003383
0.007068
0.001959
0.009278
0.004823
0.007028
0.007781
0.009427
0.001711
0.003817
0.007503
0.006413
0.001350
0.001397
0.005708
0.003197
0.002008
0.003218
0.004928
0.006401
0.004013
0.006130
0.002776
0.001712
0.003145
0.001948
0.003426
0.006321
0.000245
0.007028
0.005800
0.003618
0.004096
0.007748
0.002896
0.008910
0.004777
0.000677
0.008337
0.006477
0.004483
0.005840
0.002891
0.005824
0.007227
0.008588
0.009010
0.009224
0.001807
0.003938
0.005625
0.005810
0.000068
0.008391
0.007512
0.003203
0.000340
0.000938
0.009514
0.000575
0.007956
0.005314
0.004182
0.002053
0.003062
0.007068
0.000962
0.007829
0.007735
0.009289
0.004307
0.002219
0.005129
0.007188
0.008032
0.002355
0.005776
0.007043
0.001580
0.007573
0.000981
0.007195
0.003382
0.001039
0.005586
0.000894
0.004232
0.005916
0.001822
0.003746
0.006480
0.009769
0.009050
0.000663
0.001821
0.002112
0.007721
0.002773
0.009932
0.005457
0.002062
0.004238
0.007665
0.007181
0.001426
0.005698
0.009526
0.007192
0.002740
0.001106
0.004765
0.003711
0.008291
0.008137
0.004740
0.003877
0.009021
0.008962
0.009783
0.000844
0.002708
0.006264
0.000613
0.001758
0.006917
0.002424
0.003861
0.004638
0.005187
0.003792
0.000094
0.007239
0.008021
0.007750
0.004420
0.009437
0.003447
0.003946
0.006629
0.006178
0.005042
0.001394
0.009879
0.003333
0.009521
0.004619
0.007200
0.008542
0.003581
0.006983
0.009376
0.006280
0.003247
0.009979
0.008028
0.000163
0.002403
0.001888
0.004791
0.007580
0.005671
0.004876
0.004819
0.003692
0.002625
0.009229
0.003128
0.006062
0.003175
0.009747
0.002240
0.008207
0.001141
0.002119
0.001540
0.000662
0.006728
0.008730
0.009195
0.000310
0.005713
0.008571
0.006579
0.008950
0.008550
0.004607
0.009104
0.000952
0.006485
0.003895
0.008522
0.002156
0.008761
0.003341
0.005838
0.001386
0.002571
0.008956
0.007439
0.005736
0.008703
0.009669
0.003943
0.009835
0.001788
0.005474
0.000497
0.008506
0.004204
0.009681
0.008806
0.009907
0.008252
0.005385
0.008857
0.006802
0.009982
0.007961
0.007744
0.006467
0.001856
0.006266
0.008613
0.000617
0.009597
0.004451
0.001993
0.002168
0.003407
0.009422
0.007894
0.002110
0.009090
0.001837
0.001944
0.000878
0.007301
0.002431
0.009374
0.001505
0.002112
0.008180
0.001412
0.000365
0.003564
0.000269
0.007156
0.003546
0.008220
0.004900
0.000013
0.000077
0.001166
0.008616
0.000684
0.000763
0.003067
0.002667
0.002921
0.006463
0.002089
0.000815
0.008563
0.001180
0.002643
0.000508
0.002048
0.009934
0.002929
0.001422
0.001438
0.005031
0.009591
0.002840
0.005386
0.003156
0.003099
0.002542
0.006692
0.001320
0.007433
0.006695
0.001387
0.008589
0.005311
0.002061
0.009342
0.008368
0.004718
0.002263
0.004831
0.006797
0.003069
0.003395
0.007967
0.005701
0.003892
0.000014
0.005635
0.006811
0.001426
0.007063
0.001843
0.001017
0.009893
0.007219
0.004163
0.002992
0.009751
0.000855
0.004302
0.007184
0.007540
0.005679
0.005772
0.002852
0.007729
0.005115
0.001220
0.002447
0.007368
0.006041
0.009234
0.000437
0.009426
0.007200
0.006128
0.003318
0.007205
0.001763
0.000129
0.008621
0.008816
0.001962
0.009628
0.008709
0.009171
0.003792
0.001701
0.008922
0.004637
0.005993
0.006105
0.002177
0.001672
0.001878
0.005019
0.009391
0.006982
0.006229
0.001838
0.004350
0.002270
0.001072
0.004777
0.001696
0.008262
0.000905
0.005004
0.005467
0.002658
0.005123
0.004088
0.001474
0.007075
0.003716
0.000183
0.006246
0.007497
0.001874
0.005167
0.002134
0.007858
0.001273
0.004301
0.009520
0.003141
0.009310
0.008911
0.000123
0.005539
0.000749
0.004463
0.007799
0.001811
0.009230
0.009484
0.000073
0.000135
0.004488
0.005530
0.002783
0.009601
0.009608
0.004247
0.006676
0.003323
0.004420
0.002922
0.000821
0.006284
0.008079
0.002945
0.004142
0.009342
0.007236
0.003662
0.002482
0.006547
0.002573
0.002595
0.002086
0.003312
0.007049
0.009875
0.005113
0.006279
0.009359
0.005176
0.006405
0.003847
0.000706
0.009178
0.003448
0.000314
0.003425
0.000124
0.003628
0.007835
0.003036
0.004438
0.004119
0.001115
0.007373
0.008252
0.000457
0.004609
0.001914
0.002930
0.001156
0.004477
0.005515
0.003232
0.007779
0.002564
0.003106
0.002892
0.008833
0.002465
0.008058
0.005238
0.006302
0.008755
0.004416
0.009741
0.009059
0.007831
0.009855
0.002686
0.005666
0.002891
0.007115
0.009775
0.003997
0.004488
0.008027
0.004444
0.009087
0.009930
0.007364
0.000243
0.004407
0.002879
0.003465
0.002186
0.005433
0.006561
0.005068
0.004266
0.009016
0.003126
0.009493
0.005319
0.001880
0.003909
0.005060
0.000939
0.001740
0.004915
0.003616
0.007396
0.007796
0.000731
0.007171
0.001793
0.005208
0.005197
0.006226
0.004296
0.005127
0.003590
0.004529
0.009524
0.006459
0.007984
0.001710
0.001891
0.004545
0.006767
0.006147
0.003561
0.009883
0.005640
0.008870
0.001764
0.009540
0.003929
0.002693
0.001279
0.008834
0.006299
0.008665
0.006630
0.007019
0.005836
0.008413
0.002228
0.001033
0.004639
0.006513
0.006150
0.008219
0.001042
0.005675
0.004678
0.009016
0.007375
0.006559
0.003561
0.004142
0.002706
0.007112
0.004025
0.008337
0.005982
0.005779
0.007876
0.009901
0.008462
0.009146
0.008736
0.004761
0.007811
0.005366
0.001780
0.003647
0.003779
0.003998
0.004670
0.008408
0.000511
0.000820
0.006627
0.001544
0.006485
0.001305
0.000560
0.003860
0.007854
0.004111
0.007992
0.000560
0.001223
0.002017
0.008887
0.007195
0.007786
0.006763
0.007096
0.006248
0.005909
0.005832
0.001009
0.003720
0.001198
0.002779
0.007357
0.004967
0.006766
0.002026
0.003374
0.007268
0.002836
0.009991
0.008801
0.009311
0.001296
0.009351
0.003171
0.009140
0.003462
0.001162
0.009690
0.004675
0.003170
0.008577
0.001869
0.000956
0.005340
0.008956
0.007194
0.001249
0.004788
0.008193
0.004959
0.005976
0.000971
0.002316
0.000942
0.007728
0.004332
0.004307
0.004995
0.007159
0.004298
0.003797
0.006470
0.005584
0.003147
0.009631
0.004723
0.006599
0.000794
0.004413
0.001274
0.003953
0.002990
0.003133
0.004899
0.008320
0.002089
0.002092
0.009560
0.006867
0.000285
0.004519
0.002843
0.001246
0.006825
0.003775
0.008964
0.001157
0.008072
0.003960
0.008306
0.002369
0.007746
0.004777
0.007943
0.000893
0.004408
0.002667
0.007483
0.005191
0.007070
0.008746
0.009134
0.000060
0.001879
0.004033
0.008370
0.003958
0.006115
0.007930
0.000825
0.006390
0.002449
0.003657
0.007627
0.009264
0.007422
0.006591
0.000422
0.005494
0.000551
0.008718
0.007854
0.008287
0.003494
0.005797
0.009170
0.007892
0.008453
0.006653
0.003083
0.005523
0.005399
0.002218
0.005573
0.007268
0.006241
0.003944
0.001226
0.002356
0.001874
0.002041
0.008736
0.004313
0.005688
0.006363
0.003577
0.003111
0.002954
0.003988
0.008595
0.003495
0.002706
0.006448
0.001782
0.006191
