0.006010
0.002993
0.003308
0.000133
0.006141
0.005987
0.005861
0.003735
0.004909
0.006207
0.006524
0.009650
0.003772
0.007240
0.004597
0.005198
0.009653
0.008391
0.007751
0.000423
0.009381
0.004504
0.004191
0.000961
0.001339
0.008145
0.000232
0.009129
0.006240
0.009669
0.006891
0.002250
0.002662
0.000199
0.002373
0.008793
0.006177
0.008224
0.002527
0.001086
0.004431
0.009042
0.000736
0.008193
0.006282
0.005323
0.003391
0.005935
0.003714
0.001142
0.006348
0.003095
0.005636
0.000539
0.004046
0.006965
0.008674
0.004268
0.006094
0.004914
0.003936
0.002985
0.007154
0.006588
0.003175
0.009517
0.005381
0.009341
0.007741
0.007898
0.000427
0.002172
0.006940
0.001154
0.000366
0.003222
0.006467
0.003747
0.009146
0.000181
0.004878
0.005494
0.003266
0.000514
0.006023
0.007302
0.007469
0.004697
0.001569
0.003563
0.009600
0.005496
0.006539
0.006754
0.002084
0.009703
0.006271
0.007454
0.009044
0.004013
0.005353
0.009462
0.006175
0.002292
0.000615
0.006531
0.005504
0.007072
0.000277
0.004651
0.007243
0.005146
0.000145
0.000509
0.005649
0.006158
0.007800
0.003118
0.000855
0.009359
0.006671
0.000455
0.004855
0.003210
0.007199
0.006928
0.002913
0.003471
0.004383
0.001958
0.007473
0.009725
0.001420
0.003649
0.002018
0.002025
0.000179
0.007512
0.009087
0.000447
0.002163
0.006330
0.005582
0.002298
0.006829
0.001232
0.008446
0.004629
0.004340
0.009290
0.003989
0.001011
0.009735
0.008834
0.004211
0.006935
0.005762
0.007115
0.000405
0.000145
0.009062
0.007868
0.009860
0.000482
0.001517
0.001878
0.002497
0.001686
0.009380
0.001585
0.002123
0.001542
0.007905
0.007696
0.003830
0.004734
0.008917
0.002276
0.009353
0.003257
0.001566
0.003342
0.004258
0.001301
0.002176
0.008459
0.008226
0.007928
0.005574
0.008621
0.008063
0.004636
0.006490
0.007923
0.005108
0.007997
0.009791
0.007595
0.009673
0.009170
0.009170
0.001797
0.000713
0.007075
0.009482
0.004533
0.001809
0.008399
0.006799
0.001162
0.001656
0.008355
0.004494
0.005904
0.009646
0.006660
0.004363
0.007872
0.004588
0.009927
0.006494
0.002651
0.004563
0.002983
0.000573
0.009661
0.000980
0.000364
0.007257
0.000653
0.009524
0.006427
0.002440
0.000237
0.003501
0.001922
0.004760
0.005300
0.000321
0.001559
0.006453
0.001967
0.009904
0.000947
0.007861
0.009550
0.007597
0.002224
0.007423
0.002185
0.002151
0.003916
0.004825
0.006704
0.006890
0.005389
0.006365
0.007860
0.005743
0.003621
0.008503
0.005267
0.000048
0.000943
0.005494
0.003539
0.002855
0.000254
0.008830
0.003167
0.001803
0.005282
0.005124
0.001707
0.006219
0.002985
0.001257
0.003816
0.005199
0.008670
0.005991
0.007340
0.002586
0.000816
0.004044
0.009465
0.006195
0.000408
0.007325
0.001937
0.004020
0.005828
0.007194
0.004058
0.006761
0.002689
0.007587
0.009607
0.002933
0.006417
0.002773
0.004726
0.001699
0.007887
0.006423
0.007908
0.000872
0.007670
0.001724
0.006062
0.006340
0.007705
0.003402
0.008916
0.008511
0.007435
0.008381
0.004706
0.007834
0.005706
0.006634
0.001853
0.001534
0.003828
0.005901
0.008285
0.006506
0.003488
0.007892
0.009429
0.009894
0.000665
0.004155
0.001593
0.008542
0.000578
0.009491
0.009405
0.008239
0.001215
0.005466
0.004578
0.008910
0.008858
0.003494
0.007422
0.006293
0.001875
0.002128
0.004127
0.007571
0.008751
0.005970
0.009095
0.002579
0.001871
0.007380
0.009076
0.005348
0.005272
0.008505
0.005242
0.005927
0.002660
0.006825
0.004469
0.003229
0.006316
0.003874
0.001468
0.007522
0.009330
0.006036
0.006432
0.008188
0.009520
0.003854
0.004481
0.001395
0.005971
0.008598
0.008956
0.004723
0.004568
0.008050
0.007292
0.006429
0.005430
0.006368
0.001777
0.000702
0.004873
0.007009
0.006619
0.007523
0.003835
0.001088
0.000752
0.000151
0.004952
0.002210
0.007663
0.004282
0.008236
0.004095
0.002471
0.007756
0.007938
0.006942
0.009141
0.003910
0.005540
0.008096
0.008622
0.000108
0.006147
0.005914
0.006527
0.001577
0.002282
0.008293
0.002268
0.007145
0.005303
0.008877
0.004668
0.009127
0.009955
0.005411
0.009268
0.004907
0.007610
0.006931
0.009179
0.005846
0.001025
0.001650
0.003602
0.008953
0.008582
0.002743
0.002863
0.004122
0.000840
0.001485
0.004220
0.006976
0.007390
0.000746
0.008543
0.009662
0.009030
0.000811
0.006807
0.004333
0.009678
0.001475
0.003460
0.009633
0.006876
0.002728
0.004540
0.004486
0.009649
0.003720
0.000332
0.000674
0.005360
0.003925
0.009618
0.003942
0.006658
0.002481
0.008053
0.007488
0.003956
0.002273
0.004464
0.001346
0.003010
0.003007
0.001008
0.002040
0.003808
0.007804
0.006362
0.003487
0.009270
0.009812
0.003120
0.006145
0.002540
0.007650
0.000631
0.002189
0.001369
0.000953
0.002854
0.006719
0.004868
0.002471
0.000661
0.001526
0.004942
0.008704
0.009004
0.008888
0.000977
0.003468
0.000234
0.003977
0.006465
0.001231
0.006007
0.000274
0.009026
0.002370
0.003751
0.008295
0.002182
0.006860
0.004440
0.004712
0.004510
0.005061
0.006892
0.005870
0.006005
0.009735
0.002589
0.000873
0.002206
0.003239
0.002389
0.007138
0.001943
0.001393
0.006026
0.002911
0.004851
0.006250
0.006878
0.001317
0.007471
0.002885
0.001581
0.006497
0.005245
0.005321
0.004792
0.007417
0.002182
0.009223
0.002129
0.006682
0.004284
0.009011
0.002551
0.000289
0.008746
0.005130
0.001152
0.000952
0.008359
0.003531
0.008081
0.000303
0.004914
0.004107
0.003204
0.009755
0.000357
0.000082
0.001072
0.007818
0.002957
0.002643
0.004315
0.008192
0.007954
0.009097
0.005609
0.000136
0.008320
0.007728
0.006807
0.002604
0.006739
0.009349
0.002883
0.005485
0.004479
0.004025
0.006427
0.002838
0.007546
0.004508
0.003131
0.002460
0.008604
0.006325
0.002216
0.008951
0.006397
0.003278
0.006769
0.009344
0.005911
0.001084
0.007536
0.003865
0.000181
0.003145
0.003991
0.008491
0.000873
0.000799
0.001095
0.007602
0.000147
0.003968
0.003087
0.004616
0.007983
0.009504
0.007444
0.005529
0.004011
0.000575
0.007979
0.002616
0.006890
0.000195
0.001567
0.003287
0.003463
0.008326
0.002631
0.009364
0.009399
0.000167
0.003229
0.009571
0.003302
0.007210
0.008061
0.004165
0.007999
0.009146
0.001767
0.008136
0.003114
0.004844
0.002752
0.001097
0.004347
0.000197
0.006616
0.008349
0.000762
0.004596
0.000964
0.007642
0.004780
0.002521
0.000929
0.008233
0.000847
0.003550
0.007597
0.000246
0.003707
0.000826
0.009807
0.006999
0.008026
0.007868
0.001165
0.006025
0.007015
0.002922
0.004161
0.000129
0.007755
0.006903
0.001216
0.002102
0.007090
0.007823
0.000451
0.007842
0.002418
0.001405
0.005484
0.007188
0.003916
0.006403
0.005422
0.004753
0.009943
0.003019
0.004989
0.003651
0.003835
0.004796
0.000650
0.001861
0.002664
0.001805
0.007876
0.009668
0.004716
0.002037
0.009787
0.002471
0.008930
0.001003
0.004563
0.006020
0.008816
0.005004
0.003862
0.001234
0.006399
0.009336
0.008412
0.000315
0.005739
0.003834
0.005058
0.005682
0.006843
0.000047
0.009323
0.000677
0.004833
0.009963
0.002528
0.007486
0.001767
0.000404
0.007155
0.006473
0.002431
0.006942
0.008935
0.001361
0.007935
0.003498
0.007371
0.006751
0.008492
0.001233
0.007975
0.004891
0.000569
0.006387
0.005197
0.006298
0.000221
0.000255
0.001980
0.007054
0.000292
0.001302
0.007721
0.005114
0.001265
0.000249
0.002601
0.003022
0.000643
0.009745
0.009486
0.003064
0.006687
0.008420
0.004415
0.004622
0.001918
0.001787
0.001373
0.000410
0.003010
0.009338
0.005291
0.003569
0.005726
0.000488
0.009856
0.005937
0.000733
0.001836
0.002991
0.001015
0.003128
0.000712
0.006119
0.004383
0.000951
0.008710
0.007396
0.001584
0.008455
0.006881
0.004638
0.005142
0.005301
0.009043
0.009755
0.007209
0.000830
0.001128
0.007609
0.003830
0.000466
0.002901
0.007389
0.006182
0.003379
0.007245
0.002119
0.004102
0.009071
0.005099
0.005106
0.002199
0.005801
0.001225
0.006572
0.006742
0.009925
0.003968
0.008316
0.008380
0.000849
0.002954
0.003523
0.006140
0.001997
0.003277
0.003349
0.002817
0.004395
0.000959
0.006637
0.004852
0.003850
0.004026
0.001033
0.007219
0.001270
0.003142
0.001321
0.000341
0.008231
0.006417
0.002530
0.004032
0.007632
0.009092
0.000774
0.007557
0.003060
0.009080
0.005937
0.003898
0.002033
0.009450
0.000038
0.004021
0.002727
0.003378
0.006828
0.007112
0.004327
0.003465
0.001964
0.008166
0.007481
0.002988
0.005385
0.008741
0.006120
0.006696
0.009072
0.004351
0.003113
0.001602
0.008373
0.000745
0.000694
0.009137
0.008292
0.003744
0.008217
0.004229
0.007633
0.000251
0.003679
0.007661
0.004261
0.006396
0.001039
0.001089
0.003509
0.005356
0.004544
0.005463
0.003522
0.002025
0.008441
0.008897
0.000766
0.004560
0.005593
0.009829
0.008901
0.008696
0.001431
0.007275
0.009430
0.002116
0.006412
0.007723
0.005850
0.004629
0.001952
0.003482
0.004870
0.005621
0.001143
0.009121
0.002018
0.002172
0.000210
0.005517
0.007518
0.004744
0.000980
0.001039
0.006759
0.009410
0.009927
0.007515
0.003970
0.005519
0.007344
0.002872
0.004215
0.008765
0.000146
0.003645
0.000880
0.006548
0.001368
0.006720
0.001178
0.003310
0.000202
0.006037
0.008921
0.001335
0.005158
0.000939
0.003497
0.005358
0.006445
0.001015
0.000102
0.007415
0.002044
0.006850
0.006825
0.001971
0.004365
0.000795
0.007480
0.001709
0.003657
0.001695
0.000474
0.003793
0.005331
0.001344
0.000341
0.006689
0.008054
0.001509
0.009989
0.008246
0.007536
0.008910
0.009572
0.002695
0.009839
0.003069
0.008042
0.006284
0.004074
0.008134
0.003699
0.006108
0.004985
0.000524
0.008069
0.009340
0.001310
0.005549
0.001049
0.004956
0.007235
0.001513
0.008740
0.002565
0.002847
0.009071
0.009244
0.000901
0.000580
0.009233
0.009137
0.008106
0.008143
0.008709
0.000801
0.007981
0.001778
0.008833
0.004265
0.005841
0.006967
0.007955
0.001949
0.001952
0.008469
0.000018
0.001292
0.009768
0.005557
0.002331
0.004725
0.002792
0.003834
0.003464
0.005348
0.006671
0.002535
0.004592
0.007562
0.003105
0.003825
0.006700
0.001211
0.001967
0.005409
0.002002
0.009939
0.007176
0.000835
0.004204
0.003018
0.007792
0.002158
0.004957
0.009734
0.000627
0.004965
0.001026
0.000396
0.000523
0.003348
0.005110
0.003305
0.007172
0.008565
0.008642
0.003843
0.001100
0.003234
0.001406
0.004195
0.007049
0.008095
0.005396
0.009006
0.003504
0.007388
0.008944
0.000680
0.008213
0.003148
0.003688
0.006005
0.005297
0.008635
0.005739
0.005914
0.003600
0.006756
0.006300
0.004113
0.000103
0.001410
0.007408
0.007265
0.009965
0.006050
0.001108
0.001065
0.009274
0.002504
0.005250
0.006323
0.000600
0.000646
0.005328
0.004093
0.008025
0.004273
0.004764
0.006237
0.007411
0.008442
0.002243
0.002708
0.007076
0.007972
0.008612
0.000677
0.004727
0.004911
0.004779
0.004821
0.006311
0.002187
0.002086
0.006276
0.008227
0.003185
0.007331
0.007501
0.005679
0.002581
0.003824
0.006268
0.003218
0.009142
0.000362
0.001242
0.003415
0.005115
0.007470
0.000826
0.003557
0.009702
0.003523
0.000633
0.007674
0.002135
0.001300
0.002401
0.007036
0.006069
0.007212
0.003347
0.008246
0.009288
0.009613
0.006474
0.002473
0.006944
0.003975
0.008141
0.009515
0.007789
0.004409
0.002732
0.006931
0.004761
0.003965
0.000346
0.009866
0.001434
0.001162
0.003423
0.001136
0.004675
0.004047
0.008800
0.006800
0.005337
0.001201
0.003836
0.001406
0.008404
0.007173
0.009642
0.007692
0.006786
0.006116
0.000164
0.003730
0.000091
0.008296
0.003245
0.007870
0.002705
0.005967
0.004800
0.007456
0.009922
0.005136
0.007323
0.001356
0.006288
0.000746
0.002482
0.000963
0.004783
0.001282
0.007753
0.000120
0.002474
0.001589
0.001516
0.000877
0.008752
0.001158
0.008559
0.005539
0.007264
0.008713
0.009258
0.007345
0.007009
0.002503
0.005215
0.009704
0.008461
0.000015
0.007160
0.008382
0.005141
0.004483
0.009728
0.001430
0.005219
0.002210
0.002383
0.009992
0.003483
0.000136
0.000112
0.005946
0.001715
0.001617
0.006813
0.000468
0.002765
0.005372
0.005996
0.000029
0.004085
0.005255
0.007364
0.001094
0.007748
0.002579
0.000799
0.006209
0.002584
0.007949
0.004591
0.007715
0.002432
0.004319
0.009135
0.007641
0.006520
0.001518
0.007633
0.009992
0.001644
0.007735
0.005939
0.003349
0.009342
0.002752
0.003807
0.002108
0.008114
0.009793
0.002127
0.002200
0.005048
0.009481
0.003284
0.002796
0.002060
0.004073
0.008995
0.004634
0.002021
0.003586
0.002350
0.004443
0.007895
0.001485
0.002085
0.004415
0.002993
0.009708
0.004408
0.004626
0.007443
0.000346
0.007966
0.006786
0.003088
0.001772
0.008883
0.001202
0.001566
0.001010
0.003392
0.006604
0.000492
0.006666
0.009390
0.002542
0.000738
0.008384
0.007167
0.002750
0.001970
0.009507
0.007183
0.009856
0.000991
0.009258
0.004271
0.003974
0.008966
0.008668
0.008591
0.006410
0.009004
0.006556
0.003196
0.002093
0.008318
0.002079
0.003285
0.009874
0.003079
0.006667
0.006478
0.003561
0.003333
0.005868
0.006094
0.004061
0.004252
0.003260
0.006801
0.006212
0.002767
0.003984
0.006068
0.003748
0.003242
0.000338
0.007712
0.002209
0.008997
0.006303
0.008608
0.008001
0.002859
0.001804
0.000094
0.001177
0.003873
0.003369
0.001052
0.006942
0.000035
0.007519
0.000503
0.003358
0.003387
0.006587
0.007409
0.007629
0.009837
0.004210
0.003841
0.002604
0.008184
0.009899
0.006342
0.001426
0.000237
0.004055
0.003625
0.009224
0.000357
0.002233
0.007225
0.003206
0.004027
0.007309
0.004374
0.007890
0.000678
0.005415
0.004832
0.000703
0.002935
0.005325
0.004051
0.006312
0.001912
0.001460
0.003941
0.001749
0.005660
0.007772
0.004344
0.003844
0.007671
0.000686
0.005260
0.007898
0.004730
0.008874
0.007122
0.005078
0.001107
0.004348
0.008274
0.005124
0.001657
0.002648
0.003013
0.002324
0.008053
0.007835
0.003018
0.000988
0.003160
0.007059
0.007290
0.005062
0.008509
0.001231
0.006802
0.004169
0.008993
0.001146
0.008002
0.006664
0.001821
0.003262
0.004562
0.006542
0.002136
0.001685
0.001620
0.003233
0.006023
0.009884
0.008347
0.007669
0.002532
0.001361
0.009984
0.000586
0.009186
0.003001
0.001564
0.002346
0.000060
0.008844
0.007398
0.008559
0.000075
0.004200
0.002728
0.009058
0.005336
0.000730
0.005721
0.007147
0.003982
0.000284
0.003689
0.006108
0.001959
0.005299
0.009332
0.007971
0.005183
0.007679
0.005640
0.007705
0.009030
0.005624
0.008281
0.008215
0.008615
0.009835
0.000561
0.008666
0.008679
0.007949
0.007225
0.008744
0.002150
0.009943
0.007802
0.007476
0.000673
0.003523
0.004623
0.004645
0.003797
0.008302
0.000754
0.005746
0.003601
0.000085
0.003717
0.008774
0.007754
0.009347
0.006480
0.006784
0.004971
0.004761
0.004999
0.003586
0.004596
0.005550
0.002252
0.003275
0.003499
0.009467
0.002020
0.005639
0.009410
0.009811
0.003115
0.000082
0.003334
0.007728
0.004718
0.007121
0.006030
0.005461
0.002867
0.009621
0.005537
0.006574
0.008395
0.003291
0.005920
0.004875
0.000075
0.000891
0.009626
0.005064
0.004468
0.004222
0.000614
0.006710
0.007487
0.004104
0.006177
0.009497
0.009733
0.005586
0.009308
0.002847
0.005659
0.002643
0.000575
0.000377
0.009754
0.006595
0.005828
0.002621
0.006216
0.001365
0.009185
0.004611
0.004646
0.005105
0.009475
0.004711
0.005986
0.009101
0.009765
0.000454
0.003323
0.000380
0.007154
0.000810
0.004473
0.003331
0.000307
0.004206
0.008907
0.009606
0.007043
0.004566
0.002248
0.007609
0.004933
0.002002
0.004203
0.000761
0.004613
0.000419
0.002115
0.003798
0.005020
0.006751
0.008893
0.004495
0.001462
0.004880
0.003596
0.001228
0.005324
0.006909
0.001597
0.002478
0.007709
0.006060
0.005799
0.008007
0.000266
0.004706
0.007612
0.007300
0.009263
0.009850
0.004908
0.004195
0.001853
0.009102
0.004946
0.006456
0.009511
0.007051
0.000254
0.004531
0.003803
0.009137
0.009016
0.005255
0.004017
0.002612
0.006472
0.009331
0.009511
0.008060
0.001809
0.007220
0.004120
0.007598
0.005227
0.004376
0.002304
0.002839
0.001676
0.001566
0.002690
0.006575
0.005752
0.004532
0.005676
0.000698
0.000989
0.005187
0.007739
0.001233
0.009708
0.001541
0.000370
0.008723
0.006786
0.004377
0.001335
0.003259
0.003707
0.000846
0.001318
0.005506
0.008057
0.005429
0.003103
0.003284
0.009795
0.005397
0.006113
0.001471
0.006954
0.008793
0.008036
0.002705
0.003325
0.003712
0.003393
0.004304
0.008889
0.001132
0.005526
0.008597
0.002664
0.005886
0.007321
0.009440
0.000263
0.008646
0.002699
0.003961
0.009482
0.004007
0.009457
0.007539
0.009426
0.002560
0.000822
0.009221
0.007947
0.006925
0.000692
0.004901
0.005718
0.008717
0.007597
0.009033
0.002430
0.000990
0.003336
0.001319
0.002112
0.008853
0.009906
0.004766
0.004739
0.007226
0.004205
0.004992
0.005872
0.006894
0.008943
0.005354
0.000901
0.008400
0.002893
0.000327
0.000960
0.003706
0.009537
0.008897
0.000631
0.000229
0.003798
0.006338
0.008936
0.001395
0.005371
0.001366
0.002375
0.008697
0.002675
0.004477
0.007550
0.002581
0.009232
0.002289
0.009797
0.003438
0.007271
0.005669
0.000332
0.006214
0.001024
0.001223
0.004614
0.003907
0.001539
0.005564
0.007603
0.001077
0.004461
0.008223
0.001295
0.008249
0.004562
0.000232
0.009634
0.009923
0.001588
0.002009
0.008620
0.004252
0.006475
0.006170
0.006823
0.005707
0.008449
0.006620
0.009135
0.005721
0.002290
0.009457
0.001935
0.003304
0.000679
0.006539
0.007201
0.002209
0.002103
0.004804
0.003275
0.006554
0.003027
0.004560
0.004803
0.007579
0.004782
0.004436
0.007502
0.006360
0.006435
0.006122
0.000612
0.002910
0.002293
0.007426
0.008608
0.000742
0.004046
0.007742
0.006453
0.006325
0.007199
0.008378
0.009619
0.007868
0.004918
0.006820
0.000077
0.007010
0.001623
0.003342
0.003564
0.004640
0.007892
0.008357
0.002219
0.002674
0.002793
0.009711
0.009024
0.009218
0.005834
0.009627
0.002128
0.008116
0.007052
0.000736
0.008848
0.001098
0.008468
0.005301
0.007414
0.005667
0.003680
0.007033
0.003535
0.008587
0.003852
0.003602
0.005598
0.005466
0.006934
0.009152
0.000106
0.004826
0.007508
0.002316
0.007490
0.000301
0.002027
0.006515
0.009509
0.007851
0.006142
0.001638
0.005967
0.003194
0.002363
0.004815
0.004282
0.000831
0.000116
0.001696
0.006488
0.003786
0.008718
0.000023
0.002373
0.002571
0.003615
0.007961
0.008027
0.000549
0.007113
0.008123
0.005365
0.004622
0.000439
0.002855
0.004913
0.002456
0.009360
0.004422
0.000306
0.005502
0.006050
0.006263
0.008686
0.008403
0.001078
0.002968
0.009224
0.001185
0.004654
0.005712
0.004961
0.003372
0.005726
0.007324
0.005933
0.009331
0.005286
0.003960
0.009870
0.002399
0.002083
0.005235
0.007010
0.002512
0.008080
0.001923
0.004958
0.007440
0.006336
0.005255
0.002942
0.002386
0.001518
0.001628
0.000789
0.002586
0.004587
0.000013
0.003761
0.009231
0.005715
0.008712
0.002603
0.001441
0.006036
0.008527
0.000772
0.001322
0.002487
0.000642
0.003711
0.004560
0.005867
0.000721
0.007062
0.003947
0.002634
0.002020
0.001388
0.008959
0.007265
0.004320
0.001345
0.008773
0.005939
0.002124
0.001359
0.000526
0.002126
0.005110
0.009747
0.007832
0.003822
0.002350
0.009263
0.009848
0.000877
0.000034
0.001170
0.003354
0.000667
0.004871
0.007904
0.006524
0.005581
0.004966
0.000471
0.008205
0.006976
0.001849
0.007165
0.004242
0.006159
0.008500
0.003015
0.002098
0.000623
0.004364
0.002614
0.002740
0.009464
0.002360
0.000571
0.003286
0.004700
0.009824
0.003134
0.005567
0.009848
0.004294
0.008910
0.000515
0.009155
0.006814
0.007029
0.004736
0.001780
0.007490
0.002941
0.008746
0.009329
0.000106
0.002988
0.005488
0.008596
0.005993
0.007576
0.009209
0.000357
0.000190
0.001949
0.009811
0.002540
0.002510
0.003097
0.007230
0.002334
0.006221
0.002797
0.002182
0.000515
0.001707
0.002687
0.009660
0.008512
0.009706
0.004396
0.000292
0.007195
0.007328
0.009028
0.006524
0.007424
0.002016
0.002012
0.006019
0.007999
0.009577
0.005228
0.008345
0.009757
0.007167
0.008156
0.002297
0.009667
0.001253
0.009517
0.002001
0.007463
0.002314
0.004173
0.007969
0.004012
0.006850
0.007629
0.002523
0.006555
0.002025
0.002805
0.003751
0.009343
0.001833
0.000274
0.006767
0.003839
0.002276
0.002786
0.001838
0.001853
0.008004
0.000183
0.001610
0.005171
0.008329
0.003897
0.004838
0.009572
0.003414
0.006828
0.007035
0.005718
0.001001
0.005004
0.009720
0.007841
0.002633
0.002243
0.004396
0.004648
0.005038
0.008137
0.003991
0.006861
0.008401
0.000758
0.000700
0.000677
0.003534
0.002528
0.002520
0.001538
0.002701
0.004120
0.006699
0.001030
0.008007
0.001537
0.000602
0.001422
0.008355
0.007628
0.007130
0.009345
0.002632
0.006850
0.007186
0.005255
0.009083
0.001582
0.009893
0.004121
0.009709
0.003884
0.000982
0.008110
0.004632
0.001672
0.008776
0.008157
0.004190
0.001296
0.009685
0.006881
0.005406
0.006384
0.007901
0.003414
0.007910
0.008494
0.004825
0.006265
0.006121
0.001955
0.005610
0.008743
0.008796
0.002796
0.003998
0.007879
0.004369
0.003891
0.002001
0.004077
0.007766
0.002973
0.002187
0.002398
0.004635
0.000963
0.000555
0.008815
0.002250
0.000240
0.005696
0.007646
0.006613
0.003597
0.001059
0.004523
0.002091
0.005875
0.000788
0.008202
0.007820
0.006389
0.006946
0.006616
0.009175
0.000944
0.004495
0.003544
0.004825
0.006486
0.007611
0.002591
0.009448
0.009788
0.004979
0.004083
0.000752
0.005524
0.002898
0.002991
0.005753
0.008584
0.000637
0.002367
0.002181
0.001686
0.006880
0.004261
0.007551
0.007658
0.002463
0.005371
0.004047
0.009399
0.001987
0.003222
0.000343
0.006472
0.006756
0.005158
0.002957
0.004367
0.007739
0.002406
0.004155
0.002718
0.006479
0.004896
0.008232
0.009367
0.007877
0.003985
0.007950
0.008504
0.006342
0.000131
0.000191
0.003222
0.004382
0.007731
0.000880
0.006835
0.003102
0.004917
0.006234
0.005079
0.008129
0.006567
0.001551
0.004885
0.001725
0.004498
0.009241
0.009454
0.006894
0.003396
0.002172
0.003372
0.008282
0.000404
0.002739
0.006160
0.004379
0.000689
0.004664
0.000721
0.000810
0.004844
0.003933
0.005182
0.002576
0.004803
0.002017
0.005668
0.009710
0.008242
0.000747
0.007840
0.004809
0.002288
0.002725
0.006524
0.006776
0.001966
0.005978
0.003670
0.005352
0.008140
0.007032
0.003635
0.008534
0.009761
0.009784
0.002913
0.000451
0.004448
0.003623
0.001250
0.009282
0.007546
0.006422
0.001858
0.002349
0.008430
0.007516
0.002059
0.006671
0.008253
0.009889
0.001480
0.000542
0.002614
0.007994
0.007308
0.004570
0.003973
0.000978
0.009913
0.002113
0.008001
0.003547
0.000646
0.007762
0.003331
0.003549
0.008203
0.007769
0.007162
0.009443
0.007051
0.004709
0.005866
0.008899
0.007048
0.004295
0.006416
0.009097
0.000966
0.004669
0.008986
0.002437
0.005201
0.001600
0.000431
0.002509
0.006161
0.004394
0.003477
0.006073
0.006496
0.001478
0.009611
0.007133
0.009230
0.002942
0.000682
0.007433
0.000711
0.007834
0.006876
0.007752
0.002543
0.002741
0.006652
0.009580
0.007026
0.003067
0.008677
0.007983
0.007726
0.007664
0.000419
0.002927
0.009254
0.000840
0.005426
0.005415
0.005224
0.008893
0.001488
0.001720
0.000371
0.001099
0.008843
0.009591
0.004031
0.009515
0.007023
0.004732
0.007349
0.003899
0.002484
0.009881
0.006631
0.009125
0.009462
0.003657
0.002193
0.008139
0.001640
0.009909
0.005803
0.002049
0.002836
0.005057
0.002880
0.008252
0.000472
0.008094
0.007145
0.001950
0.009804
0.007505
0.003039
0.008647
0.007096
0.007060
0.008162
0.004119
0.001791
0.005510
0.008008
0.004265
0.005392
0.004639
0.003390
0.004853
0.008286
0.005573
0.002992
0.009916
0.005482
0.008785
0.001965
0.008308
0.003842
0.004835
0.006559
0.004304
0.002929
0.003704
0.006244
0.002733
0.001209
0.009273
0.001380
0.008295
0.006333
0.009532
0.002414
0.008114
0.005042
0.000423
0.002379
0.000434
0.005052
0.005759
0.005278
0.003338
0.001332
0.008260
0.003254
0.006804
0.007045
0.005209
0.005112
0.000887
0.000044
0.001671
0.005181
0.002963
0.005365
0.001425
0.005686
0.006565
0.000698
0.007056
0.004860
0.007020
0.006588
0.007264
0.005134
0.001630
0.007677
0.007503
0.002055
0.002729
0.003262
0.007322
0.006056
0.004584
0.005583
0.009300
0.001388
0.002628
0.004509
0.006490
0.003505
0.004542
0.008151
0.008676
0.007495
0.003516
0.000101
0.003180
0.000080
0.000789
0.000236
0.004930
0.007799
0.006814
0.002194
0.002933
0.008435
0.009861
0.000436
0.000489
0.002590
0.003688
0.007802
0.008636
0.008262
0.003384
0.007936
0.009639
0.006002
0.002445
0.006129
0.009497
0.006977
0.004280
0.008173
0.004472
0.007785
0.008263
0.007642
0.007856
0.009042
0.007868
0.002786
0.006841
0.004683
0.004970
0.009765
0.003117
0.004832
0.000201
0.003597
0.007412
0.003878
0.001398
0.006048
0.002140
0.004773
0.003984
0.001779
0.000775
0.006419
0.007898
0.000272
0.003396
0.002178
0.008434
0.007858
0.009953
0.006698
0.005500
0.007809
0.005740
0.003369
0.000595
0.002581
0.008041
0.005556
0.002345
0.001158
0.000387
0.002536
0.004745
0.007789
0.006404
0.006134
0.003837
0.008534
0.000906
0.007811
0.000314
0.001671
0.004231
0.008202
0.001932
0.007617
0.000380
0.000367
0.005475
0.000333
0.007054
0.000975
0.008133
0.002794
0.004333
0.008718
0.005365
0.002375
0.004274
0.007700
0.003523
0.004651
0.000236
0.008258
0.002440
0.006630
0.004392
0.006267
0.005165
0.005288
0.004078
0.005468
0.006949
0.008299
0.003670
0.008871
0.005916
0.004040
0.009228
0.001391
0.004364
0.006282
0.002356
0.002496
0.009066
0.006679
0.001214
0.004431
0.009044
0.005478
0.002131
0.002567
0.000129
0.002356
0.000825
0.002559
0.008977
0.005207
0.008816
0.004141
0.000495
0.002894
0.009599
0.007434
0.001193
0.003270
0.006305
0.007099
0.007300
0.005533
0.008480
0.001664
0.001815
0.000836
0.004150
0.000881
0.007505
0.005355
0.005302
0.006550
0.000833
0.007423
0.009107
0.000952
0.009769
0.009922
0.003500
0.008746
0.005129
0.002316
0.002887
0.005614
0.005200
0.002486
0.003048
0.006383
0.005746
0.009343
0.003483
0.003046
0.004876
0.001963
0.004700
0.006682
0.002789
0.008840
0.007553
0.000295
0.004195
0.002855
0.006834
0.005018
0.000278
0.005941
0.005959
0.000046
0.005863
0.009450
0.008782
0.000992
0.001766
0.001669
0.006596
0.006956
0.004145
0.009633
0.003339
0.009880
0.008976
0.006812
0.002926
0.003853
0.008765
0.007616
0.000534
0.001554
0.006456
0.008077
0.001839
0.000651
0.000932
0.008663
0.005658
0.001200
0.004604
0.001618
0.001236
0.000466
0.001068
0.000018
0.001448
0.002823
0.001677
0.008033
0.009769
0.005811
0.007667
0.003109
0.005691
0.006643
0.009911
0.008607
0.000496
0.008676
0.006223
0.001020
0.000230
0.002679
0.009088
0.002059
0.003320
0.000020
0.000722
0.008968
0.001210
0.005316
0.000586
0.002436
0.005772
0.001643
0.002444
0.007209
0.004457
0.004111
0.005243
0.004226
0.009912
0.002910
0.007325
0.005604
0.009543
0.007236
0.004211
0.000039
0.005912
0.000435
0.001049
0.006133
0.003104
0.000137
0.008182
0.006413
0.000147
0.008894
0.005381
0.001347
0.004210
0.005957
0.003773
0.009971
0.007590
0.006207
0.007181
0.002046
0.000318
0.002424
0.006262
0.000231
0.005323
0.003587
0.005825
0.004866
0.000823
0.000036
0.004895
0.006726
0.000461
0.005933
0.002858
0.003554
0.006060
0.001041
0.009958
0.006197
0.009925
0.005338
0.007533
0.004134
0.001295
0.001306
0.004106
0.008875
0.007503
0.001287
0.000921
0.007812
0.003700
0.007173
0.008033
0.009014
0.000760
0.003857
0.003880
0.001573
0.003884
0.008764
0.008289
0.004335
0.004698
0.001147
0.007879
0.000758
0.002178
0.007837
0.006944
0.002103
0.003175
0.004477
0.006227
0.004460
0.005773
0.000333
0.003335
0.003277
0.001610
0.004245
0.001088
0.005300
0.001418
0.009111
0.004314
0.002168
0.002968
0.008183
0.003731
0.006842
0.006947
0.002020
0.001176
0.001645
0.003158
0.009045
0.002392
0.005325
0.006882
0.009326
0.007418
0.000057
0.003804
0.003645
0.004507
0.009567
0.003968
0.007831
0.002844
0.005567
0.002077
0.003923
0.000867
0.003485
0.003033
0.005171
0.005643
0.005992
0.003354
0.009364
0.002834
0.000301
0.001385
0.004000
0.001935
0.004532
0.003046
0.004317
0.009848
0.009918
0.003644
0.007265
0.009965
0.007438
0.000910
0.004472
0.007005
0.004868
0.002303
0.009839
0.000435
0.004370
0.003762
0.001292
0.007845
0.006785
0.006452
0.003488
0.002777
0.009796
0.002852
0.005601
0.000097
0.004227
0.009591
0.002022
0.008749
0.002636
0.006329
0.008597
0.002554
0.009963
0.005862
0.002518
0.007401
0.006762
0.006980
0.004407
0.001630
0.009273
0.004246
0.002055
0.003643
0.007998
0.003337
0.001487
0.004783
0.009779
0.004965
0.007550
0.009575
0.007807
0.003151
0.009662
0.002034
0.002742
0.001684
0.000783
0.005368
0.008004
0.009370
0.007912
0.007967
0.005232
0.000430
0.005368
0.001994
0.007400
0.009765
0.003614
0.006673
0.004011
0.005660
0.000316
0.002009
0.008987
0.001793
0.006782
0.008766
0.006748
0.004332
0.008341
0.004555
0.007473
0.008004
0.006579
0.000215
0.009678
0.007352
0.005573
0.007681
0.006722
0.003485
0.005648
0.001954
0.003905
0.001016
0.003938
0.001306
0.000781
0.007543
0.007969
0.004782
0.003202
0.008275
0.006781
0.002189
0.000068
0.003563
0.000955
0.006806
0.007885
0.009286
0.001361
0.005358
0.007290
0.007931
0.005563
0.006967
0.005283
0.001136
0.004649
0.002005
0.004611
0.000297
0.003949
0.008506
0.001303
0.007878
0.009802
0.002075
0.005421
0.007771
0.006847
0.008613
0.006046
0.003628
0.000802
0.006104
0.007180
0.001746
0.002910
0.005065
0.001033
0.004262
0.000424
0.008312
0.002192
0.005977
0.005280
0.007465
0.007104
0.009918
0.009460
0.001715
0.000215
0.003410
0.000221
0.001509
0.001287
0.000023
0.003573
0.006698
0.007784
0.000420
0.005311
0.003830
0.004037
0.006102
0.009925
0.001218
0.007839
0.002835
0.006273
0.008861
0.007086
0.006687
0.007174
0.009269
0.002664
0.002453
0.006734
0.009758
0.002372
0.006194
0.001473
0.002577
0.009594
0.001684
0.004075
0.000881
0.001697
0.007639
0.007569
0.009472
0.008049
0.002879
0.003302
0.002086
0.008971
0.003227
0.003294
0.006810
0.006052
0.009557
0.005671
0.003138
0.006244
0.002845
0.002407
0.008899
0.005289
0.009130
0.008656
0.007650
0.005324
0.000129
0.000227
0.004918
0.001803
0.004293
0.005789
0.003491
0.001931
0.003357
0.002963
0.009970
0.006227
0.006255
0.002056
0.005198
0.009472
0.005339
0.002008
0.005524
0.004897
0.007669
0.008652
0.001141
0.000515
0.001059
0.000039
0.005793
0.000189
0.008686
0.003443
0.005503
0.008805
0.003660
0.000421
0.000608
0.007943
0.006200
0.004089
0.009864
0.009547
0.007042
0.009834
0.005774
0.003297
0.001889
0.000972
0.002769
0.007219
0.002970
0.008283
0.002115
0.000639
0.006935
0.003246
0.001144
0.007983
0.003275
0.006927
0.008162
0.001961
0.000370
0.003665
0.000766
0.004021
0.004077
0.001364
0.001964
0.000277
0.005443
0.001828
0.009814
0.002485
0.001661
0.005588
0.005772
0.003541
0.006549
0.008531
0.000760
0.009509
0.006814
0.002865
0.000148
0.003749
0.006101
0.001282
0.001733
0.009367
0.008199
0.009885
0.001327
0.008559
0.003551
0.002083
0.002580
0.007617
0.003437
0.004533
0.007884
0.008871
0.006351
0.007698
0.001356
0.008002
0.003285
0.007118
0.001543
0.009825
0.005649
0.002293
0.009334
0.002464
0.005148
0.009472
0.006203
0.001250
0.000754
0.007926
0.000616
0.008942
0.007811
0.001934
0.007501
0.001362
0.004007
0.000081
0.008969
0.007434
0.004604
0.006853
0.006305
0.000955
0.004550
0.007651
0.008948
0.007826
0.004769
0.000491
0.007650
0.000418
0.002774
0.006984
0.002872
0.007912
0.006455
0.009065
0.009152
0.007199
0.006991
0.009758
0.006141
0.004802
0.001691
0.003643
0.006154
0.005688
0.003714
0.005123
0.003123
0.008308
0.001975
0.009418
0.009254
0.006516
0.007068
0.008202
0.004341
0.001837
0.008683
0.001991
0.002245
0.001457
0.008965
0.005107
0.009359
0.005420
0.004172
0.008511
0.002619
0.001163
0.008269
0.008750
0.005955
0.009950
0.002393
0.002108
0.005639
0.006097
0.007221
0.008751
0.004405
0.009186
0.008169
0.003659
0.005702
0.005238
0.001861
0.000043
0.007065
0.000544
0.002024
0.009300
0.001991
0.000988
0.004407
0.001350
0.006398
0.008569
0.009851
0.009007
0.009721
0.008120
0.007757
0.005676
0.008070
0.000150
0.007774
0.003709
0.006237
0.004995
0.002460
0.000642
0.004181
0.000630
0.004291
0.009873
0.005857
0.006142
0.009906
0.002922
0.006676
0.001929
0.002222
0.008657
0.002908
0.006618
0.009996
0.009296
0.005187
0.009847
0.008302
0.004908
0.007967
0.006059
0.000585
0.006038
0.006199
0.008349
0.009737
0.002436
0.003344
0.002197
0.003068
0.007516
0.002817
0.007349
0.007389
0.008664
0.003491
0.007294
0.001586
0.000167
0.009214
0.003797
0.008814
0.002121
0.000416
0.008810
0.001417
0.005593
0.008658
0.009709
0.000501
0.006625
0.005769
0.001076
0.002663
0.001967
0.009415
0.002399
0.004393
0.002759
0.004587
0.007451
0.000275
0.007393
0.004799
0.007653
0.006057
0.008281
0.004948
0.007633
0.008438
0.004162
0.001430
0.007251
0.006273
0.001835
0.006062
0.007680
0.007418
0.004719
0.007389
0.007909
0.001344
0.003158
0.008975
0.003997
0.005115
0.008390
0.006386
0.009498
0.001149
0.000973
0.006949
0.001413
0.008356
0.001748
0.009057
0.004413
0.000029
0.004005
0.002046
0.008456
0.008156
0.003466
0.005708
0.004429
0.005291
0.001769
0.002109
0.002709
0.006479
0.009489
0.000618
0.007813
0.002646
0.009583
0.001810
0.007752
0.007973
0.008187
0.007250
0.009111
0.009149
0.004199
0.000525
0.007506
0.005937
0.009572
0.001919
0.005955
0.003576
0.003955
0.004411
0.001733
0.007410
0.000119
0.006152
0.002701
0.001879
0.008252
0.005400
0.008348
0.007740
0.006009
0.006161
0.000387
0.005592
0.007961
0.008129
0.003565
0.006147
0.005378
0.002676
0.005297
0.009567
0.003191
0.002802
0.005503
0.002762
0.004711
0.001459
0.006329
0.008656
0.005860
0.008052
0.006066
0.005969
0.004204
0.008757
0.007838
0.002456
0.004158
0.006186
0.000196
0.000166
0.002346
0.000573
0.005748
0.000307
0.008691
0.009302
0.006445
0.004070
0.001978
0.001742
0.003637
0.005159
0.004534
0.009130
0.007912
0.009235
0.000589
0.004240
0.007891
0.006439
0.002292
0.003957
0.002408
0.006486
0.002714
0.000247
0.008931
0.006862
0.006422
0.009117
0.007018
0.008759
0.009680
0.002766
0.009056
0.008371
0.002068
0.005501
0.002441
0.004037
0.007232
0.006067
0.009186
0.001767
0.005197
0.007098
0.001002
0.005776
0.001338
0.008883
0.002215
0.003620
0.002840
0.004614
0.000105
0.005545
0.004850
0.009027
0.002407
0.001272
0.008144
0.009415
0.000031
0.007824
0.002181
0.009077
0.006195
0.004239
0.004578
0.008626
0.008266
0.001810
0.004693
0.007452
0.003567
0.009881
0.004549
0.004559
0.005657
0.005877
0.003442
0.007862
0.009487
0.006272
0.002475
0.009582
0.001817
0.007316
0.008609
0.004214
0.008578
0.006752
0.003629
0.008599
0.004576
0.005799
0.007675
0.000771
0.000038
0.002253
0.009387
0.008294
0.004053
0.004080
0.005745
0.007610
0.003960
0.000294
0.002169
0.009607
0.006161
0.005601
0.007469
0.005648
0.001873
0.009934
0.005230
0.003680
0.007250
0.003839
0.007884
0.005828
0.000591
0.001513
0.004426
0.005157
0.007303
0.002102
0.005918
0.007331
0.004345
0.005305
0.005625
0.008388
0.009374
0.001370
0.005998
0.003335
0.001655
0.008157
0.002942
0.007806
0.003757
0.000411
0.003454
0.005620
0.000345
0.008674
0.009291
0.007585
0.002513
0.007175
0.003412
0.003094
0.008678
0.007829
0.008241
0.005981
0.009920
0.004159
0.003312
0.004265
0.009454
0.008927
0.002653
0.008828
0.000297
0.008641
0.002163
0.001942
0.006798
0.005095
0.009738
0.000555
0.005496
0.003192
0.006166
0.005830
0.001867
0.005456
0.003415
0.004370
0.002631
0.006818
0.007454
0.001310
0.004646
0.005695
0.007281
0.004567
0.009845
0.000592
0.008822
0.009299
0.009509
0.001475
0.008127
0.009796
0.000116
0.000290
0.001738
0.006904
0.005375
0.001476
0.007449
0.000871
0.004659
0.003615
0.006691
0.006515
0.009061
0.000107
0.000885
0.001692
0.006914
0.008329
0.002992
0.001561
0.004024
0.000273
0.006118
0.003869
0.000855
0.004940
0.003168
0.000364
0.006405
0.001295
0.000160
0.006511
0.001575
0.001889
0.003415
0.006940
0.003355
0.000864
0.007801
0.008003
0.004469
0.004492
0.004519
0.003530
0.004589
0.005394
0.005212
0.001503
0.003723
0.008194
0.003054
0.007737
0.008457
0.009161
0.001606
0.009302
0.004101
0.004764
0.009656
0.000506
0.006048
0.009806
0.007007
0.007613
0.001695
0.000422
0.004554
0.005040
0.001277
0.002355
0.003043
0.005736
0.006837
0.007552
0.009256
0.001426
0.002946
0.004468
0.002920
0.006659
0.002662
0.005964
0.004396
0.001119
0.005125
0.005992
0.000421
0.009216
0.000756
0.000077
0.009712
0.006794
0.009873
0.006719
0.004407
0.001568
0.007132
0.008951
0.006598
0.008398
0.001306
0.009631
0.004134
0.008134
0.007183
0.003390
0.009550
0.000129
0.007848
0.002470
0.006777
0.000511
0.008423
0.001174
0.001620
0.003548
0.007156
0.002031
0.002764
0.007901
0.002098
0.002476
0.004695
0.001971
0.009185
0.009092
0.003529
0.006317
0.008043
0.000127
0.004716
0.009340
0.009748
0.008840
0.007473
0.006930
0.002230
0.007023
0.007049
0.000079
0.009483
0.003827
0.000580
0.007906
0.004990
0.002190
0.001455
0.002146
0.004211
0.004209
0.000047
0.006299
0.006675
0.004732
0.008260
0.005861
0.003824
0.001789
0.002178
0.001868
0.001906
0.006883
0.001207
0.001654
0.005723
0.008671
0.008574
0.007944
0.005694
0.005623
0.008012
0.005177
0.009440
0.008582
0.003083
0.004430
0.000771
0.004528
0.006566
0.004972
0.008727
0.006603
0.001271
0.005402
0.001334
0.009521
0.001262
0.005148
0.001310
0.003430
0.007006
0.003206
0.000313
0.008203
0.004850
0.006027
0.006874
0.003424
0.003970
0.002568
0.009038
0.001982
0.007735
0.008478
0.000564
0.000818
0.002908
0.001326
0.005336
0.009464
0.006288
0.004063
0.006066
0.007548
0.009455
0.007391
0.007069
0.000718
0.002539
0.008369
0.004138
0.009535
0.001574
0.004441
0.007738
0.006414
0.000468
0.004612
0.009828
0.004428
