0.007170
0.008866
0.006400
0.004905
0.007343
0.006954
0.005713
0.000251
0.008270
0.001049
0.009705
0.004558
0.005103
0.005771
0.002106
0.004558
0.003162
0.009165
0.005265
0.005691
0.007534
0.009393
0.005226
0.009098
0.003834
0.002964
0.005512
0.004291
0.007566
0.005340
0.008709
0.004735
0.004206
0.005109
0.009630
0.001550
0.002063
0.005343
0.001791
0.000333
0.006383
0.001496
0.004881
0.001485
0.007257
0.006977
0.006033
0.000419
0.006142
0.001298
0.006099
0.003675
0.000691
0.001325
0.002773
0.004515
0.004279
0.008275
0.008796
0.001845
0.003616
0.007505
0.006570
0.007812
0.002614
0.006200
0.009351
0.004667
0.001544
0.001142
0.004990
0.007916
0.002628
0.009861
0.009391
0.009875
0.006838
0.005424
0.000293
0.002979
0.006712
0.006383
0.006645
0.007393
0.007698
0.009408
0.001907
0.001977
0.007683
0.000703
0.003812
0.001299
0.008198
0.000382
0.009100
0.000812
0.006573
0.008452
0.005468
0.008106
0.009584
0.000459
0.006022
0.002212
0.000320
0.005413
0.002086
0.007147
0.000838
0.002369
0.000127
0.007540
0.008742
0.006761
0.004932
0.006440
0.006169
0.006830
0.008407
0.003852
0.007523
0.002218
0.005141
0.005720
0.002590
0.004241
0.006522
0.009153
0.002693
0.001990
0.007259
0.002277
0.002439
0.003281
0.004479
0.002749
0.008685
0.006555
0.009886
0.009512
0.008914
0.000012
0.007052
0.007656
0.006764
0.001984
0.004096
0.002933
0.008804
0.002503
0.006775
0.006326
0.004711
0.001916
0.002047
0.007291
0.006147
0.008559
0.006444
0.008831
0.000549
0.003703
0.001108
0.002978
0.006975
0.005576
0.005717
0.005659
0.002131
0.005603
0.005172
0.001046
0.005605
0.002223
0.008692
0.002369
0.004197
0.002788
0.005292
0.003001
0.005281
0.002067
0.009317
0.009982
0.003973
0.001364
0.007274
0.000120
0.009913
0.003718
0.008940
0.000462
0.007411
0.000048
0.003430
0.004386
0.005614
0.009137
0.000045
0.007736
0.004739
0.005207
0.008772
0.000344
0.007420
0.007464
0.002703
0.001617
0.000252
0.007985
0.004608
0.005523
0.000051
0.003925
0.005505
0.004014
0.005279
0.002779
0.004124
0.005192
0.006487
0.003064
0.005644
0.003898
0.003102
0.009064
0.008274
0.008707
0.008201
0.008309
0.006442
0.002940
0.003516
0.005214
0.003275
0.000936
0.002678
0.005968
0.002543
0.002920
0.003952
0.007141
0.008433
0.003993
0.001066
0.003939
0.007997
0.006336
0.006708
0.002121
0.001528
0.003194
0.005175
0.007162
0.007082
0.008267
0.006226
0.005356
0.006974
0.004427
0.003665
0.003416
0.007357
0.007171
0.008621
0.000631
0.008097
0.001299
0.006589
0.000640
0.004209
0.000541
0.007771
0.002642
0.004524
0.008827
0.006571
0.002522
0.005163
0.003279
0.004633
0.006680
0.006463
0.009798
0.003842
0.003546
0.008065
0.000068
0.008892
0.005039
0.004484
0.002557
0.008446
0.001841
0.009719
0.007066
0.002463
0.007816
0.008355
0.009042
0.008445
0.002564
0.009573
0.006216
0.005196
0.004097
0.005043
0.001767
0.006609
0.000206
0.005036
0.001241
0.006876
0.001499
0.001039
0.000718
0.005034
0.009094
0.000776
0.003926
0.004133
0.005250
0.006474
0.002579
0.007082
0.006193
0.009635
0.009534
0.004008
0.007990
0.008576
0.002453
0.000553
0.008148
0.008659
0.005739
0.002245
0.003702
0.007496
0.008844
0.003898
0.002531
0.000085
0.000774
0.004020
0.001114
0.001482
0.009044
0.000209
0.002248
0.002971
0.004332
0.007488
0.009435
0.006901
0.004570
0.005627
0.006536
0.004104
0.009625
0.004525
0.002680
0.002078
0.005069
0.000828
0.000737
0.000808
0.003063
0.004429
0.008294
0.001907
0.008317
0.000825
0.001982
0.009081
0.004835
0.003086
0.000562
0.003880
0.003285
0.002800
0.006841
0.007607
0.000288
0.006275
0.004507
0.004847
0.001902
0.001043
0.008941
0.001527
0.005559
0.001621
0.003596
0.000627
0.002439
0.004323
0.001425
0.005492
0.008742
0.009709
0.007389
0.007059
0.000535
0.009361
0.006140
0.005360
0.002447
0.006692
0.009230
0.005722
0.009482
0.006071
0.003329
0.009760
0.002346
0.007826
0.004608
0.004238
0.008859
0.003549
0.005756
0.004418
0.005160
0.009341
0.005036
0.007589
0.003664
0.006451
0.003080
0.002407
0.006160
0.000469
0.009456
0.006685
0.009820
0.005596
0.002045
0.002267
0.002289
0.001275
0.007979
0.001771
0.007335
0.001307
0.001532
0.009671
0.009124
0.006129
0.003909
0.007983
0.009668
0.009655
0.002401
0.004828
0.008996
0.007426
0.002417
0.002660
0.003877
0.005487
0.005057
0.000038
0.005946
0.004513
0.006712
0.005766
0.000110
0.008747
0.008023
0.002388
0.000022
0.006001
0.004150
0.007347
0.007299
0.005671
0.007018
0.006422
0.001801
0.000927
0.004405
0.001469
0.000582
0.006796
0.006287
0.009568
0.004223
0.008694
0.002228
0.008090
0.004181
0.007275
0.008118
0.000127
0.001788
0.004830
0.005883
0.001888
0.003577
0.003906
0.004266
0.003589
0.009897
0.008406
0.000935
0.007196
0.004077
0.007943
0.003618
0.005868
0.008860
0.008013
0.007327
0.009432
0.004810
0.003614
0.009000
0.009022
0.002308
0.001228
0.007112
0.006479
0.008492
0.005230
0.006596
0.000280
0.000060
0.002479
0.002158
0.003627
0.006375
0.006414
0.007205
0.006272
0.004820
0.008131
0.003467
0.008887
0.006074
0.007075
0.004755
0.004935
0.005088
0.002082
0.004367
0.009888
0.005686
0.003367
0.008910
0.007983
0.004584
0.006023
0.004462
0.003077
0.001253
0.001059
0.003347
0.001303
0.003528
0.005495
0.004920
0.009892
0.001910
0.002125
0.006164
0.006720
0.000256
0.009621
0.005608
0.006320
0.006696
0.000363
0.001255
0.001785
0.002434
0.005612
0.001673
0.008110
0.008969
0.000583
0.006093
0.003553
0.006596
0.000556
0.006620
0.007839
0.001604
0.009957
0.009131
0.005122
0.005453
0.004051
0.005014
0.007353
0.006166
0.001178
0.004073
0.006412
0.000799
0.009670
0.002733
0.007486
0.000033
0.003978
0.009260
0.002458
0.009580
0.000933
0.000568
0.008549
0.001506
0.006651
0.002103
0.008091
0.007197
0.008713
0.005930
0.008791
0.008670
0.005061
0.003913
0.004123
0.009102
0.008917
0.001476
0.005269
0.000096
0.005539
0.001681
0.000885
0.005209
0.004404
0.008360
0.005232
0.008372
0.007621
0.007680
0.007952
0.008543
0.008238
0.006502
0.000049
0.004889
0.008594
0.008131
0.002086
0.007307
0.004061
0.000877
0.005977
0.009112
0.004780
0.000101
0.008214
0.003697
0.001567
0.003483
0.003783
0.007095
0.005154
0.004658
0.002305
0.009548
0.003018
0.007527
0.007920
0.000639
0.005207
0.005873
0.009172
0.003445
0.002374
0.009211
0.008324
0.000969
0.007342
0.000410
0.008265
0.001402
0.001277
0.004243
0.000514
0.006047
0.004333
0.008718
0.009734
0.005890
0.002201
0.003517
0.002985
0.007346
0.008165
0.005280
0.006894
0.001183
0.002807
0.004814
0.001812
0.008005
0.000687
0.000984
0.001450
0.003052
0.000195
0.009764
0.004010
0.007526
0.000174
0.002276
0.008918
0.001441
0.006508
0.009422
0.007479
0.000842
0.008140
0.007213
0.006721
0.000342
0.000730
0.009697
0.007677
0.008885
0.004976
0.004571
0.000069
0.007774
0.009376
0.001870
0.005778
0.000063
0.002844
0.007218
0.003105
0.003029
0.006982
0.007105
0.000555
0.007147
0.009370
0.009463
0.008578
0.005879
0.008885
0.006057
0.006710
0.007026
0.003270
0.003432
0.007357
0.003990
0.003128
0.005035
0.002876
0.008095
0.009596
0.002934
0.005868
0.008972
0.004795
0.001647
0.009025
0.007629
0.008855
0.002129
0.000657
0.005838
0.009224
0.001202
0.002984
0.008595
0.000665
0.001562
0.004473
0.009541
0.007609
0.001184
0.006566
0.000879
0.004605
0.003924
0.004859
0.007723
0.008948
0.007724
0.005818
0.008544
0.000659
0.001686
0.007516
0.005443
0.003323
0.006541
0.003072
0.002178
0.008660
0.003719
0.008006
0.007884
0.004911
0.000990
0.006478
0.005567
0.002542
0.000952
0.005107
0.000152
0.002125
0.001674
0.001020
0.006721
0.005588
0.005869
0.004444
0.004536
0.003593
0.000262
0.003081
0.004242
0.001938
0.000596
0.009675
0.005251
0.007127
0.002747
0.007419
0.005787
0.006456
0.005425
0.003671
0.001367
0.006405
0.000149
0.006924
0.008937
0.001091
0.002031
0.009079
0.003206
0.003695
0.000099
0.009917
0.009273
0.005958
0.004361
0.003809
0.009542
0.004612
0.006880
0.003784
0.006540
0.007466
0.003459
0.001792
0.004593
0.006195
0.009201
0.000380
0.002651
0.004625
0.004040
0.004008
0.001030
0.004179
0.000932
0.009957
0.005260
0.002953
0.009036
0.008456
0.006638
0.009125
0.008373
0.005911
0.005083
0.002733
0.009710
0.004625
0.007336
0.006589
0.008398
0.003876
0.004055
0.001857
0.005658
0.008638
0.008042
0.004858
0.009008
0.000693
0.009474
0.003048
0.004691
0.000504
0.007218
0.005613
0.000461
0.002478
0.008555
0.009487
0.000934
0.005193
0.008612
0.009297
0.001104
0.003695
0.002030
0.000814
0.008310
0.009355
0.007393
0.006708
0.003231
0.001448
0.008555
0.008879
0.000087
0.006597
0.003737
0.009085
0.007280
0.003211
0.002133
0.001972
0.003705
0.009341
0.007574
0.004157
0.001818
0.006130
0.003644
0.002742
0.001323
0.002256
0.002039
0.002417
0.005942
0.004058
0.003221
0.004252
0.003414
0.000614
0.000960
0.006635
0.002052
0.009505
0.005514
0.002128
0.006103
0.009242
0.001213
0.003383
0.002453
0.003336
0.005345
0.006148
0.002676
0.002919
0.000305
0.004484
0.009039
0.003939
0.007217
0.000362
0.006185
0.009245
0.002769
0.002127
0.003304
0.005979
0.006369
0.006707
0.006583
0.007319
0.003343
0.008625
0.006824
0.008847
0.000753
0.002927
0.008089
0.001956
0.006299
0.000542
0.005281
0.001644
0.006681
0.007948
0.004553
0.006975
0.002432
0.003592
0.000914
0.009639
0.003943
0.007090
0.008884
0.006702
0.009206
0.002188
0.002681
0.005575
0.008885
0.009254
0.002894
0.002228
0.007879
0.009708
0.001075
0.008621
0.002634
0.009154
0.000577
0.008924
0.009686
0.005849
0.000568
0.006367
0.003796
0.005111
0.003342
0.006218
0.008692
0.004247
0.005857
0.002635
0.001336
0.004741
0.009327
0.000543
0.006919
0.002008
0.006108
0.005804
0.001262
0.008991
0.008022
0.009131
0.008699
0.009087
0.007752
0.001333
0.008241
0.008319
0.000257
0.007927
0.004168
0.000814
0.004294
0.007954
0.005915
0.007627
0.004172
0.004607
0.001874
0.000030
0.007232
0.003200
0.004761
0.006559
0.003733
0.001679
0.008558
0.009831
0.007473
0.009810
0.008822
0.005495
0.008941
0.007521
0.004581
0.006693
0.008844
0.002823
0.005012
0.009091
0.000750
0.009170
0.009895
0.005034
0.007123
0.005810
0.002661
0.001296
0.000417
0.004525
0.001315
0.007640
0.007715
0.006066
0.004199
0.001448
0.007735
0.002757
0.001279
0.005209
0.002566
0.000101
0.000703
0.001507
0.007612
0.005275
0.008190
0.006456
0.008087
0.003202
0.005547
0.008827
0.002371
0.005443
0.003862
0.009485
0.001253
0.006513
0.000780
0.001660
0.001038
0.002086
0.009290
0.008744
0.008142
0.003488
0.000192
0.005877
0.006235
0.001461
0.001085
0.008791
0.001552
0.001779
0.000298
0.009154
0.007044
0.008478
0.005611
0.005131
0.001680
0.001158
0.003958
0.004041
0.006590
0.007810
0.003525
0.007833
0.004323
0.004296
0.009483
0.005351
0.006371
0.008773
0.004095
0.004513
0.002261
0.004277
0.000390
0.008486
0.005728
0.001465
0.007278
0.007271
0.003234
0.007566
0.006425
0.000277
0.006044
0.002036
0.005398
0.007714
0.003183
0.009346
0.001755
0.009764
0.007156
0.005270
0.007597
0.001479
0.009556
0.007081
0.006820
0.005927
0.005853
0.000915
0.000439
0.008105
0.005182
0.000819
0.006591
0.000910
0.002274
0.003869
0.008171
0.005498
0.001435
0.004596
0.005765
0.007470
0.006621
0.001163
0.005184
0.009795
0.000509
0.006929
0.009559
0.007655
0.002199
0.007156
0.009124
0.001754
0.004236
0.005944
0.007671
0.000090
0.006849
0.008100
0.008185
0.002031
0.008909
0.004776
0.002932
0.001183
0.008635
0.001102
0.006671
0.000071
0.005688
0.002436
0.007530
0.002309
0.003589
0.002714
0.002104
0.004088
0.009633
0.001663
0.001744
0.001831
0.008809
0.000868
0.003576
0.003045
0.006802
0.001247
0.003125
0.003651
0.009337
0.001310
0.005672
0.008246
0.006076
0.008593
0.009420
0.004712
0.009686
0.006091
0.004772
0.005374
0.008517
0.002303
0.007673
0.002106
0.005007
0.009768
0.006184
0.004640
0.001431
0.007918
0.006461
0.000240
0.008776
0.000037
0.003275
0.005577
0.001274
0.006391
0.009218
0.000611
0.007691
0.004890
0.008847
0.003767
0.003483
0.008267
0.008468
0.003169
0.004358
0.003241
0.008533
0.002874
0.005534
0.006206
0.004970
0.000541
0.005974
0.001155
0.005170
0.007395
0.009063
0.001632
0.007624
0.007839
0.001659
0.000900
0.003416
0.002923
0.007280
0.002634
0.003524
0.004971
0.007514
0.002371
0.008728
0.000997
0.000638
0.007196
0.004156
0.004986
0.000437
0.002689
0.007850
0.005960
0.008885
0.002820
0.006491
0.004859
0.003965
0.001661
0.002253
0.003028
0.003283
0.009868
0.000866
0.004932
0.000767
0.004272
0.007845
0.008037
0.006896
0.001368
0.003008
0.004410
0.003729
0.001736
0.005397
0.004357
0.008922
0.009543
0.009333
0.009349
0.002232
0.007183
0.005309
0.001117
0.009993
0.001800
0.005966
0.003958
0.003451
0.008209
0.006975
0.006724
0.008077
0.007832
0.001656
0.008834
0.002104
0.009491
0.006872
0.008990
0.000860
0.009870
0.003400
0.004579
0.001605
0.008787
0.008926
0.000527
0.008330
0.008259
0.009865
0.000562
0.005442
0.005174
0.001669
0.005435
0.006964
0.007625
0.009382
0.000415
0.005834
0.006358
0.007130
0.003911
0.004190
0.008776
0.002746
0.006284
0.008268
0.009607
0.005274
0.009117
0.009477
0.008664
0.003696
0.001082
0.007451
0.002622
0.001599
0.005781
0.000881
0.001465
0.006333
0.006313
0.006629
0.007993
0.001748
0.003593
0.005618
0.001130
0.003999
0.001452
0.007478
0.001129
0.005353
0.001668
0.009895
0.008089
0.007941
0.008163
0.007696
0.003215
0.007280
0.007173
0.001879
0.000976
0.008246
0.009320
0.003588
0.009835
0.005101
0.004459
0.001300
0.001434
0.000772
0.007919
0.009417
0.002510
0.001513
0.005034
0.003630
0.005502
0.006476
0.001109
0.006621
0.001829
0.002766
0.006516
0.009908
0.000708
0.004679
0.007605
0.003913
0.001959
0.004778
0.005782
0.002925
0.003024
0.005101
0.006503
0.002859
0.000202
0.000962
0.004149
0.001626
0.001724
0.002068
0.001043
0.004225
0.003571
0.006067
0.007845
0.009063
0.002543
0.008943
0.005684
0.004362
0.001710
0.002200
0.004271
0.002408
0.006869
0.001875
0.006311
0.008817
0.006643
0.002093
0.001742
0.009657
0.007184
0.008235
0.002516
0.007376
0.009187
0.006655
0.008993
0.000911
0.008714
0.000036
0.005126
0.002285
0.006093
0.002971
0.001348
0.008626
0.001914
0.007022
0.002988
0.003614
0.009211
0.007249
0.006012
0.006080
0.009114
0.002323
0.004897
0.005757
0.004405
0.006629
0.005414
0.001590
0.004864
0.007920
0.008956
0.004051
0.004575
0.007949
0.004952
0.003289
0.007974
0.000077
0.005564
0.004067
0.003038
0.006902
0.002693
0.004942
0.003923
0.005671
0.008546
0.003135
0.002920
0.004558
0.009205
0.002033
0.006870
0.004102
0.007780
0.001276
0.000732
0.003194
0.002855
0.005586
0.001114
0.001811
0.009626
0.005680
0.009750
0.004578
0.008958
0.007725
0.004646
0.004522
0.001792
0.007674
0.001424
0.004475
0.002616
0.005337
0.000146
0.001162
0.008462
0.003055
0.005709
0.007667
0.005079
0.002580
0.001769
0.002859
0.003845
0.002491
0.006044
0.006691
0.008066
0.007148
0.008492
0.007693
0.002828
0.008242
0.002271
0.001786
0.005967
0.006906
0.006298
0.007749
0.004580
0.007712
0.002224
0.007186
0.003049
0.002360
0.008337
0.001511
0.005405
0.004046
0.009168
0.000484
0.006616
0.000937
0.003333
0.000461
0.003417
0.009366
0.007142
0.001484
0.006514
0.005634
0.009166
0.009332
0.003876
0.001437
0.001118
0.009833
0.008333
0.007406
0.007583
0.002913
0.005118
0.009797
0.000099
0.008157
0.002156
0.008426
0.009658
0.007551
0.002472
0.008826
0.008025
0.009078
0.009753
0.001357
0.009529
0.003170
0.000724
0.006671
0.004644
0.007228
0.002304
0.003810
0.006560
0.006170
0.005237
0.007668
0.006004
0.003570
0.005074
0.003587
0.006474
0.000193
0.003383
0.006562
0.008340
0.005529
0.004988
0.007998
0.003080
0.007450
0.006824
0.001105
0.006528
0.006577
0.002452
0.006057
0.009737
0.003165
0.002728
0.004381
0.000393
0.005022
0.008181
0.006943
0.001193
0.003418
0.004611
0.007187
0.006979
0.009675
0.000773
0.003452
0.009858
0.004146
0.000015
0.008198
0.009665
0.004993
0.006196
0.002746
0.002444
0.003021
0.003840
0.008962
0.009588
0.006282
0.005019
0.009325
0.009438
0.007737
0.003706
0.009821
0.002759
0.001888
0.006764
0.003942
0.005296
0.001375
0.001128
0.002275
0.001051
0.001891
0.005717
0.000909
0.006028
0.005722
0.009097
0.005693
0.000715
0.005293
0.008429
0.003149
0.008304
0.002269
0.002111
0.007892
0.008542
0.007120
0.007218
0.007979
0.004857
0.000924
0.007800
0.007607
0.002802
0.004564
0.001549
0.008088
0.005930
0.002667
0.000362
0.006970
0.004548
0.006069
0.007869
0.000576
0.001791
0.006966
0.006259
0.002496
0.002259
0.004688
0.005635
0.000563
0.006947
0.007736
0.008445
0.005489
0.004856
0.005663
0.003468
0.009704
0.006577
0.001268
0.007310
0.009369
0.005823
0.008849
0.007456
0.001753
0.001516
0.007809
0.008713
0.006054
0.003878
0.006582
0.006620
0.005659
0.003548
0.002880
0.008145
0.005797
0.007558
0.003780
0.006350
0.004505
0.001516
0.004795
0.009984
0.006363
0.000458
0.003452
0.006066
0.007025
0.004711
0.003376
0.006394
0.000534
0.002225
0.003850
0.002276
0.003731
0.001659
0.000989
0.009775
0.005527
0.007561
0.006395
0.001186
0.001109
0.009265
0.009321
0.006896
0.006823
0.003102
0.003245
0.001328
0.004608
0.008031
0.001312
0.000971
0.008479
0.004754
0.007027
0.005504
0.009455
0.000403
0.001898
0.009979
0.002619
0.005738
0.002255
0.006340
0.007387
0.003234
0.006115
0.002913
0.000795
0.002510
0.004089
0.001894
0.001775
0.003410
0.008779
0.008588
0.006502
0.002025
0.009906
0.001110
0.000056
0.001218
0.002070
0.008525
0.005963
0.009087
0.004029
0.005417
0.009481
0.005917
0.005396
0.002099
0.001655
0.007641
0.008429
0.009032
0.000875
0.004544
0.001945
0.001660
0.007044
0.006024
0.003544
0.008809
0.009424
0.002323
0.007397
0.005926
0.004338
0.007304
0.007026
0.004384
0.008512
0.009086
0.002908
0.004474
0.008173
0.006927
0.009882
0.007654
0.002844
0.005278
0.009743
0.004489
0.002919
0.008172
0.003521
0.003783
0.002716
0.005456
0.005433
0.009750
0.001480
0.008967
0.008559
0.000904
0.001290
0.005956
0.006820
0.005618
0.003260
0.003846
0.009992
0.001772
0.002932
0.002900
0.006236
0.001105
0.009818
0.006118
0.008749
0.002662
0.001396
0.008493
0.007141
0.004305
0.006665
0.000662
0.008078
0.009371
0.006108
0.003511
0.009120
0.007578
0.002478
0.007679
0.008473
0.003758
0.003635
0.005293
0.009365
0.006885
0.009128
0.009357
0.008647
0.002060
0.002257
0.004883
0.003156
0.002075
0.001001
0.001905
0.004727
0.002387
0.000398
0.001868
0.006681
0.007053
0.002520
0.004759
0.006423
0.008619
0.008260
0.005543
0.006197
0.000738
0.003222
0.004670
0.004485
0.006848
0.009952
0.003851
0.003733
0.009081
0.003208
0.002379
0.001141
0.005455
0.007252
0.004286
0.007520
0.008243
0.006181
0.002247
0.000629
0.006569
0.004105
0.007300
0.003622
0.006615
0.002059
0.000045
0.005234
0.000319
0.005578
0.001431
0.001047
0.008791
0.006091
0.005522
0.005638
0.006044
0.009362
0.009361
0.005124
0.002570
0.001740
0.006255
0.008015
0.008982
0.000541
0.005535
0.007225
0.006713
0.007772
0.007844
0.003282
0.001876
0.005145
0.006893
0.008482
0.007194
0.006928
0.003716
0.007503
0.002506
0.005137
0.008540
0.001297
0.001228
0.004062
0.006925
0.007262
0.003424
0.006286
0.002386
0.005984
0.008016
0.008631
0.003999
0.006998
0.009163
0.009524
0.004223
0.005875
0.007296
0.002067
0.009147
0.009162
0.007202
0.006040
0.007644
0.004396
0.002968
0.001359
0.001899
0.005464
0.006487
0.000439
0.006751
0.007705
0.004491
0.003676
0.004967
0.007906
0.009951
0.007343
0.003890
0.007967
0.005975
0.007879
0.004965
0.005138
0.007403
0.009178
0.001013
0.004699
0.001245
0.000160
0.003861
0.008437
0.006190
0.001505
0.002833
0.009149
0.002854
0.004722
0.004613
0.009331
0.005152
0.001364
0.007036
0.009633
0.005029
0.002003
0.007539
0.004980
0.009336
0.001429
0.002947
0.005311
0.009298
0.007902
0.000449
0.006701
0.007079
0.001452
0.001400
0.008314
0.001602
0.005251
0.006751
0.007782
0.006746
0.009573
0.006930
0.009590
0.004296
0.001543
0.008921
0.009437
0.002897
0.005957
0.009071
0.007916
0.007950
0.006609
0.002896
0.007286
0.008028
0.005833
0.002597
0.007325
0.003735
0.003035
0.004026
0.000814
0.004477
0.005416
0.009118
0.006069
0.000667
0.005868
0.003850
0.007403
0.005442
0.000781
0.006993
0.009728
0.002314
0.005914
0.009165
0.005201
0.001871
0.008236
0.003117
0.009810
0.004845
0.006003
0.007096
0.002872
0.001837
0.009683
0.000198
0.005561
0.002718
0.004214
0.006365
0.007185
0.009620
0.005483
0.003253
0.000287
0.001352
0.007094
0.007680
0.006783
0.007865
0.004673
0.006511
0.000179
0.000587
0.005676
0.005370
0.002447
0.003911
0.008477
0.002257
0.008746
0.004480
0.009343
0.001618
0.006307
0.009026
0.001806
0.001868
0.001744
0.006010
0.008224
0.008919
0.005630
0.003707
0.002172
0.005907
0.005048
0.009256
0.003587
0.001832
0.007121
0.008250
0.008333
0.007290
0.008827
0.004009
0.002660
0.001274
0.007910
0.001137
0.003522
0.006656
0.005607
0.002865
0.008265
0.001914
0.001891
0.000071
0.003773
0.003625
0.006071
0.001996
0.002544
0.001700
0.005693
0.004706
0.007597
0.000741
0.003962
0.001184
0.002563
0.001083
0.009424
0.000895
0.008364
0.008251
0.004894
0.001024
0.009515
0.002804
0.002151
0.003037
0.009450
0.007748
0.005892
0.007714
0.009652
0.007773
0.007775
0.003425
0.001398
0.003846
0.005411
0.003932
0.005536
0.001104
0.008628
0.003133
0.001835
0.002590
0.004307
0.004388
0.003664
0.003732
0.005273
0.002027
0.001982
0.000167
0.003041
0.001498
0.002961
0.005181
0.004524
0.002411
0.002930
0.000416
0.000125
0.002582
0.008179
0.007891
0.005997
0.009566
0.001736
0.001409
0.003498
0.007262
0.002503
0.002126
0.000395
0.004328
0.004706
0.004693
0.008707
0.008360
0.008414
0.003980
0.000387
0.000397
0.004137
0.003418
0.001884
0.007088
0.008590
0.006399
0.009489
0.001519
0.006805
0.009605
0.004091
0.004983
0.007495
0.000089
0.004550
0.009221
0.001487
0.008038
0.006484
0.003980
0.000164
0.006869
0.008299
0.004860
0.001562
0.007005
0.003220
0.009966
0.000985
0.003597
0.000362
0.005113
0.007005
0.002237
0.002201
0.005595
0.008625
0.001690
0.007104
0.005430
0.001295
0.001196
0.000413
0.008780
0.001274
0.004953
0.008001
0.002751
0.002990
0.004485
0.006721
0.003144
0.001354
0.005020
0.007994
0.002905
0.002025
0.001213
0.002871
0.003000
0.004801
0.003223
0.008103
0.001806
0.005450
0.000304
0.007391
0.004075
0.001984
0.004495
0.009495
0.003268
0.005681
0.009898
0.002048
0.006945
0.004850
0.000050
0.009687
0.007830
0.004524
0.006408
0.000974
0.005868
0.001428
0.008958
0.008763
0.003443
0.000171
0.001634
0.006434
0.004961
0.004847
0.004537
0.006757
0.000297
0.004830
0.004148
0.004362
0.006804
0.008634
0.003857
0.000073
0.004315
0.003755
0.002111
0.001260
0.008595
0.002151
0.000947
0.006425
0.006665
0.007345
0.007389
0.002533
0.008763
0.006347
0.001296
0.002206
0.006507
0.002920
0.008630
0.001469
0.007758
0.003167
0.008216
0.008045
0.007987
0.002364
0.002407
0.004791
0.000998
0.006254
0.004854
0.005303
0.009999
0.006955
0.006553
0.008594
0.009095
0.007490
0.005019
0.005760
0.004835
0.002408
0.008283
0.003598
0.008744
0.009569
0.005794
0.005252
0.002489
0.004424
0.006711
0.000247
0.007581
0.004927
0.008282
0.005568
0.007281
0.000689
0.000359
0.008269
0.006934
0.005202
0.003572
0.006933
0.002157
0.000125
0.005526
0.001252
0.007605
0.000545
0.007002
0.002439
0.002943
0.005285
0.006027
0.001688
0.004854
0.001821
0.006930
0.007334
0.006235
0.003640
0.007571
0.003816
0.008557
0.005853
0.009373
0.005838
0.006532
0.009722
0.004107
0.003465
0.004924
0.007669
0.000398
0.007071
0.007784
0.005914
0.008313
0.005389
0.006450
0.005315
0.007818
0.009383
0.000600
0.003845
0.001071
0.005444
0.005656
0.007990
0.002778
0.001891
0.001630
0.000348
0.005697
0.000187
0.006191
0.005070
0.006015
0.002723
0.004792
0.000122
0.006178
0.009707
0.007782
0.006566
0.006778
0.005566
0.002480
0.005090
0.000955
0.008920
0.000405
0.008763
0.008303
0.000995
0.002608
0.009364
0.006429
0.008254
0.007354
0.009197
0.000145
0.008975
0.009535
0.005832
0.009152
0.005726
0.000902
0.005167
0.008439
0.005685
0.005280
0.004617
0.005391
0.003061
0.001183
0.002169
0.008617
0.003653
0.007250
0.009562
0.002573
0.007645
0.008325
0.000877
0.008630
0.000933
0.000241
0.005059
0.009177
0.007585
0.004255
0.009312
0.006559
0.003790
0.005144
0.005711
0.009506
0.006037
0.000879
0.007945
0.001722
0.006148
0.002562
0.007103
0.009200
0.003734
0.009262
0.007817
0.007377
0.006512
0.007379
0.009940
0.004156
0.005704
0.000817
0.002786
0.006627
0.001048
0.007835
0.005805
0.008622
0.002090
0.005117
0.005182
0.005871
0.000262
0.000893
0.005377
0.006288
0.001762
0.003322
0.008000
0.007900
0.005873
0.005103
0.007100
0.009597
0.004366
0.004917
0.006975
0.000877
0.002296
0.006915
0.005024
0.007990
0.007722
0.007800
0.004618
0.008760
0.005635
0.000422
0.007382
0.007715
0.005529
0.002564
0.003586
0.005781
0.003448
0.008952
0.002069
0.005199
0.002274
0.000069
0.003099
0.008138
0.005163
0.000199
0.007735
0.009518
0.005106
0.004710
0.000396
0.007392
0.001625
0.005410
0.005382
0.009337
0.003210
0.009989
0.008097
0.008835
0.000411
0.005479
0.006550
0.005931
0.008033
0.000135
0.001711
0.001480
0.009078
0.003771
0.006670
0.001352
0.003830
0.009759
0.009479
0.008983
0.009948
0.007214
0.008501
0.005054
0.001924
0.008887
0.002446
0.003539
0.004296
0.007818
0.002876
0.007496
0.007807
0.000972
0.006331
0.008208
0.006441
0.002880
0.004139
0.004474
0.003005
0.005840
0.005944
0.002083
0.009601
0.002614
0.003425
0.003431
0.002373
0.002904
0.002413
0.002322
0.000119
0.000914
0.007366
0.002033
0.009791
0.009802
0.005562
0.004087
0.007619
0.008427
0.001583
0.005426
0.009389
0.007904
0.003634
0.005830
0.000784
0.007763
0.000304
0.003779
0.003603
0.006238
0.005852
0.003204
0.008842
0.009267
0.006624
0.001215
0.002171
0.009027
0.003527
0.002280
0.009931
0.000893
0.004303
0.009722
0.000694
0.009855
0.003809
0.008304
0.008282
0.005382
0.003730
0.007671
0.003285
0.007354
0.003501
0.004059
0.005117
0.003794
0.007828
0.008710
0.000032
0.003681
0.001914
0.008864
0.002948
0.008528
0.000079
0.005109
0.007555
0.003596
0.007379
0.007486
0.004478
0.001682
0.007208
0.005163
0.001536
0.001017
0.003466
0.009808
0.006389
0.007186
0.007479
0.009664
0.004540
0.000979
0.003723
0.009647
0.004764
0.001552
0.008357
0.004786
0.005222
0.000270
0.003650
0.008160
0.008788
0.003718
0.003269
0.006343
0.007304
0.000648
0.003829
0.001782
0.002319
0.001038
0.006935
0.003845
0.002045
0.000401
0.003653
0.008424
0.007577
0.001132
0.008088
0.002117
0.002101
0.001811
0.001763
0.006855
0.003353
0.000120
0.001641
0.008565
0.000380
0.005280
0.006725
0.009158
0.008988
0.009984
0.005501
0.006292
0.000631
0.009321
0.008064
0.002941
0.000358
0.004999
0.006776
0.002393
0.005390
0.000430
0.000817
0.002966
0.001552
0.008895
0.005073
0.003643
0.000706
0.006826
0.000498
0.004049
0.006936
0.002128
0.002615
0.007306
0.007398
0.009330
0.006464
0.006387
0.009314
0.001966
0.002679
0.009936
0.001286
0.000743
0.002876
0.001635
0.005732
0.009643
0.004018
0.001122
0.000072
0.004825
0.004079
0.001614
0.003720
0.009142
0.005246
0.004416
0.005968
0.005734
0.008455
0.002904
0.007852
0.001070
0.000210
0.005251
0.000400
0.006664
0.001637
0.009704
0.008620
0.004306
0.009640
0.009896
0.005040
0.002516
0.001531
0.000772
0.002159
0.005539
0.001884
0.002221
0.000364
0.005953
0.003824
0.004074
0.005094
0.009061
0.008480
0.001062
0.004795
0.006935
0.003956
0.002647
0.007995
0.004156
0.007888
0.008385
0.000821
0.009515
0.008089
0.009431
0.003821
0.007729
0.009327
0.008851
0.000245
0.000858
0.009614
0.002394
0.006388
0.001498
0.004605
0.006742
0.007441
0.008419
0.000815
0.002535
0.007480
0.009285
0.003588
0.002275
0.006220
0.007534
0.004912
0.004215
0.001690
0.002800
0.002600
0.002501
0.002315
0.000689
0.001932
0.006126
0.008409
0.001260
0.004978
0.008644
0.002108
0.004591
0.001038
0.008486
0.006079
0.005633
0.005227
0.003520
0.004053
0.006033
0.006045
0.001533
0.005318
0.009623
0.003798
0.001538
0.007156
0.008700
0.005743
0.008837
0.001500
0.008333
0.001338
0.003805
0.009012
0.003260
0.009921
0.007421
0.004510
0.004899
0.006065
0.006608
0.009480
0.007093
0.005093
0.005559
0.002726
0.000321
0.009068
0.006769
0.006343
0.005113
0.008292
0.001661
0.004736
0.002090
0.003188
0.001892
0.000790
0.008921
0.000729
0.002279
0.007254
0.002057
0.006074
0.006266
0.005307
0.005995
0.003687
0.009807
0.000893
0.009742
0.006414
0.000373
0.006835
0.001508
0.005922
0.009551
0.001818
0.004990
0.006320
0.008151
0.000104
0.004612
0.009802
0.004830
0.006692
0.002991
0.006712
0.007472
0.001912
0.007432
0.009741
0.009155
0.009479
0.005815
0.005421
0.004786
0.001810
0.009098
0.004593
0.002693
0.008840
0.001007
0.003056
0.005675
0.002505
0.008968
0.005226
0.004313
0.003959
0.001546
0.002465
0.004052
0.006149
0.002267
0.008872
0.002841
0.005247
0.005585
0.000312
0.007149
0.003016
0.000053
0.006304
0.002495
0.005858
0.001726
0.007271
0.007658
0.000824
0.001863
0.000351
0.009654
0.002860
0.003397
0.005328
0.005355
0.002366
0.000554
0.009658
0.006314
0.002091
0.002123
0.000366
0.008230
0.004380
0.009229
0.001071
0.009617
0.004813
0.001373
0.006766
0.007820
0.001416
0.003070
0.000314
0.007264
0.004786
0.007575
0.004922
0.005600
0.009428
0.005263
0.005253
0.002289
0.008651
0.000582
0.007634
0.001016
0.001126
0.007292
0.007320
0.003207
0.009406
0.007677
0.001437
0.003785
0.006906
0.002498
0.003402
0.001719
0.003861
0.000168
0.009528
0.005267
0.003228
0.009833
0.002531
0.008004
0.007408
0.007444
0.003604
0.006836
0.002707
0.008848
0.009115
0.001358
0.009420
0.006749
0.002364
0.000546
0.004041
0.009675
0.003743
0.003447
0.007352
0.005170
0.007222
0.004257
0.007658
0.000624
0.005966
0.001519
0.000783
0.005495
0.006776
0.004001
0.005327
0.009297
0.002005
0.002735
0.006741
0.005600
0.009562
0.009438
0.004447
0.008677
0.000796
0.003867
0.005426
0.003150
0.004403
0.009457
0.002825
0.008136
0.002904
0.000176
0.003306
0.000126
0.004423
0.000964
0.000741
0.000389
0.002473
0.001513
0.005874
0.009239
0.005504
0.001202
0.008536
0.007500
0.003927
0.005276
0.003099
0.003489
0.004714
0.007537
0.002165
0.005500
0.001403
0.007581
0.008640
0.005796
0.007038
0.001464
0.003932
0.009932
0.001630
0.007228
0.000058
0.006044
0.008182
0.000789
0.006423
0.000655
0.002292
0.002297
0.009884
0.007786
0.003489
0.008420
0.005286
0.007406
0.003696
0.008376
0.000894
0.008400
0.005912
0.003049
0.003899
0.007306
0.000630
0.002539
0.003101
0.007658
0.003993
0.007023
0.007590
0.005613
0.004251
0.007638
0.001657
0.002433
0.008417
0.008070
0.003079
0.000709
0.000367
0.002963
0.008485
0.003846
0.001382
0.003771
0.001251
0.005068
0.002147
0.002135
0.003468
0.008050
0.005175
0.007357
0.005355
0.005795
0.009886
0.008447
0.003453
0.003879
0.005470
0.001043
0.009482
0.009711
0.008671
0.001139
0.002144
0.007088
0.009199
0.005212
0.007786
0.009556
0.008165
0.006271
0.003401
0.009537
0.000043
0.004642
0.004605
0.002180
0.006768
0.008063
0.000230
0.001943
0.005420
0.005575
0.007728
0.005306
0.004021
0.001181
0.009175
0.009481
0.002215
0.008658
0.009192
0.000886
0.009787
0.001335
0.007964
0.008986
0.006538
0.005750
0.008542
0.004703
0.002021
0.001943
0.004240
0.002054
0.006575
0.008835
0.004224
0.003343
0.006898
0.004444
0.005276
0.002318
0.000019
0.003004
0.007614
0.004030
0.004175
0.006789
0.003511
0.006380
0.005447
0.002703
0.007256
0.005234
0.004029
0.005219
0.004220
0.000566
0.000969
0.002761
0.005259
0.002981
0.004694
0.009489
0.005025
0.001270
0.008324
0.009239
0.004603
0.005222
0.003683
0.009869
0.007529
0.003692
0.002873
0.005143
0.007712
0.007038
0.001933
0.001224
0.003418
0.007370
0.003917
0.000674
0.002604
0.007936
0.005884
0.006813
0.008492
0.006843
0.009565
0.003751
0.009814
0.004259
0.003240
0.004839
0.005519
0.001564
0.004078
0.000122
0.006776
0.007751
0.009981
0.004305
0.001443
0.002854
0.009438
0.009146
0.009882
0.001371
0.000370
0.003301
0.008731
0.004277
0.003965
0.001334
0.002212
0.009839
0.008138
0.000704
0.006682
0.007703
0.004445
0.006496
0.001962
0.007675
0.001335
0.007471
0.009229
0.005403
0.007582
0.006005
0.003154
0.007563
0.000310
0.004587
0.000417
0.009738
0.003733
0.000300
0.001109
0.004092
0.003590
0.009830
0.008359
0.007546
0.001165
0.000571
0.007385
0.009292
0.001266
0.004067
0.006995
0.005701
0.000562
0.008947
0.003376
0.001887
0.006417
0.002606
0.007279
0.004000
0.008601
0.000433
0.001563
0.008901
0.005010
0.001970
0.008639
0.008733
0.002260
0.009739
0.002825
0.005840
0.009569
0.001184
0.003386
0.000734
0.001746
0.000771
0.000026
0.003001
0.004827
0.007011
0.008692
0.005380
0.005958
0.002069
0.007257
0.002376
0.004665
0.004536
0.006366
0.003266
0.004959
0.007919
0.002167
0.009959
0.009879
0.000806
0.008692
0.002139
0.000545
0.001518
0.007969
0.000114
0.002692
0.001355
0.000838
0.004428
0.002116
0.000854
0.007419
0.006933
0.007856
0.006112
0.002313
0.003814
0.008171
0.009559
0.006180
0.002835
0.004095
0.002545
0.006091
0.009045
0.000464
0.008247
0.009004
0.000343
0.009043
0.007697
0.002472
0.009578
0.009204
0.000441
0.009683
0.001897
0.001786
0.000521
0.006315
0.003892
0.001365
0.003734
0.000826
0.009211
0.009836
0.003128
0.003025
0.008006
0.002688
0.009194
0.000842
0.006773
0.001740
0.006922
0.005818
0.002194
0.005170
0.004822
0.002526
0.004213
0.002519
0.004988
0.003791
0.001723
0.005419
0.003474
0.003610
0.007195
0.003984
0.009914
0.001088
0.005339
0.003648
0.001903
0.004550
0.003484
0.005022
0.007565
0.001490
0.007699
0.006759
0.002322
0.004473
0.008489
0.009234
0.000291
0.000682
0.004404
0.005103
0.003199
0.008607
0.007612
0.008177
0.002398
0.009325
0.003596
0.005862
0.002934
0.000791
0.009836
0.002849
0.001869
0.005176
0.006487
0.003762
0.009716
0.009961
0.008774
0.007280
0.001451
0.006473
0.004040
0.003763
0.000946
0.002528
0.002997
0.001226
0.003201
0.007390
0.006319
0.006389
0.005997
0.003931
0.004566
0.008385
0.003255
0.008152
0.004247
0.006180
0.008933
0.004083
0.009018
0.000802
0.009248
0.005505
0.004554
0.008964
0.005466
0.003328
0.006244
0.006907
0.009791
0.000284
0.000669
0.000736
0.002802
0.003656
0.001952
0.005993
0.001046
0.008261
0.002383
0.007033
0.002192
0.006939
0.005418
0.005438
0.005091
0.009655
0.001617
0.004024
0.003738
0.000636
0.004816
0.002987
0.006131
0.009360
0.001951
0.001596
0.002688
0.008185
0.008493
0.002478
0.008459
0.009152
0.003204
0.001261
0.002808
0.005147
0.007245
0.003844
0.003408
0.009617
0.000878
0.005590
0.006556
0.006286
0.001028
0.001647
0.005942
0.002635
0.005661
0.009670
0.003261
0.000477
0.002656
0.009382
0.009827
0.004597
0.000978
0.002514
0.002782
0.009461
0.004982
0.001241
0.008613
0.008177
0.002493
0.001421
0.003324
0.009727
0.005256
0.006722
0.009344
0.006123
0.002312
0.005900
0.002410
0.003330
0.007537
0.008341
0.005956
0.003198
0.008011
0.009207
0.003664
0.000667
0.008588
0.003491
0.005254
0.009556
0.005995
0.008026
0.009017
0.000978
0.009257
0.007630
0.009144
0.001749
0.009041
0.002468
0.001477
0.004297
0.009180
0.000821
0.000420
0.001492
0.006711
0.002820
0.004813
0.004248
0.001161
0.000768
0.007436
0.009162
0.009965
0.001101
0.009819
0.008553
0.004582
0.005073
0.008110
0.000577
0.003099
0.007127
0.001545
0.002356
0.004757
0.000689
0.004095
0.003799
0.003147
0.005562
0.008085
0.002327
0.006373
0.008496
0.003809
0.003084
0.001316
0.008612
0.007323
0.002467
0.009370
0.004759
0.001629
0.009335
0.005849
0.001448
0.007889
0.000431
0.006511
0.005999
0.000998
0.009600
0.003126
0.002533
0.001956
0.007873
0.003212
0.006041
0.001672
0.006350
0.001603
0.009747
0.008667
0.007966
0.008243
0.002476
0.001050
0.009548
0.001088
0.008362
0.002015
0.000459
0.003121
0.003634
0.009784
0.008961
0.005071
0.007673
0.009382
0.001582
0.003672
0.000380
0.001182
0.006787
0.002903
0.003128
0.004660
0.006106
0.009158
0.006322
0.002455
0.000761
0.006069
0.001122
0.008717
0.004311
0.003588
0.009757
0.003860
0.004666
0.008119
0.005864
0.005115
0.001241
0.009488
0.004899
0.000201
0.004560
0.002572
0.009573
0.006132
0.006234
0.009944
0.007304
0.003021
0.002847
0.000432
0.007672
0.008943
0.009580
0.003993
0.001398
0.000341
0.000062
0.002510
0.009048
0.004364
0.006088
0.008805
0.008213
0.000754
0.006924
0.004078
0.005859
0.008155
0.003566
0.000758
0.008346
0.008115
0.003321
0.007919
0.004247
0.009544
0.007863
0.001551
0.002566
0.000710
0.001973
0.000237
0.009643
0.001553
0.004221
0.001041
0.001884
0.004273
0.003540
0.000932
0.008627
0.009618
0.009727
0.006840
0.000373
0.006651
0.000918
0.006222
0.004806
0.004473
0.006970
0.003152
0.002589
0.000291
0.001071
0.006826
0.009825
0.008924
0.008367
0.002391
0.009624
0.000340
0.002618
0.009267
0.001882
0.006829
0.000307
0.003756
0.001102
0.003838
0.004678
0.009718
0.003456
0.004406
0.006558
0.003819
0.001057
0.007466
0.000041
0.005853
0.001939
0.007001
0.008995
0.004518
0.007282
0.000066
0.001343
0.007107
0.008980
0.009700
0.009488
0.008604
0.000040
0.002106
0.007871
0.001912
0.008925
0.008169
0.005659
0.000027
0.002007
0.000337
0.009735
0.005453
0.004733
0.006294
0.009262
0.005779
0.003760
0.009292
0.001632
0.005689
0.006293
0.000626
0.000206
0.003575
0.000682
0.001540
0.000682
0.009652
