0.000129
0.009448
0.005241
0.007914
0.008898
0.002640
0.001696
0.008003
0.005306
0.002545
0.000039
0.008208
0.001086
0.003691
0.009966
0.009299
0.003290
0.003307
0.002541
0.002538
0.002606
0.006197
0.001196
0.006983
0.008972
0.004495
0.002941
0.009798
0.005134
0.002076
0.005484
0.005253
0.001523
0.000724
0.003167
0.000421
0.003355
0.004853
0.008414
0.008651
0.007388
0.008443
0.006858
0.008464
0.002134
0.006825
0.007763
0.005414
0.000132
0.000303
0.007942
0.002728
0.006490
0.009129
0.009701
0.005462
0.003624
0.002642
0.005260
0.008747
0.004708
0.000744
0.004000
0.006221
0.001458
0.007157
0.006632
0.004803
0.002011
0.005046
0.003453
0.009389
0.003489
0.000312
0.007853
0.005613
0.007127
0.005615
0.001027
0.007248
0.005908
0.008960
0.009967
0.002399
0.008088
0.009667
0.007851
0.001712
0.002309
0.003111
0.000459
0.007007
0.003844
0.004449
0.003228
0.005292
0.001607
0.009850
0.000095
0.003607
0.004896
0.003538
0.002996
0.008375
0.003840
0.000849
0.003988
0.000967
0.006454
0.005006
0.008205
0.002362
0.003965
0.008172
0.004751
0.002054
0.007839
0.002602
0.003755
0.000149
0.005702
0.004204
0.007145
0.009537
0.008644
0.000373
0.004829
0.000251
0.000223
0.004914
0.003848
0.005109
0.008442
0.006834
0.003484
0.002282
0.007673
0.007463
0.003239
0.004126
0.002469
0.001444
0.006479
0.006424
0.009605
0.001230
0.008467
0.007444
0.003821
0.002223
0.007583
0.009514
0.006417
0.004728
0.009050
0.005061
0.005092
0.003879
0.005302
0.005305
0.008783
0.009139
0.000414
0.007225
0.005973
0.003888
0.009497
0.003646
0.001351
0.002735
0.007762
0.003809
0.004169
0.004241
0.000233
0.003774
0.005461
0.008691
0.001219
0.009272
0.000914
0.008792
0.008786
0.007321
0.003520
0.007836
0.002382
0.008602
0.001715
0.007673
0.003907
0.000498
0.006813
0.004311
0.007713
0.002786
0.008189
0.007210
0.006422
0.009530
0.009935
0.004185
0.003339
0.004104
0.008416
0.003562
0.007868
0.003877
0.002253
0.009077
0.003149
0.003157
0.007869
0.001935
0.000477
0.001389
0.009762
0.002849
0.009981
0.001477
0.000522
0.003888
0.001966
0.007325
0.008188
0.009669
0.000111
0.006377
0.006878
0.006523
0.005907
0.006813
0.000708
0.009236
0.000917
0.009114
0.002798
0.008775
0.002991
0.005041
0.007853
0.006130
0.008188
0.005721
0.008055
0.008655
0.007101
0.007817
0.001504
0.007082
0.009285
0.002016
0.000970
0.001250
0.009331
0.009148
0.000919
0.009433
0.005525
0.007787
0.005956
0.001432
0.004600
0.006654
0.000668
0.005507
0.005767
0.003456
0.004283
0.008748
0.008487
0.002135
0.004878
0.006675
0.007847
0.002933
0.005330
0.004947
0.000751
0.006824
0.002029
0.000035
0.008830
0.002988
0.001276
0.008162
0.002136
0.002184
0.007594
0.007652
0.009961
0.003550
0.009074
0.004561
0.000204
0.009731
0.000068
0.005961
0.003187
0.004341
0.004709
0.001674
0.006466
0.009577
0.008339
0.004313
0.002510
0.003669
0.009250
0.003251
0.000493
0.001279
0.003276
0.009313
0.004257
0.004542
0.007475
0.006384
0.006716
0.005069
0.004035
0.006678
0.008609
0.003109
0.001239
0.008803
0.002840
0.001297
0.004764
0.006017
0.005628
0.009463
0.007682
0.002095
0.009039
0.006021
0.006397
0.001549
0.009680
0.005647
0.004790
0.000174
0.006916
0.008057
0.009477
0.001174
0.002599
0.006952
0.007547
0.009305
0.002022
0.001583
0.005982
0.000631
0.004682
0.007211
0.009424
0.007512
0.008499
0.004188
0.003529
0.004127
0.003651
0.001211
0.006212
0.002690
0.007223
0.002609
0.004229
0.006903
0.008247
0.009010
0.007067
0.005163
0.007066
0.006544
0.006327
0.009655
0.003496
0.003874
0.008960
0.005508
0.005447
0.004942
0.006129
0.000129
0.002153
0.005553
0.007631
0.000652
0.009731
0.001160
0.004770
0.003382
0.002362
0.000982
0.006062
0.009574
0.003581
0.000291
0.006477
0.001828
0.009291
0.003544
0.006981
0.006357
0.000088
0.003308
0.006012
0.003574
0.007172
0.004971
0.009072
0.002620
0.009903
0.005201
0.002738
0.002057
0.000754
0.000369
0.002699
0.000485
0.001520
0.007459
0.003857
0.003872
0.008431
0.009908
0.003446
0.002012
0.000199
0.009914
0.003830
0.009480
0.003458
0.000811
0.005837
0.003535
0.004109
0.001848
0.007099
0.001281
0.006810
0.006171
0.003890
0.006713
0.001371
0.006619
0.008760
0.002115
0.006978
0.001459
0.002590
0.008488
0.008908
0.006436
0.002360
0.007339
0.006345
0.005796
0.009341
0.006534
0.005710
0.003170
0.006013
0.009157
0.003971
0.001850
0.002693
0.008070
0.003688
0.009782
0.009341
0.000498
0.005953
0.003231
0.007201
0.007314
0.009840
0.005961
0.009419
0.006818
0.007411
0.002009
0.005307
0.006319
0.008435
0.007657
0.003658
0.004780
0.003453
0.002999
0.001314
0.009153
0.006159
0.007317
0.008310
0.000130
0.009157
0.001003
0.008190
0.002846
0.000785
0.007530
0.003334
0.006727
0.000761
0.000535
0.004041
0.000601
0.006486
0.003460
0.007410
0.003897
0.005459
0.002716
0.000216
0.003895
0.000373
0.003864
0.008665
0.003816
0.006853
0.009968
0.002969
0.003012
0.007285
0.001279
0.003131
0.006443
0.002272
0.001321
0.009278
0.003047
0.008841
0.002612
0.009764
0.009593
0.003137
0.003805
0.000194
0.009613
0.007255
0.007594
0.003510
0.002714
0.000310
0.003716
0.006598
0.000673
0.007571
0.005263
0.004479
0.004423
0.005232
0.007438
0.007425
0.002517
0.008707
0.000556
0.008950
0.000979
0.001867
0.008228
0.004016
0.000709
0.000839
0.003779
0.000301
0.003966
0.007574
0.000485
0.003579
0.004829
0.008069
0.007080
0.007533
0.008369
0.000796
0.004131
0.009032
0.008357
0.009385
0.003511
0.002780
0.004616
0.000949
0.000204
0.007123
0.009646
0.000751
0.006073
0.000626
0.002608
0.004300
0.004631
0.003307
0.005129
0.008401
0.003598
0.009086
0.005975
0.004073
0.002665
0.000804
0.002142
0.009734
0.008327
0.000511
0.000531
0.002458
0.009533
0.008877
0.001842
0.003044
0.001657
0.006449
0.003983
0.001852
0.003572
0.003630
0.002592
0.009634
0.004245
0.005190
0.003934
0.008867
0.008487
0.009054
0.007267
0.002085
0.008139
0.003242
0.006148
0.000804
0.004036
0.008280
0.000538
0.002362
0.008781
0.001059
0.004810
0.008314
0.009926
0.006643
0.001358
0.001583
0.003091
0.005332
0.003425
0.006653
0.008951
0.006007
0.006287
0.003197
0.001197
0.000221
0.002063
0.009674
0.009265
0.009320
0.001758
0.007404
0.002562
0.007896
0.008198
0.006588
0.006177
0.008726
0.008941
0.004958
0.009775
0.003751
0.003272
0.009701
0.000394
0.004621
0.001285
0.003475
0.009942
0.004700
0.000128
0.008893
0.000707
0.006405
0.002090
0.001894
0.006616
0.004143
0.001568
0.005881
0.003463
0.003317
0.003285
0.006016
0.001213
0.001482
0.002604
0.007379
0.000208
0.001544
0.002337
0.009974
0.005285
0.005599
0.009675
0.005669
0.000220
0.000960
0.009134
0.000162
0.005650
0.009253
0.009045
0.006347
0.005658
0.001135
0.008231
0.002274
0.005268
0.009789
0.008145
0.008722
0.003106
0.001430
0.004737
0.004309
0.002902
0.007331
0.001688
0.003101
0.008865
0.004015
0.003074
0.004151
0.009605
0.002749
0.009810
0.009815
0.003699
0.008944
0.009967
0.009339
0.008197
0.009012
0.005685
0.003855
0.000148
0.003916
0.006119
0.005406
0.003705
0.004264
0.004128
0.006801
0.005684
0.008855
0.001110
0.008576
0.006186
0.002788
0.001676
0.005052
0.006793
0.004741
0.009192
0.006398
0.007480
0.009002
0.006213
0.001179
0.007946
0.006179
0.000517
0.006143
0.005192
0.006193
0.009987
0.005329
0.000109
0.006106
0.000735
0.003804
0.000370
0.004853
0.000605
0.006043
0.003708
0.001705
0.004619
0.009884
0.004483
0.006285
0.004936
0.001276
0.001026
0.004128
0.007664
0.008495
0.003130
0.003876
0.009664
0.001076
0.000055
0.000181
0.007208
0.005237
0.006364
0.007196
0.000566
0.006463
0.003301
0.001291
0.000267
0.003661
0.006135
0.000862
0.009694
0.009833
0.002557
0.004313
0.009717
0.007030
0.000598
0.004653
0.008295
0.001614
0.008771
0.005959
0.000109
0.001901
0.009825
0.009763
0.002967
0.009871
0.009935
0.000175
0.005108
0.006299
0.007361
0.005664
0.002762
0.000662
0.006945
0.003019
0.004313
0.003080
0.003871
0.004007
0.002913
0.006418
0.008310
0.002630
0.003447
0.008898
0.007273
0.001743
0.000512
0.006044
0.007692
0.000612
0.007934
0.007517
0.000375
0.000901
0.007387
0.000310
0.001066
0.002495
0.006599
0.008417
0.008149
0.009350
0.009069
0.005094
0.002369
0.003383
0.008164
0.006230
0.007380
0.001076
0.002648
0.005690
0.003696
0.006085
0.004589
0.000969
0.007818
0.005091
0.007002
0.005510
0.005693
0.004936
0.003026
0.006058
0.005828
0.000414
0.006357
0.006884
0.002899
0.002956
0.005301
0.001047
0.002306
0.004371
0.006132
0.004665
0.007743
0.004295
0.000895
0.005123
0.005362
0.003533
0.000814
0.009048
0.009608
0.005392
0.000017
0.007426
0.000483
0.007009
0.002936
0.006166
0.001945
0.005952
0.002224
0.007763
0.006356
0.008571
0.004646
0.009245
0.001527
0.009938
0.000292
0.003823
0.004308
0.006414
0.008478
0.002051
0.000709
0.009364
0.007165
0.006061
0.002897
0.007968
0.005109
0.002505
0.003361
0.005116
0.009921
0.003834
0.002124
0.002857
0.009990
0.004059
0.008799
0.002213
0.001822
0.005155
0.000784
0.006458
0.004400
0.002301
0.006396
0.004682
0.006114
0.000704
0.001095
0.004593
0.002745
0.001794
0.003956
0.009900
0.007845
0.006843
0.007868
0.002954
0.009338
0.001228
0.008060
0.009259
0.005052
0.000184
0.002115
0.005042
0.004233
0.000915
0.007245
0.006045
0.006060
0.008020
0.002503
0.000459
0.000321
0.008888
0.005131
0.006425
0.009582
0.006216
0.001017
0.002327
0.008000
0.004963
0.002227
0.005846
0.001806
0.000095
0.008790
0.001144
0.001313
0.006850
0.000403
0.006355
0.007024
0.002508
0.001397
0.001257
0.003412
0.008633
0.007291
0.009462
0.006653
0.009784
0.009911
0.006963
0.008672
0.005042
0.003388
0.008255
0.001258
0.004395
0.000582
0.009248
0.009349
0.002799
0.005094
0.001155
0.002884
0.003884
0.002289
0.004187
0.000734
0.002681
0.000542
0.007748
0.005179
0.001930
0.008994
0.008582
0.000563
0.006286
0.008044
0.007205
0.006070
0.007955
0.004168
0.004742
0.002997
0.007546
0.002997
0.004245
0.001942
0.003569
0.003493
0.001290
0.006358
0.008577
0.002435
0.009232
0.002461
0.004714
0.003419
0.003185
0.007385
0.003952
0.000933
0.002564
0.005872
0.009917
0.001146
0.006424
0.006203
0.009179
0.003630
0.002273
0.007134
0.007788
0.007005
0.000131
0.005335
0.009992
0.004365
0.007266
0.003561
0.007848
0.008546
0.009909
0.006426
0.000981
0.009142
0.008877
0.005685
0.002561
0.002062
0.003070
0.006503
0.002985
0.005624
0.002374
0.002902
0.006760
0.008789
0.009096
0.005939
0.002419
0.001369
0.003073
0.000207
0.008364
0.003194
0.005531
0.008356
0.007549
0.002798
0.001917
0.005398
0.001344
0.001826
0.001823
0.002315
0.000968
0.000700
0.007990
0.003518
0.002752
0.001060
0.000021
0.005727
0.006674
0.002386
0.008619
0.003433
0.001174
0.007715
0.009362
0.003583
0.009074
0.002435
0.003780
0.007437
0.005619
0.009301
0.005793
0.003168
0.002099
0.007699
0.008556
0.003433
0.009516
0.000379
0.005738
0.000483
0.001069
0.003728
0.003992
0.003811
0.004777
0.004003
0.009528
0.001451
0.006378
0.008148
0.004874
0.007543
0.005863
0.004236
0.001126
0.004936
0.006662
0.004896
0.002373
0.002281
0.004197
0.008156
0.005439
0.006286
0.005856
0.003995
0.009709
0.005371
0.004365
0.005447
0.005844
0.005424
0.009164
0.009826
0.009225
0.003942
0.003828
0.008754
0.005383
0.000207
0.006901
0.000257
0.007739
0.002764
0.004483
0.008855
0.007690
0.001145
0.003751
0.000064
0.003416
0.007938
0.008210
0.008845
0.004224
0.004065
0.002840
0.003933
0.009427
0.007195
0.009370
0.005271
0.002619
0.008534
0.005096
0.001845
0.002476
0.008915
0.000598
0.007849
0.009112
0.007490
0.008096
0.006851
0.000254
0.002579
0.005706
0.007934
0.003714
0.009447
0.007988
0.007120
0.007385
0.006198
0.005965
0.001610
0.000264
0.008795
0.005533
0.009680
0.005990
0.004903
0.004951
0.008599
0.003438
0.000047
0.000444
0.005904
0.008952
0.001032
0.003753
0.008064
0.008512
0.001849
0.004915
0.008756
0.004418
0.000621
0.006691
0.008123
0.000069
0.004679
0.005242
0.007444
0.000877
0.001207
0.009044
0.001131
0.009992
0.004577
0.000811
0.005982
0.009470
0.005751
0.004581
0.002908
0.005789
0.005015
0.008802
0.004741
0.006037
0.002555
0.002805
0.004550
0.004394
0.007710
0.003306
0.008802
0.008321
0.009987
0.006925
0.008380
0.004666
0.002167
0.005824
0.005533
0.003365
0.004868
0.006654
0.003357
0.009435
0.007454
0.009329
0.008905
0.003206
0.003910
0.001812
0.008984
0.008915
0.000614
0.003725
0.004952
0.003159
0.006520
0.009492
0.007543
0.004230
0.002798
0.006345
0.002551
0.002785
0.003270
0.000931
0.007441
0.005427
0.006745
0.002974
0.008782
0.001612
0.009617
0.002138
0.001047
0.007071
0.001467
0.009942
0.000277
0.005367
0.001754
0.009251
0.004282
0.002358
0.002976
0.009224
0.005507
0.009486
0.008716
0.003050
0.003716
0.001514
0.009385
0.006256
0.004289
0.002654
0.007177
0.001730
0.008072
0.003922
0.004693
0.006853
0.005524
0.004310
0.008982
0.006561
0.001382
0.000449
0.006503
0.001649
0.005806
0.008247
0.000900
0.000088
0.000605
0.003866
0.009302
0.006102
0.003352
0.008018
0.009142
0.007058
0.009523
0.008526
0.003314
0.003812
0.001181
0.000491
0.005532
0.009243
0.004403
0.000225
0.006096
0.009917
0.004525
0.005078
0.006478
0.005897
0.005517
0.002980
0.007536
0.001323
0.001227
0.008425
0.001400
0.001822
0.002291
0.000702
0.007914
0.005634
0.008711
0.007056
0.002691
0.008233
0.005582
0.005996
0.002045
0.006753
0.006477
0.007567
0.005996
0.000880
0.007781
0.002092
0.000797
0.002307
0.007160
0.007265
0.008194
0.002677
0.000245
0.005729
0.003989
0.001462
0.004155
0.005380
0.003274
0.006436
0.006072
0.001188
0.002070
0.004783
0.008234
0.004751
0.003016
0.003817
0.000747
0.005051
0.000570
0.007213
0.002617
0.006556
0.008083
0.000399
0.008638
0.008870
0.002695
0.005798
0.006135
0.000889
0.008464
0.006369
0.006608
0.002454
0.007822
0.000763
0.007823
0.001096
0.007189
0.003895
0.002274
0.009249
0.008668
0.000508
0.004000
0.001684
0.004315
0.004737
0.006725
0.004875
0.001950
0.009332
0.001430
0.000034
0.009721
0.000068
0.008894
0.002416
0.005856
0.005028
0.003295
0.004320
0.001398
0.009894
0.006763
0.009209
0.000657
0.004587
0.000305
0.007836
0.008472
0.002569
0.007085
0.007140
0.003067
0.001086
0.008814
0.007372
0.005812
0.005538
0.002247
0.007753
0.004870
0.003667
0.007777
0.004591
0.003725
0.006670
0.006997
0.009571
0.001699
0.000293
0.003891
0.003087
0.000186
0.000654
0.002296
0.000833
0.005231
0.002591
0.008659
0.003703
0.005150
0.005744
0.000843
0.008207
0.006820
0.009647
0.005579
0.002632
0.005185
0.007816
0.000385
0.000056
0.001483
0.008152
0.004637
0.005198
0.004822
0.001634
0.004769
0.006511
0.001917
0.008649
0.009587
0.002093
0.009293
0.001883
0.002916
0.004524
0.004464
0.001575
0.008217
0.009604
0.007309
0.009050
0.007811
0.004129
0.008697
0.003390
0.006751
0.003883
0.001205
0.007126
0.003928
0.002678
0.005277
0.008555
0.007866
0.000100
0.000189
0.002635
0.006600
0.002096
0.001284
0.006188
0.004178
0.000577
0.008061
0.007084
0.005091
0.002525
0.008648
0.003309
0.002128
0.005957
0.002359
0.009929
0.000086
0.001056
0.003319
0.006826
0.004929
0.004514
0.003952
0.008847
0.007182
0.009220
0.007402
0.005048
0.009309
0.007582
0.007673
0.005910
0.009667
0.008947
0.002097
0.003846
0.009514
0.000158
0.000929
0.004606
0.002673
0.009568
0.007904
0.004791
0.005525
0.000263
0.004720
0.005601
0.001310
0.008029
0.002427
0.006229
0.002543
0.006370
0.005076
0.009715
0.005589
0.002478
0.004763
0.004899
0.000060
0.002436
0.000808
0.009717
0.001383
0.002895
0.003563
0.000897
0.003043
0.004482
0.005492
0.005706
0.004050
0.003397
0.000497
0.009565
0.003650
0.005207
0.005166
0.004950
0.003236
0.007583
0.001178
0.005768
0.003953
0.006244
0.005483
0.009532
0.008712
0.000246
0.004431
0.008762
0.002672
0.005229
0.008479
0.004044
0.008115
0.002042
0.004931
0.001158
0.006514
0.000423
0.006854
0.000564
0.003810
0.007341
0.000129
0.007450
0.002548
0.005285
0.002399
0.005773
0.002868
0.003567
0.001542
0.006811
0.009802
0.007015
0.006343
0.008514
0.007251
0.000774
0.007276
0.009913
0.005994
0.005755
0.003958
0.004108
0.007787
0.008879
0.005256
0.004301
0.009292
0.002110
0.004855
0.003102
0.009441
0.004973
0.000552
0.001989
0.000258
0.002941
0.007752
0.003117
0.006499
0.009284
0.009918
0.006300
0.006299
0.006261
0.004814
0.003550
0.007026
0.002090
0.003463
0.003019
0.007836
0.007411
0.007117
0.005623
0.006290
0.002373
0.009914
0.005582
0.004473
0.004768
0.008674
0.003914
0.009732
0.009216
0.005893
0.009980
0.002157
0.003644
0.003097
0.008646
0.002928
0.003015
0.004946
0.009217
0.009266
0.009750
0.002767
0.006291
0.001841
0.006221
0.009301
0.009666
0.003631
0.006418
0.005289
0.009911
0.008781
0.005203
0.005493
0.003254
0.009961
0.004167
0.007158
0.009693
0.003383
0.003051
0.009673
0.005530
0.006685
0.002770
0.004175
0.009604
0.005775
0.009111
0.008821
0.005041
0.008862
0.001588
0.001332
0.000702
0.007799
0.000633
0.000369
0.001430
0.007040
0.005648
0.001341
0.005821
0.000851
0.006824
0.009066
0.000812
0.000991
0.006224
0.000505
0.004364
0.009265
0.000178
0.009883
0.005950
0.002938
0.004059
0.005553
0.008703
0.003170
0.004374
0.003743
0.002032
0.005953
0.005065
0.002724
0.003752
0.005688
0.003082
0.005172
0.002728
0.008720
0.006503
0.008539
0.009560
0.003328
0.007605
0.000372
0.004309
0.003829
0.000867
0.008662
0.003094
0.001035
0.008546
0.009034
0.003963
0.002604
0.004587
0.002666
0.005764
0.008952
0.006399
0.007786
0.004904
0.001464
0.000509
0.008646
0.007141
0.003582
0.003818
0.009859
0.002302
0.000321
0.008399
0.001862
0.003639
0.006004
0.002224
0.007938
0.009823
0.003081
0.006600
0.002917
0.004106
0.005146
0.001951
0.008059
0.007740
0.006528
0.000725
0.003504
0.005479
0.007114
0.001290
0.000383
0.008567
0.001790
0.009019
0.005709
0.005361
0.002837
0.005568
0.007653
0.003148
0.003967
0.009505
0.006777
0.009961
0.001729
0.004715
0.009784
0.004801
0.001315
0.002701
0.008897
0.006451
0.004642
0.006957
0.004191
0.001170
0.007672
0.007686
0.006639
0.004785
0.008966
0.007013
0.003353
0.000756
0.006032
0.009051
0.006107
0.008859
0.004619
0.003760
0.002007
0.008576
0.003265
0.008774
0.008537
0.004985
0.003489
0.008322
0.009775
0.004794
0.001023
0.008673
0.001245
0.005655
0.005629
0.005426
0.006815
0.003301
0.003112
0.003454
0.008076
0.002078
0.000466
0.001429
0.002824
0.006488
0.000480
0.008921
0.005346
0.005089
0.002681
0.007343
0.003666
0.005936
0.006117
0.002203
0.000921
0.009596
0.000525
0.000696
0.004390
0.001538
0.009359
0.005625
0.007183
0.004989
0.001051
0.003997
0.008279
0.004153
0.007441
0.006355
0.006222
0.007897
0.007774
0.009036
0.004385
0.008244
0.007957
0.009721
0.003333
0.000638
0.007064
0.006988
0.006565
0.003181
0.009181
0.007476
0.002777
0.009696
0.008162
0.007157
0.001234
0.007521
0.002781
0.008406
0.002510
0.003823
0.002404
0.000789
0.007966
0.009834
0.007135
0.004188
0.007731
0.004909
0.003223
0.002116
0.003153
0.001180
0.001837
0.006476
0.001808
0.008891
0.003464
0.008363
0.002072
0.002646
0.005839
0.004840
0.002342
0.004001
0.001996
0.003566
0.001522
0.004768
0.001972
0.004022
0.008580
0.004366
0.004801
0.006546
0.004200
0.001936
0.000734
0.001931
0.006835
0.003948
0.004037
0.009977
0.005118
0.005863
0.006453
0.006916
0.004754
0.009907
0.005279
0.006817
0.002552
0.001118
0.001656
0.004884
0.005109
0.003643
0.008440
0.006621
0.008400
0.000412
0.000643
0.006981
0.004767
0.005434
0.003527
0.008957
0.007360
0.004251
0.000888
0.004194
0.008189
0.004915
0.004171
0.003307
0.000778
0.000624
0.000223
0.005523
0.000531
0.005493
0.002340
0.003074
0.006601
0.003986
0.007948
0.001710
0.007619
0.006388
0.008320
0.006019
0.006789
0.008953
0.003000
0.001557
0.004387
0.006517
0.000514
0.001746
0.000769
0.001392
0.005931
0.008948
0.006297
0.000102
0.002255
0.007066
0.000716
0.002468
0.002588
0.001238
0.007951
0.004918
0.004301
0.004552
0.008894
0.002249
0.006251
0.006513
0.008627
0.004571
0.002532
0.005416
0.003524
0.005522
0.006963
0.007901
0.002039
0.007467
0.009637
0.002798
0.008849
0.005568
0.001746
0.005147
0.005660
0.003990
0.002212
0.006366
0.006448
0.004791
0.007594
0.004399
0.009699
0.001895
0.008941
0.008593
0.004134
0.005192
0.005106
0.002761
0.009753
0.007628
0.008167
0.003277
0.003150
0.005130
0.001178
0.005179
0.002597
0.000815
0.007967
0.001446
0.006373
0.009702
0.006583
0.002033
0.003693
0.008785
0.008389
0.000141
0.003576
0.005983
0.004530
0.003275
0.007868
0.003470
0.001868
0.002001
0.008652
0.006964
0.004752
0.008405
0.004591
0.002919
0.001682
0.007731
0.008038
0.002850
0.002910
0.000635
0.003656
0.000876
0.002071
0.000029
0.000579
0.008644
0.002052
0.004261
0.007429
0.000441
0.004392
0.001005
0.006413
0.008912
0.004270
0.004281
0.002382
0.006128
0.006272
0.001034
0.003091
0.001024
0.009429
0.007672
0.003933
0.001111
0.005403
0.001971
0.003951
0.008303
0.002596
0.007597
0.009169
0.004657
0.007616
0.009738
0.003301
0.009657
0.003999
0.000730
0.000098
0.008381
0.001725
0.006502
0.007293
0.005985
0.000783
0.009665
0.002113
0.007045
0.000699
0.005194
0.008059
0.000128
0.002867
0.001992
0.001230
0.008260
0.003954
0.005171
0.006563
0.006540
0.002768
0.005732
0.001197
0.000384
0.005469
0.004488
0.000041
0.009458
0.005209
0.000129
0.007839
0.006924
0.006621
0.005131
0.002909
0.007393
0.004796
0.005012
0.004438
0.005485
0.000207
0.002497
0.005604
0.003063
0.004480
0.006823
0.001323
0.008423
0.001994
0.007875
0.004963
0.004752
0.003607
0.006150
0.005126
0.009066
0.000639
0.005157
0.008524
0.005837
0.005276
0.006363
0.002761
0.001896
0.001494
0.005661
0.009279
0.006281
0.000673
0.003717
0.001766
0.000870
0.006205
0.007360
0.003923
0.000684
0.004183
0.005236
0.009097
0.006167
0.003111
0.004061
0.000920
0.006708
0.000211
0.006036
0.005774
0.000839
0.001192
0.004299
0.006666
0.006458
0.000662
0.009418
0.008345
0.002146
0.005078
0.007624
0.008417
0.005741
0.001342
0.000183
0.006601
0.007536
0.007532
0.000524
0.008211
0.001715
0.005749
0.007308
0.007873
0.008850
0.001369
0.008783
0.005558
0.001569
0.004818
0.001333
0.002398
0.006001
0.005621
0.009055
0.002459
0.006273
0.008473
0.000803
0.008409
0.003551
0.008418
0.006826
0.009282
0.009749
0.006998
0.005883
0.007285
0.004531
0.006397
0.005496
0.006236
0.002147
0.002804
0.004109
0.000997
0.004163
0.002891
0.006545
0.005722
0.007700
0.007868
0.008110
0.003700
0.003489
0.007165
0.006149
0.009752
0.005638
0.006942
0.008161
0.009178
0.005360
0.004987
0.008461
0.005109
0.001985
0.004344
0.002395
0.006506
0.000741
0.007881
0.002742
0.002878
0.000685
0.006841
0.003865
0.004837
0.009723
0.000410
0.000559
0.007422
0.008268
0.008659
0.001122
0.001757
0.005824
0.007261
0.001509
0.001461
0.004204
0.009661
0.000640
0.009554
0.004648
0.009091
0.004663
0.006623
0.003435
0.007047
0.003129
0.004166
0.004928
0.005862
0.007034
0.005602
0.002703
0.000899
0.000439
0.002425
0.001299
0.000988
0.009838
0.009556
0.009637
0.000960
0.001313
0.005461
0.008211
0.002813
0.006913
0.002415
0.002474
0.007542
0.001968
0.007111
0.006633
0.006621
0.003735
0.000068
0.003668
0.006854
0.004224
0.008586
0.002716
0.001258
0.004188
0.005409
0.002146
0.004618
0.007824
0.003435
0.005596
0.007662
0.002991
0.005233
0.008611
0.004294
0.000694
0.006823
0.007097
0.007597
0.009227
0.009561
0.005139
0.001196
0.006672
0.001772
0.007807
0.000407
0.001830
0.001475
0.007251
0.006043
0.000061
0.009957
0.007291
0.004240
0.005366
0.009427
0.008847
0.003190
0.002861
0.004443
0.000852
0.005842
0.009666
0.009453
0.000137
0.000360
0.006276
0.007224
0.007947
0.005503
0.006785
0.003086
0.006689
0.003457
0.004848
0.004496
0.003854
0.006667
0.005961
0.001106
0.002711
0.006012
0.001063
0.009991
0.000252
0.006419
0.009418
0.009089
0.009599
0.002280
0.003532
0.000451
0.008112
0.003199
0.009894
0.008239
0.003549
0.006170
0.005463
0.001496
0.001673
0.002248
0.004571
0.008352
0.005696
0.009409
0.002848
0.009540
0.006077
0.008799
0.000646
0.008777
0.004811
0.001699
0.008768
0.005053
0.008108
0.008186
0.004143
0.007707
0.000466
0.007665
0.008148
0.008568
0.000864
0.008042
0.006807
0.004403
0.004212
0.002270
0.005888
0.005875
0.004509
0.000460
0.004227
0.000204
0.009859
0.007066
0.009735
0.005935
0.005865
0.000380
0.004713
0.000676
0.002069
0.003481
0.005719
0.000177
0.001667
0.009852
0.007874
0.002123
0.007517
0.006022
0.000691
0.008371
0.004063
0.007489
0.002773
0.008265
0.009749
0.008652
0.004141
0.004257
0.009101
0.008358
0.004452
0.008960
0.005423
0.004186
0.004896
0.001288
0.004557
0.009598
0.001954
0.006616
0.003079
0.007664
0.006783
0.004736
0.007516
0.004657
0.006850
0.005033
0.000678
0.007531
0.003403
0.004732
0.005020
0.006167
0.002997
0.004769
0.004818
0.007128
0.009016
0.003920
0.005486
0.003468
0.002880
0.000909
0.007644
0.007766
0.002187
0.002201
0.007364
0.004131
0.008807
0.000443
0.001795
0.005590
0.005169
0.009301
0.000247
0.002019
0.004333
0.000915
0.009541
0.007726
0.005637
0.004560
0.003893
0.008624
0.009319
0.008701
0.005752
0.008335
0.002621
0.001238
0.001803
0.005491
0.002137
0.009437
0.003256
0.004314
0.001638
0.000620
0.008435
0.000445
0.001053
0.000230
0.006025
0.006212
0.009521
0.006262
0.008222
0.003854
0.007168
0.007762
0.001580
0.002805
0.002323
0.005463
0.001429
0.001642
0.004165
0.007171
0.009967
0.006775
0.008399
0.001770
0.002266
0.000535
0.001207
0.005512
0.004839
0.002835
0.006122
0.003275
0.003271
0.007165
0.003495
0.009286
0.003377
0.003016
0.005549
0.001599
0.006860
0.002716
0.009351
0.008430
0.005511
0.001674
0.003894
0.006930
0.003306
0.008048
0.004101
0.003273
0.004824
0.002499
0.005032
0.007080
0.003025
0.006229
0.002592
0.007854
0.009055
0.008704
0.001129
0.002325
0.005869
0.004614
0.001611
0.009236
0.007620
0.007150
0.000836
0.004480
0.009856
0.000187
0.002910
0.005367
0.001851
0.006794
0.002297
0.005147
0.004842
0.006387
0.008410
0.009656
0.008877
0.003442
0.006736
0.001902
0.009661
0.009318
0.009746
0.008716
0.008022
0.000875
0.001041
0.003891
0.005479
0.002643
0.003127
0.003099
0.009783
0.003953
0.007569
0.009639
0.004130
0.000479
0.005006
0.005971
0.007263
0.007292
0.001118
0.002105
0.003680
0.009518
0.001761
0.002557
0.002960
0.008487
0.004449
0.002622
0.007805
0.004195
0.001338
0.005827
0.005059
0.002369
0.009708
0.000538
0.005002
0.002835
0.003627
0.004785
0.006778
0.001196
0.004424
0.000908
0.001665
0.009419
0.006869
0.008917
0.006712
0.007978
0.001022
0.000392
0.007496
0.002773
0.002938
0.000456
0.001260
0.007377
0.003068
0.009055
0.001571
0.004396
0.004882
0.006621
0.006755
0.004591
0.007149
0.001757
0.007416
0.000777
0.006532
0.004194
0.001963
0.000956
0.005093
0.003618
0.000375
0.001962
0.002535
0.007077
0.009930
0.003547
0.007458
0.007426
0.006310
0.000397
0.007872
0.007560
0.007764
0.000940
0.006615
0.009325
0.005326
0.001497
0.005946
0.002082
0.006078
0.003096
0.003829
0.003494
0.003862
0.000361
0.007678
0.005815
0.001307
0.002771
0.009423
0.001671
0.004723
0.001958
0.008738
0.004653
0.005494
0.006196
0.002078
0.001804
0.006583
0.009940
0.009354
0.004347
0.000880
0.005969
0.003672
0.006196
0.007457
0.009609
0.008268
0.003535
0.002704
0.002097
0.007019
0.006557
0.002448
0.004697
0.002372
0.003744
0.007458
0.001795
0.005406
0.002181
0.003742
0.004144
0.006823
0.009227
0.000340
0.008892
0.001031
0.006913
0.008832
0.000385
0.001261
0.009702
0.006344
0.004923
0.005898
0.003801
0.004531
0.004166
0.007325
0.007226
0.006253
0.004344
0.003782
0.008690
0.009031
0.006144
0.002434
0.006489
0.007929
0.007830
0.008660
0.001671
0.001974
0.005483
0.000898
0.002304
0.004375
0.001919
0.009207
0.003206
0.002293
0.000468
0.002908
0.008627
0.005381
0.008797
0.002428
0.009902
0.002963
0.009743
0.007128
0.009205
0.004087
0.000910
0.007896
0.003118
0.007044
0.000330
0.009596
0.004973
0.008150
0.008256
0.006635
0.000124
0.003739
0.007523
0.002417
0.008104
0.009431
0.001625
0.001310
0.001725
0.002082
0.004209
0.000352
0.007453
0.003005
0.002770
0.007355
0.005958
0.002513
0.004483
0.005163
0.006590
0.005383
0.003059
0.009697
0.002428
0.003379
0.009294
0.007391
0.001528
0.007550
0.004026
0.001642
0.001289
0.001548
0.004049
0.009382
0.000980
0.005664
0.000693
0.002694
0.007736
0.004891
0.003037
0.005190
0.007886
0.005796
0.002545
0.003844
0.008299
0.007018
0.008997
0.004889
0.002401
0.002056
0.004586
0.004819
0.005424
0.003880
0.002210
0.006943
0.001429
0.006226
0.008575
0.002708
0.007764
0.002624
0.002090
0.008734
0.008278
0.002773
0.001428
0.006015
0.007654
0.004455
0.001204
0.005541
0.000251
0.003739
0.009375
0.008540
0.000757
0.008372
0.003429
0.003148
0.000428
0.008005
0.007956
0.005842
0.001885
0.000166
0.002785
0.003305
0.006382
0.001360
0.006003
0.004146
0.003974
0.008083
0.002879
0.002252
0.000856
0.004298
0.008257
0.008500
0.008742
0.009451
0.004041
0.008984
0.003190
0.003416
0.007524
0.003936
0.001789
0.000953
0.007074
0.002207
0.008949
0.005030
0.008039
0.000834
0.005187
0.000824
0.004128
0.001568
0.002174
0.000131
0.005704
0.006138
0.008204
0.008573
0.008380
0.009050
0.002871
0.006636
0.007550
0.001614
0.006087
0.001592
0.000597
0.009267
0.004998
0.008111
0.003203
0.006777
0.009055
0.000277
0.008973
0.008003
0.005297
0.007012
0.008827
0.000484
0.007826
0.002956
0.002042
0.009990
0.003077
0.007736
0.006128
0.001281
0.006309
0.004508
0.000331
0.009170
0.001144
0.007871
0.000784
0.007221
0.009453
0.001371
0.006488
0.004451
0.009472
0.009680
0.001227
0.008527
0.009947
0.000200
0.006530
0.005245
0.007203
0.005357
0.005719
0.005029
0.008303
0.007751
0.005019
0.001380
0.005487
0.001147
0.002650
0.001796
0.005645
0.002971
0.000967
0.006779
0.000842
0.001740
0.004000
0.000295
0.003102
0.000488
0.004735
0.002574
0.000168
0.005952
0.001101
0.000115
0.006143
0.007621
0.005350
0.003345
0.002978
0.001069
0.008364
0.001281
0.008810
0.003383
0.002651
0.004296
0.004521
0.005291
0.006083
0.000166
0.008252
0.007039
0.006935
0.009084
0.008770
0.000935
0.009369
0.001871
0.001413
0.004104
0.004435
0.001571
0.000056
0.005526
0.001677
0.006189
0.003147
0.007017
0.009524
0.006115
0.008075
0.007888
0.007386
0.006885
0.001272
0.000037
0.001181
0.005782
0.005318
0.007254
0.005938
0.003570
0.004293
0.002872
0.002654
0.003063
0.003798
0.002023
0.004924
0.005200
0.006116
0.009349
0.006762
0.006163
0.004875
0.008428
0.002352
0.008011
0.005445
0.001876
0.004126
0.003520
0.009754
0.001512
0.000405
0.001026
0.001539
0.001576
0.006798
0.006847
0.008820
0.002735
0.000417
0.003113
0.005598
0.003060
0.006166
0.009385
0.005073
0.001090
0.004586
0.001189
0.000439
0.001347
0.007342
0.005303
0.009766
0.009684
0.003315
0.005210
0.001559
0.007431
0.008721
0.001313
0.008932
0.009116
0.002329
0.000471
0.000692
0.009117
0.007308
0.009502
0.001852
0.007714
0.002616
0.007440
0.000775
0.008772
0.006825
0.005838
0.009851
0.001411
0.007017
0.000290
0.002749
0.004359
0.005583
0.002514
0.004042
0.008888
0.007715
0.005592
0.006319
0.006435
0.006895
0.005251
0.005551
0.009214
0.005712
0.006233
0.008331
0.003020
0.005735
0.000183
0.000734
0.008341
0.007613
0.001499
0.007112
0.004438
0.007326
0.006964
0.005840
0.004343
0.007244
0.008578
0.008692
0.002827
0.001093
0.002734
0.001715
0.008797
0.008316
0.008024
0.005232
0.005211
0.003275
0.000783
0.004425
0.008977
0.007006
0.002756
0.001997
0.002741
0.002929
0.002721
0.001082
0.000542
0.004210
0.008184
0.004970
0.001536
0.005148
0.000810
0.005869
0.002392
0.009378
0.004561
0.005209
0.000471
0.007285
0.006914
0.009258
0.005601
0.004938
0.004490
0.000812
0.008202
0.005263
0.005227
0.007179
0.002269
0.007973
0.009166
0.005000
0.000902
0.001887
0.006072
0.001433
0.006086
0.004256
0.006394
0.007612
0.009394
0.007194
0.003482
0.001786
0.006572
0.008033
0.006984
0.007033
0.005318
0.003898
0.006291
0.000919
0.008826
0.000782
0.001721
0.007028
0.006035
0.006937
0.004207
0.008295
0.004910
0.003373
0.003295
0.005801
0.005249
0.009357
0.007225
0.001336
0.003613
0.003619
0.008938
0.003007
0.000812
0.002420
0.004783
0.007375
0.000452
0.001767
0.004408
0.005760
0.005656
0.000699
0.006669
0.004481
0.001471
0.008379
0.001509
0.007497
0.005317
0.005706
0.005791
0.000226
0.009069
0.009076
0.006018
0.004318
0.008433
0.003243
0.005644
0.002046
0.006851
0.004582
0.005044
0.007654
0.006992
0.009817
0.005028
0.007434
0.001584
0.009426
0.003194
0.007230
0.000126
0.009853
0.001711
0.001587
0.008232
0.003210
0.009074
0.003549
0.008906
0.004865
0.003765
0.007975
0.003941
0.009773
0.002293
0.002374
0.003016
0.007927
0.004411
0.009857
0.002510
0.009444
0.007511
0.009492
0.009261
0.002539
0.006926
0.000845
0.001966
0.000120
0.008065
0.002081
0.009963
0.009766
0.003658
0.008195
0.002976
0.002732
0.001743
0.001883
0.007587
0.005498
0.009848
0.001527
0.005271
0.002141
0.003892
0.008277
0.000068
0.008292
0.008134
0.002568
0.007736
0.005645
0.002060
0.006998
0.008174
0.008975
0.007833
0.000140
0.009085
0.005898
0.002211
0.009048
0.005664
0.005859
0.007243
0.008631
0.008581
0.008976
0.000513
0.006167
0.004474
0.000361
0.007685
0.009736
0.002492
0.001577
0.008012
0.002550
0.009859
0.006146
0.005109
0.007595
0.001791
0.007158
0.004593
0.009955
0.006134
0.002426
0.000094
0.005219
0.008314
0.002295
0.004267
0.003978
0.008144
0.001510
0.002609
0.006725
0.000486
0.003112
0.002893
0.004950
0.003463
0.000578
0.004686
0.005945
0.002144
0.002698
0.008486
0.002003
0.008834
0.003594
0.009588
0.000625
0.000752
0.004180
0.000580
0.006876
0.006596
0.000664
0.002095
0.004910
0.002949
0.006352
0.008879
0.001093
0.007852
0.001488
0.007808
0.008328
0.004590
0.000701
0.003278
0.008043
0.001269
0.007954
0.003988
0.003403
0.000652
0.002474
0.005395
0.009476
0.006058
0.004983
0.000101
0.006801
0.009153
0.000671
0.003677
0.005749
0.001325
0.005762
0.000660
0.004264
0.002114
0.009528
0.005348
0.009955
0.001016
0.003156
0.008283
0.005596
0.003847
0.001561
0.003639
0.005106
0.009505
0.007617
0.008498
0.000156
0.000091
0.003893
0.009623
0.006139
0.008866
0.009714
0.002940
0.008020
0.000385
0.006607
0.003769
0.001700
0.002368
0.004419
0.005954
0.004472
0.003947
0.001302
0.004427
0.004952
0.004448
0.002710
0.000548
0.008285
0.004261
0.004177
0.003390
0.003765
0.001794
0.001889
0.003912
0.001875
0.005772
0.003534
0.008005
0.004638
0.003248
0.000945
0.002658
0.003623
0.007541
0.006417
0.005313
0.009900
0.000835
0.001267
0.004371
0.004772
0.002559
0.008788
0.009714
0.006996
0.001498
0.000262
0.005281
0.005749
0.004429
0.008662
0.009504
0.006213
0.000550
0.003416
0.008079
0.006312
0.006940
0.006084
0.000951
0.000188
0.007019
0.003598
0.003801
0.004560
0.000015
0.009103
0.004460
0.000841
0.000370
0.008821
0.005603
0.002919
0.007609
0.005317
0.009905
0.009097
0.005569
0.005187
0.004846
0.009988
0.003849
0.004350
0.006202
0.004389
0.007756
0.004280
0.000701
0.004695
0.000364
0.001642
0.004873
0.007372
0.005231
0.008664
0.001933
0.005236
0.007768
0.006382
0.006066
0.008128
0.005203
0.001669
0.001047
0.002812
0.006976
0.000952
0.001909
0.002545
0.006129
0.006745
0.002533
0.009968
0.001095
0.008725
0.004357
0.008841
0.003005
0.005048
0.003536
0.003359
0.006680
0.008399
0.000732
0.001911
0.007064
0.002654
0.007136
0.004831
0.009026
0.003203
0.002959
0.004229
0.004862
0.003996
0.007032
0.001837
0.004939
0.008931
0.004372
0.001068
0.005676
0.006896
0.001035
0.006761
0.005620
0.005382
0.005602
0.008616
0.000430
0.009128
0.001975
0.007100
0.007527
0.002697
0.009001
0.004591
0.005341
0.006137
0.009412
0.004367
0.009330
0.002371
0.008587
0.004191
0.006357
0.005618
0.006019
0.001296
0.004549
0.000391
0.002353
0.000226
0.007277
0.003379
0.006977
0.002897
0.008751
0.002578
0.001513
0.009171
0.001706
0.003478
0.006271
0.009223
0.006164
0.005272
0.003813
0.001505
0.001409
0.003225
0.005863
0.000739
0.005586
0.004450
0.004920
0.001943
0.000068
0.000939
0.003229
0.004608
0.001320
0.005572
0.004823
0.008586
0.008941
0.001800
0.001483
0.007692
0.004368
0.002986
0.006862
0.006064
0.006454
0.003133
0.005287
0.002618
0.008395
0.009090
0.004114
0.009793
0.002316
0.009967
0.000532
0.007892
0.004417
0.005442
0.009825
0.004475
0.006371
0.003054
0.009073
0.007681
0.008617
0.003896
0.006267
0.007558
0.005686
0.007740
0.005249
0.000054
0.000727
0.002112
0.006108
0.007170
0.005235
0.001395
0.009779
0.003629
0.000485
0.003893
0.003423
0.002791
0.003860
0.003945
0.000682
0.008266
0.009377
0.000508
0.002741
0.005747
0.003552
0.001813
0.003428
0.002169
0.005699
0.009685
0.009716
0.001385
0.007425
0.004965
0.001429
0.008142
0.007067
0.007526
0.005312
0.002302
0.008911
0.005091
0.005921
0.009386
0.008974
0.009334
0.002177
0.002834
0.003278
0.002849
0.001100
0.002655
0.003347
0.003831
0.008392
0.006889
0.005634
0.001820
0.009047
0.001333
0.001505
0.008764
0.002708
0.008920
0.003729
0.004126
0.007062
0.000796
0.001653
0.002375
0.003087
0.000564
0.007456
0.008998
0.009940
0.006430
0.008332
0.002116
0.009254
0.001610
0.004956
0.000353
0.004255
0.008292
0.004174
0.002647
0.005181
0.009798
0.004457
0.004229
0.001131
0.005952
0.002992
0.003829
0.004872
0.006711
0.007945
0.001935
0.007497
0.009588
0.004299
0.000584
0.000151
0.001755
0.009572
0.000091
0.008175
