0.002560
0.001677
0.001958
0.002020
0.002751
0.004537
0.003919
0.007964
0.008170
0.008731
0.000076
0.005254
0.002215
0.008619
0.006113
0.005378
0.002351
0.008082
0.002996
0.006595
0.004614
0.008574
0.008972
0.006601
0.005015
0.002880
0.009086
0.001910
0.009064
0.004581
0.002655
0.001624
0.006248
0.004602
0.003634
0.008989
0.009130
0.007543
0.006954
0.007299
0.006274
0.007019
0.002553
0.008479
0.005638
0.008657
0.003857
0.007979
0.006739
0.006842
0.004574
0.001353
0.005417
0.003546
0.007944
0.000432
0.006416
0.007030
0.002331
0.005481
0.001611
0.004976
0.007095
0.007850
0.009568
0.000729
0.006839
0.008698
0.008262
0.003793
0.005997
0.004536
0.000812
0.008541
0.003014
0.006441
0.007198
0.006861
0.004420
0.003936
0.003703
0.008984
0.005279
0.009110
0.002530
0.003223
0.009531
0.008936
0.000253
0.001863
0.004417
0.001855
0.006829
0.001511
0.009694
0.006397
0.002230
0.006534
0.005095
0.000492
0.000327
0.001092
0.005018
0.001129
0.009623
0.008023
0.007560
0.006821
0.004884
0.001979
0.000757
0.008577
0.000963
0.006026
0.007687
0.003483
0.009240
0.007218
0.002419
0.009483
0.009071
0.006826
0.001338
0.005900
0.008327
0.001032
0.002297
0.000558
0.007556
0.007382
0.001040
0.007872
0.008465
0.006049
0.008992
0.008088
0.004071
0.006551
0.004908
0.008945
0.008521
0.005655
0.007522
0.009473
0.001682
0.005208
0.002956
0.000921
0.002427
0.005365
0.000404
0.001498
0.002191
0.001732
0.007388
0.000519
0.002754
0.009675
0.001067
0.000309
0.007058
0.002097
0.008172
0.005522
0.008136
0.007163
0.003610
0.002207
0.003715
0.008508
0.001151
0.002235
0.004164
0.008663
0.001709
0.005835
0.003871
0.004655
0.006746
0.006288
0.000020
0.007140
0.007776
0.002202
0.008862
0.005164
0.002710
0.001616
0.004839
0.003767
0.001915
0.001897
0.005854
0.000087
0.007409
0.003990
0.007240
0.001019
0.006186
0.000955
0.009517
0.007328
0.003180
0.003681
0.005990
0.004879
0.009506
0.009852
0.009523
0.006253
0.006140
0.009534
0.003393
0.003916
0.001735
0.002255
0.009070
0.004436
0.003861
0.003909
0.008193
0.005766
0.005796
0.004047
0.005843
0.003205
0.008026
0.003084
0.004214
0.004213
0.004029
0.003732
0.001540
0.007199
0.007403
0.007521
0.002077
0.006909
0.007373
0.001601
0.003162
0.003512
0.001134
0.006545
0.007418
0.002860
0.008790
0.006488
0.007286
0.002651
0.000397
0.005478
0.008408
0.006183
0.009515
0.004251
0.009379
0.007542
0.007325
0.003593
0.001755
0.001353
0.007315
0.003285
0.008542
0.004718
0.000805
0.000619
0.001627
0.008168
0.002210
0.004779
0.001680
0.003334
0.001324
0.009089
0.006184
0.000114
0.005577
0.003470
0.002755
0.005964
0.008938
0.001163
0.002148
0.008453
0.005404
0.001526
0.005995
0.002728
0.005110
0.007740
0.004072
0.002425
0.001024
0.002614
0.007132
0.001820
0.003223
0.008749
0.009978
0.005423
0.003528
0.001658
0.008747
0.004842
0.000747
0.004931
0.004946
0.006314
0.008391
0.007691
0.002278
0.007329
0.008843
0.004415
0.005782
0.004247
0.005932
0.001778
0.006965
0.001041
0.009507
0.001036
0.003456
0.000532
0.003640
0.000588
0.002342
0.006853
0.009327
0.002320
0.002276
0.002856
0.003968
0.001024
0.007687
0.004704
0.005945
0.002633
0.001018
0.004336
0.000323
0.003286
0.001665
0.009157
0.007691
0.007437
0.003403
0.003623
0.009205
0.000368
0.004654
0.008712
0.001394
0.008100
0.009234
0.005025
0.008678
0.001576
0.001878
0.008006
0.003885
0.004144
0.000861
0.007843
0.005158
0.008538
0.002547
0.001103
0.001171
0.003555
0.005428
0.001485
0.006831
0.007083
0.000641
0.004522
0.004521
0.004034
0.008135
0.003725
0.004392
0.002789
0.002438
0.005777
0.000889
0.001672
0.000801
0.009557
0.003238
0.002669
0.007562
0.007113
0.006803
0.008413
0.004956
0.001961
0.006952
0.007494
0.003053
0.008113
0.001049
0.008472
0.009588
0.007870
0.005555
0.000229
0.002392
0.000076
0.004254
0.000526
0.003791
0.008636
0.003305
0.006219
0.004413
0.004184
0.007881
0.005204
0.003740
0.001118
0.007864
0.001303
0.008222
0.004667
0.009706
0.003178
0.006617
0.006658
0.000671
0.009661
0.004771
0.001710
0.008133
0.004359
0.009570
0.003688
0.004578
0.001962
0.003753
0.008822
0.002478
0.007534
0.007458
0.005773
0.003753
0.001871
0.009947
0.001634
0.007065
0.003687
0.002742
0.004929
0.004980
0.000964
0.009586
0.004686
0.004132
0.006203
0.001343
0.004793
0.005864
0.006104
0.006493
0.003996
0.000462
0.006063
0.007674
0.005030
0.008015
0.001427
0.003852
0.000493
0.008952
0.001310
0.006256
0.002705
0.003171
0.006203
0.004329
0.000236
0.009880
0.007061
0.005155
0.004860
0.008015
0.004741
0.009536
0.002147
0.000944
0.000879
0.006930
0.006798
0.006973
0.003423
0.000794
0.007426
0.009476
0.008458
0.002456
0.007491
0.009876
0.006298
0.007974
0.008827
0.007598
0.004230
0.001533
0.000769
0.000433
0.005852
0.000995
0.000313
0.002913
0.006140
0.005164
0.000928
0.000881
0.004700
0.003065
0.001815
0.005569
0.009985
0.008603
0.002542
0.003408
0.009388
0.009958
0.002883
0.007846
0.002414
0.000374
0.007722
0.008702
0.008338
0.006549
0.006300
0.002568
0.008072
0.007058
0.002991
0.003923
0.008043
0.003294
0.006826
0.004184
0.008448
0.007745
0.005055
0.003148
0.000810
0.006860
0.008707
0.000794
0.005464
0.001249
0.004192
0.004852
0.001207
0.007065
0.002698
0.003611
0.007430
0.000419
0.002313
0.005767
0.006958
0.008602
0.008325
0.005030
0.005661
0.001316
0.008944
0.003704
0.004600
0.005770
0.007878
0.003048
0.003515
0.002933
0.006185
0.004315
0.009783
0.004892
0.005099
0.005247
0.006132
0.009281
0.000099
0.007329
0.006346
0.002786
0.000939
0.003776
0.003196
0.003242
0.009533
0.000154
0.001844
0.007858
0.005174
0.007495
0.009164
0.004118
0.001199
0.003764
0.009878
0.009067
0.006801
0.003393
0.002000
0.002987
0.007698
0.001784
0.007869
0.002797
0.007021
0.004001
0.002078
0.007110
0.001329
0.008414
0.009887
0.002259
0.002190
0.003082
0.005491
0.001724
0.003227
0.007325
0.009572
0.008391
0.004821
0.008736
0.002509
0.006010
0.002500
0.002388
0.005078
0.009291
0.005771
0.007068
0.002278
0.003468
0.008842
0.000148
0.006255
0.005863
0.004138
0.008323
0.002973
0.005458
0.006737
0.002860
0.007707
0.008918
0.005932
0.003198
0.000642
0.009149
0.000523
0.000214
0.007540
0.005334
0.008940
0.000049
0.001344
0.001440
0.002427
0.006411
0.000731
0.008188
0.003479
0.002999
0.001656
0.002321
0.003137
0.007901
0.008174
0.007265
0.006224
0.001148
0.002723
0.002962
0.003998
0.000430
0.001879
0.009920
0.003618
0.002511
0.009069
0.004130
0.002715
0.006609
0.009454
0.001655
0.006648
0.000798
0.003085
0.009065
0.007199
0.003806
0.007253
0.000678
0.006796
0.008899
0.002989
0.009923
0.006800
0.001163
0.007188
0.003024
0.002301
0.009901
0.005976
0.006289
0.000331
0.007845
0.006208
0.003939
0.000356
0.005277
0.008059
0.003061
0.001886
0.007513
0.004706
0.008524
0.008300
0.007781
0.007589
0.005499
0.001587
0.004842
0.006167
0.008372
0.003741
0.009146
0.008295
0.000540
0.000309
0.005483
0.003554
0.002600
0.005384
0.009520
0.008878
0.005705
0.007365
0.005087
0.009633
0.007711
0.000364
0.007692
0.000772
0.002240
0.005205
0.005468
0.000764
0.003505
0.003248
0.008344
0.008994
0.004825
0.003186
0.005161
0.003197
0.006916
0.004307
0.001492
0.007447
0.004606
0.006964
0.001001
0.007196
0.002348
0.000521
0.006074
0.008043
0.007876
0.001161
0.007676
0.005587
0.001515
0.005368
0.006349
0.003745
0.000573
0.001817
0.004499
0.004068
0.005055
0.002843
0.003063
0.009870
0.006019
0.008214
0.003067
0.002935
0.002521
0.004549
0.000382
0.007117
0.001513
0.001373
0.004313
0.003851
0.001884
0.000387
0.001894
0.009750
0.001538
0.009559
0.005337
0.003043
0.004927
0.001686
0.006778
0.005490
0.003493
0.001277
0.009549
0.008538
0.004109
0.002612
0.008409
0.000128
0.000826
0.001476
0.003053
0.003337
0.006015
0.003425
0.000454
0.007518
0.004788
0.004757
0.001369
0.006662
0.005134
0.003252
0.006412
0.006662
0.002812
0.001749
0.009694
0.007729
0.003426
0.006472
0.003219
0.006909
0.007739
0.002768
0.005448
0.001848
0.005370
0.003856
0.001966
0.006186
0.005322
0.005009
0.009513
0.001336
0.008424
0.009957
0.008844
0.003211
0.004714
0.000213
0.009863
0.009838
0.003455
0.006275
0.006500
0.006257
0.008014
0.006194
0.003986
0.001440
0.002666
0.007195
0.008340
0.000405
0.009953
0.003787
0.002243
0.005323
0.007634
0.004199
0.001509
0.002956
0.009198
0.001022
0.004282
0.007621
0.000979
0.003126
0.000832
0.005683
0.003329
0.000695
0.005520
0.006774
0.006960
0.002020
0.003031
0.004975
0.008204
0.007006
0.006405
0.000870
0.004201
0.004745
0.001265
0.004155
0.008522
0.003497
0.009468
0.006156
0.007686
0.000976
0.009102
0.006884
0.001988
0.003384
0.004505
0.002957
0.006500
0.005327
0.008629
0.009819
0.006013
0.004150
0.006593
0.002973
0.006160
0.009613
0.007938
0.004364
0.006620
0.004343
0.005224
0.000821
0.009078
0.006479
0.004965
0.007601
0.009967
0.004433
0.003757
0.007653
0.005400
0.002858
0.004536
0.007378
0.006232
0.009031
0.000335
0.002732
0.004359
0.008954
0.002550
0.000371
0.003104
0.009133
0.003334
0.009254
0.008746
0.001272
0.003618
0.005366
0.005605
0.008832
0.006177
0.004683
0.005311
0.001142
0.002284
0.005278
0.005565
0.006030
0.002931
0.000965
0.008879
0.007457
0.008333
0.005111
0.006488
0.008657
0.007833
0.000847
0.007611
0.000383
0.001208
0.000715
0.009506
0.004532
0.009959
0.008252
0.005794
0.003577
0.003618
0.001399
0.002410
0.009784
0.006072
0.007711
0.000926
0.008346
0.002989
0.006482
0.004376
0.005910
0.007436
0.003255
0.003367
0.005769
0.008356
0.009845
0.004426
0.006188
0.000692
0.002037
0.006561
0.001890
0.002742
0.006067
0.006412
0.002701
0.004319
0.002206
0.006268
0.007927
0.003595
0.008668
0.007711
0.009658
0.006379
0.008628
0.008003
0.009358
0.005109
0.002380
0.005268
0.002546
0.005625
0.008624
0.008305
0.003980
0.008469
0.002731
0.000169
0.009151
0.004758
0.006720
0.001042
0.007490
0.002787
0.007444
0.000192
0.007096
0.009640
0.006450
0.005023
0.003236
0.005118
0.002735
0.002893
0.001497
0.001363
0.000897
0.000855
0.006462
0.003266
0.006113
0.008998
0.008881
0.004737
0.007303
0.002861
0.003206
0.000034
0.003020
0.002358
0.004782
0.009730
0.003389
0.002272
0.002517
0.000833
0.002454
0.009603
0.000473
0.008894
0.004627
0.003699
0.004012
0.007352
0.006582
0.005499
0.008704
0.007468
0.006344
0.005166
0.000735
0.002457
0.004164
0.009606
0.007184
0.001467
0.002467
0.000390
0.001490
0.005477
0.002738
0.006262
0.005206
0.006118
0.008524
0.007713
0.006941
0.000978
0.007316
0.007404
0.009862
0.001943
0.001103
0.003874
0.009285
0.007675
0.009363
0.007989
0.005143
0.005707
0.003155
0.005868
0.008154
0.007309
0.005474
0.005338
0.008766
0.007930
0.005719
0.000257
0.003407
0.008447
0.006509
0.008603
0.004565
0.005033
0.006316
0.001506
0.006000
0.003633
0.008900
0.005862
0.005566
0.009993
0.009725
0.004850
0.007668
0.009088
0.002839
0.002811
0.004796
0.005984
0.008669
0.002950
0.003293
0.004143
0.008278
0.002060
0.002073
0.003997
0.002306
0.005470
0.002444
0.008805
0.004073
0.006999
0.003838
0.000390
0.008494
0.009828
0.004013
0.007394
0.005690
0.009568
0.007387
0.005415
0.004419
0.005055
0.004504
0.007248
0.007856
0.009289
0.003232
0.006525
0.002239
0.006515
0.000668
0.000517
0.008565
0.002731
0.004504
0.000872
0.008191
0.006938
0.009667
0.002264
0.003937
0.003504
0.002644
0.002432
0.003332
0.006646
0.009816
0.009012
0.006214
0.007203
0.004427
0.000633
0.002257
0.008921
0.007871
0.000113
0.008210
0.001103
0.006628
0.000449
0.007609
0.007286
0.000956
0.006174
0.000017
0.005450
0.007035
0.008197
0.002389
0.006702
0.000461
0.006316
0.000206
0.003095
0.008738
0.003529
0.009731
0.008553
0.002541
0.005945
0.005756
0.006958
0.006568
0.008003
0.005879
0.004440
0.008107
0.004088
0.005533
0.004735
0.004527
0.003142
0.002021
0.005473
0.009305
0.002027
0.000924
0.006341
0.000225
0.003302
0.003043
0.000676
0.009608
0.003239
0.003760
0.008346
0.006758
0.003491
0.006899
0.009289
0.009426
0.002655
0.006247
0.005995
0.000659
0.002126
0.000434
0.008755
0.006204
0.005957
0.003490
0.000731
0.009089
0.005501
0.006194
0.008394
0.007518
0.007108
0.004735
0.007733
0.000411
0.007768
0.008399
0.000019
0.001008
0.002159
0.008355
0.007756
0.005640
0.005254
0.007045
0.005067
0.007899
0.003292
0.001062
0.008548
0.005407
0.001486
0.007303
0.001611
0.007434
0.000793
0.002333
0.006522
0.006284
0.008517
0.004917
0.003803
0.005625
0.009642
0.001536
0.006026
0.007410
0.009925
0.006034
0.008408
0.002084
0.004389
0.006163
0.007714
0.009633
0.003208
0.002781
0.007532
0.006490
0.003833
0.006079
0.001897
0.005309
0.003382
0.003499
0.002743
0.004165
0.005821
0.009255
0.000450
0.004338
0.004172
0.004242
0.009953
0.003813
0.005768
0.005979
0.001223
0.005693
0.002014
0.009621
0.007766
0.006393
0.005784
0.005481
0.006026
0.008982
0.008252
0.003557
0.005472
0.002085
0.009627
0.007360
0.007384
0.003009
0.000858
0.000127
0.007164
0.006670
0.009372
0.007604
0.001008
0.003544
0.001846
0.000961
0.007347
0.007604
0.006931
0.008561
0.003297
0.008934
0.008181
0.001063
0.005327
0.003966
0.006534
0.001353
0.002948
0.004786
0.004900
0.008410
0.006861
0.004526
0.005770
0.004246
0.007525
0.006619
0.004362
0.004690
0.003288
0.003735
0.002293
0.004287
0.007268
0.004130
0.005238
0.004615
0.001734
0.002169
0.003176
0.005020
0.001103
0.001357
0.006074
0.006420
0.005313
0.002608
0.007763
0.008251
0.007384
0.002662
0.006662
0.004245
0.007179
0.002432
0.008481
0.004704
0.009041
0.002843
0.009384
0.002329
0.006568
0.001677
0.006606
0.003836
0.005797
0.001844
0.008441
0.007520
0.004002
0.001617
0.002541
0.005095
0.002965
0.008604
0.001515
0.008268
0.001212
0.009268
0.006519
0.008586
0.001930
0.003181
0.002831
0.009099
0.005603
0.001312
0.003803
0.004643
0.004145
0.003187
0.006963
0.000713
0.004854
0.003568
0.004539
0.000651
0.005402
0.002980
0.008161
0.009394
0.004588
0.000702
0.004490
0.007542
0.009296
0.005995
0.005810
0.000509
0.005263
0.002330
0.009085
0.007183
0.005500
0.001916
0.006282
0.001103
0.003218
0.000085
0.005736
0.007353
0.003262
0.002699
0.008056
0.008105
0.006257
0.002594
0.008746
0.001659
0.005564
0.006907
0.001053
0.000152
0.007599
0.005533
0.007684
0.006895
0.001528
0.003495
0.007394
0.006781
0.005814
0.006478
0.003963
0.001315
0.008384
0.000245
0.002408
0.001602
0.000320
0.008134
0.008945
0.003572
0.000833
0.007001
0.001677
0.007081
0.009585
0.000423
0.008730
0.005149
0.007320
0.009773
0.005291
0.004919
0.005306
0.002975
0.001814
0.006824
0.006460
0.009197
0.003605
0.002274
0.005676
0.007558
0.003579
0.004060
0.007794
0.005977
0.005652
0.008104
0.004111
0.004597
0.001675
0.004934
0.001598
0.003342
0.002015
0.001182
0.003755
0.000744
0.006321
0.001075
0.000518
0.001612
0.005984
0.005814
0.004578
0.007787
0.002638
0.001038
0.006985
0.006233
0.003302
0.002661
0.003791
0.006871
0.006711
0.001585
0.002848
0.002363
0.009679
0.006949
0.006950
0.001354
0.001883
0.008538
0.004686
0.003888
0.009711
0.008432
0.004622
0.006032
0.009496
0.005130
0.007634
0.005480
0.000944
0.002212
0.003267
0.003572
0.003240
0.000252
0.009795
0.006531
0.002903
0.003586
0.003402
0.009603
0.005161
0.006240
0.001966
0.004840
0.003189
0.008907
0.006184
0.005062
0.007445
0.000870
0.008940
0.007155
0.009292
0.003562
0.003187
0.008788
0.008682
0.000822
0.004268
0.009616
0.003024
0.007526
0.003188
0.006253
0.007768
0.002982
0.002785
0.000670
0.006559
0.006177
0.000274
0.001720
0.002417
0.002230
0.006550
0.005596
0.001137
0.002734
0.000658
0.008572
0.003594
0.009587
0.005727
0.002886
0.003149
0.008905
0.001675
0.001831
0.009717
0.005933
0.001447
0.002741
0.003459
0.004624
0.008984
0.001227
0.007597
0.001769
0.001887
0.004155
0.007936
0.002151
0.005865
0.000353
0.004371
0.002415
0.005940
0.005498
0.005139
0.006587
0.004070
0.008723
0.006175
0.009787
0.001609
0.009314
0.008692
0.003274
0.001145
0.008408
0.009197
0.002582
0.001149
0.002656
0.007196
0.000133
0.003873
0.004792
0.001892
0.005749
0.008937
0.009818
0.007890
0.004802
0.000172
0.002261
0.007207
0.006101
0.007748
0.002346
0.002688
0.001818
0.001069
0.008853
0.001605
0.002669
0.008167
0.000296
0.005933
0.009302
0.008694
0.005130
0.001884
0.009833
0.007776
0.009069
0.009956
0.001649
0.003862
0.001848
0.007388
0.002799
0.001666
0.005278
0.007592
0.001828
0.007529
0.004799
0.007919
0.005277
0.007135
0.000607
0.007085
0.008195
0.009451
0.008679
0.000863
0.007618
0.008966
0.006786
0.006920
0.007660
0.001916
0.008794
0.007493
0.009682
0.007863
0.007450
0.001330
0.001725
0.009288
0.008708
0.004514
0.000954
0.003987
0.002106
0.002772
0.001515
0.006895
0.000691
0.006782
0.004030
0.001288
0.003867
0.002225
0.000739
0.002546
0.003078
0.008347
0.001512
0.009854
0.005267
0.009162
0.001769
0.004060
0.006655
0.001451
0.001924
0.004105
0.002771
0.003639
0.003392
0.001480
0.008143
0.004336
0.005456
0.000248
0.007098
0.006962
0.007133
0.007779
0.003744
0.001163
0.009057
0.007601
0.003378
0.009786
0.000147
0.006446
0.008132
0.001648
0.006299
0.003399
0.000810
0.008058
0.007449
0.007455
0.009499
0.009363
0.001560
0.002271
0.003001
0.004942
0.003741
0.001144
0.009268
0.009187
0.001382
0.006366
0.006149
0.008506
0.004144
0.009882
0.009659
0.003201
0.007483
0.003037
0.002986
0.007620
0.009472
0.001119
0.009258
0.005772
0.004508
0.000068
0.003830
0.001957
0.007513
0.003329
0.001320
0.009063
0.005590
0.004311
0.004005
0.009321
0.005445
0.003272
0.008508
0.006818
0.009628
0.004657
0.005323
0.003772
0.004540
0.004982
0.006963
0.002022
0.008009
0.009939
0.009632
0.007482
0.001058
0.008890
0.003253
0.005556
0.008948
0.007073
0.007503
0.006461
0.000403
0.008813
0.005524
0.005983
0.003124
0.009519
0.005304
0.008559
0.002791
0.003813
0.005377
0.002419
0.008460
0.000700
0.006181
0.002999
0.005672
0.003144
0.005012
0.003682
0.003084
0.004644
0.001163
0.004132
0.003534
0.004407
0.009678
0.002482
0.001480
0.007181
0.008934
0.001873
0.005993
0.004458
0.007846
0.009107
0.003977
0.003151
0.007666
0.006758
0.006954
0.003043
0.009168
0.005413
0.003733
0.005349
0.008403
0.009395
0.008483
0.003415
0.003077
0.001567
0.008049
0.004230
0.005689
0.001583
0.008627
0.005367
0.004055
0.000107
0.002547
0.002989
0.001970
0.008531
0.007437
0.009807
0.007638
0.001414
0.002957
0.005304
0.008162
0.009901
0.008337
0.007330
0.005314
0.002069
0.002679
0.003717
0.001464
0.001162
0.007122
0.004531
0.002719
0.005170
0.008751
0.008397
0.006743
0.007378
0.003764
0.000798
0.007475
0.006301
0.003777
0.009435
0.004832
0.001214
0.009242
0.002470
0.002618
0.002199
0.007764
0.000780
0.002100
0.006100
0.008100
0.007404
0.008160
0.000778
0.001122
0.009614
0.001930
0.008233
0.004144
0.004639
0.003404
0.002895
0.003036
0.000147
0.000273
0.006790
0.000935
0.007737
0.003092
0.004701
0.007172
0.007914
0.005905
0.006414
0.000384
0.008513
0.008603
0.008138
0.009282
0.000703
0.004238
0.007382
0.008097
0.002398
0.008150
0.009209
0.002011
0.000080
0.007442
0.006146
0.004709
0.000846
0.009031
0.007735
0.000983
0.009293
0.004525
0.001908
0.007031
0.007607
0.006599
0.004203
0.005520
0.002504
0.000617
0.005894
0.001016
0.009209
0.004032
0.000299
0.009902
0.008260
0.007671
0.007999
0.000658
0.005821
0.007208
0.002660
0.005892
0.004650
0.008795
0.000601
0.005486
0.007826
0.008326
0.006459
0.007120
0.002851
0.008357
0.004150
0.000458
0.004956
0.008343
0.005968
0.007449
0.008950
0.001863
0.008456
0.008159
0.005885
0.008745
0.008061
0.004145
0.006416
0.006060
0.004793
0.002237
0.003268
0.007442
0.008119
0.007908
0.006238
0.008710
0.003394
0.004064
0.007036
0.009843
0.001183
0.009878
0.008200
0.005324
0.000336
0.003156
0.003667
0.006294
0.000605
0.002616
0.008147
0.009051
0.000775
0.004032
0.007795
0.008826
0.008166
0.004211
0.004887
0.002959
0.006438
0.008145
0.000402
0.004558
0.006053
0.006629
0.003268
0.009437
0.000693
0.000304
0.009281
0.001867
0.000182
0.007481
0.007180
0.000508
0.000637
0.000847
0.006792
0.001232
0.003453
0.004939
0.000282
0.004218
0.008961
0.008068
0.003045
0.007128
0.002279
0.007921
0.000087
0.008707
0.006066
0.000479
0.003265
0.002119
0.007098
0.006523
0.001556
0.007781
0.006817
0.000837
0.009638
0.006990
0.008308
0.006818
0.007488
0.008935
0.007655
0.004280
0.000166
0.001108
0.009209
0.000439
0.005316
0.008170
0.008496
0.008351
0.005298
0.000776
0.006272
0.005375
0.009473
0.002338
0.005844
0.002738
0.004447
0.002942
0.009251
0.005994
0.000723
0.006068
0.006821
0.000361
0.003058
0.005129
0.007170
0.000546
0.004064
0.004824
0.004815
0.004220
0.005922
0.004025
0.004649
0.001239
0.002195
0.003145
0.009580
0.007483
0.003911
0.005852
0.002858
0.003384
0.008180
0.008692
0.006112
0.002628
0.001634
0.005363
0.008612
0.002347
0.001432
0.005433
0.002698
0.004480
0.000562
0.009858
0.005015
0.004616
0.004682
0.009821
0.008826
0.000605
0.003845
0.003475
0.001833
0.006031
0.006610
0.001413
0.003514
0.000521
0.007255
0.006362
0.003895
0.005435
0.005055
0.009997
0.008053
0.006678
0.005360
0.006664
0.009015
0.006782
0.002097
0.001714
0.001261
0.002649
0.001572
0.006266
0.007255
0.006244
0.006087
0.006081
0.006839
0.009922
0.009546
0.008662
0.005953
0.006156
0.000075
0.009457
0.006667
0.007319
0.005819
0.000562
0.002754
0.000874
0.000559
0.000807
0.007542
0.005908
0.007461
0.006558
0.002690
0.009548
0.008262
0.003941
0.002196
0.009823
0.000207
0.009441
0.006068
0.006284
0.005522
0.002906
0.006206
0.005067
0.001568
0.002159
0.001223
0.001633
0.001616
0.007880
0.008942
0.007425
0.008432
0.001696
0.008289
0.008980
0.002493
0.005831
0.004889
0.009944
0.002389
0.007569
0.009491
0.000650
0.001510
0.001688
0.000474
0.001707
0.001129
0.006531
0.007981
0.006641
0.009428
0.004187
0.001708
0.000996
0.006336
0.002921
0.002619
0.007942
0.000801
0.001561
0.005367
0.009223
0.003248
0.003656
0.008203
0.005731
0.009477
0.003091
0.005674
0.001866
0.000660
0.005166
0.002507
0.002160
0.006844
0.002971
0.003857
0.007962
0.009492
0.001838
0.004603
0.008920
0.006015
0.006301
0.009906
0.002351
0.009212
0.002525
0.000293
0.000013
0.004076
0.005650
0.009226
0.007314
0.009296
0.007429
0.003044
0.008773
0.000520
0.008709
0.000639
0.001170
0.003874
0.003136
0.003319
0.000718
0.006097
0.007166
0.008670
0.005589
0.008994
0.003273
0.004508
0.005008
0.009564
0.004414
0.007349
0.008777
0.006928
0.007632
0.008780
0.001004
0.003282
0.008006
0.008308
0.002578
0.005435
0.001352
0.001351
0.005945
0.000060
0.001981
0.007104
0.003924
0.005107
0.000424
0.004632
0.001204
0.007580
0.003302
0.006782
0.006573
0.006566
0.001290
0.001582
0.006130
0.005694
0.008921
0.004907
0.002622
0.006553
0.003687
0.003616
0.009825
0.001693
0.001924
0.002404
0.007118
0.003265
0.003745
0.003062
0.003316
0.005716
0.000167
0.007230
0.000823
0.000581
0.001862
0.002017
0.008150
0.005155
0.008789
0.004724
0.001721
0.000079
0.006295
0.007841
0.005763
0.005216
0.002748
0.008375
0.001769
0.006425
0.001992
0.001595
0.008108
0.003905
0.003988
0.005226
0.007161
0.007723
0.008278
0.000476
0.003439
0.008435
0.007696
0.004252
0.009005
0.009549
0.006259
0.007156
0.004704
0.005047
0.001879
0.006414
0.005116
0.008164
0.004255
0.000880
0.003381
0.006993
0.009245
0.005140
0.003418
0.001236
0.006725
0.001525
0.005132
0.000713
0.006741
0.002293
0.008426
0.005019
0.002759
0.001866
0.003454
0.000455
0.006108
0.002459
0.009994
0.002366
0.009605
0.004698
0.007403
0.001484
0.001112
0.002520
0.009638
0.005357
0.003389
0.003019
0.002350
0.002634
0.008149
0.005758
0.003861
0.004874
0.007273
0.008982
0.005577
0.004014
0.001275
0.004003
0.009023
0.004024
0.005859
0.002476
0.004469
0.001966
0.004926
0.004463
0.004322
0.004530
0.009151
0.001726
0.006004
0.000263
0.004236
0.005643
0.005610
0.007615
0.008651
0.007950
0.000249
0.006800
0.003708
0.004100
0.001674
0.000981
0.003082
0.007241
0.004985
0.004347
0.001244
0.004008
0.008361
0.007093
0.006474
0.002830
0.009049
0.001400
0.007283
0.003371
0.005920
0.006435
0.005087
0.001925
0.006688
0.009313
0.007557
0.002298
0.006928
0.006209
0.000249
0.007167
0.003009
0.003947
0.001267
0.004673
0.004918
0.004339
0.001913
0.009893
0.008676
0.003147
0.003901
0.007036
0.000240
0.000375
0.009856
0.009279
0.001765
0.007140
0.002650
0.007676
0.003574
0.007727
0.009590
0.000262
0.007040
0.007147
0.002550
0.003968
0.003356
0.002789
0.001135
0.006355
0.006726
0.002391
0.001027
0.001644
0.006720
0.002931
0.001537
0.005396
0.006068
0.005428
0.002432
0.006298
0.005793
0.002289
0.005576
0.007548
0.009418
0.008216
0.005224
0.002993
0.005944
0.004814
0.003245
0.002984
0.001961
0.005785
0.006942
0.005307
0.008564
0.008066
0.001661
0.005290
0.000458
0.002679
0.006924
0.007168
0.005600
0.008450
0.002564
0.001668
0.003878
0.004986
0.007956
0.009661
0.007265
0.003532
0.007209
0.006683
0.001749
0.002433
0.009666
0.007682
0.007237
0.002910
0.000666
0.009188
0.008686
0.007597
0.004494
0.007250
0.005664
0.006146
0.002540
0.006111
0.008814
0.009454
0.003279
0.004414
0.007904
0.005833
0.006072
0.001782
0.000819
0.004027
0.001443
0.008074
0.007550
0.008642
0.004757
0.009288
0.001075
0.004423
0.006970
0.008302
0.007323
0.007626
0.007489
0.006008
0.005224
0.001984
0.003258
0.000887
0.008119
0.005788
0.006989
0.006934
0.005242
0.000268
0.001348
0.003146
0.006091
0.007410
0.004918
0.006900
0.001437
0.006351
0.004974
0.008977
0.004993
0.009721
0.008265
0.006059
0.004144
0.005235
0.004360
0.001466
0.002861
0.001850
0.007465
0.008075
0.003823
0.000723
0.008952
0.001942
0.006501
0.005941
0.008866
0.001743
0.006199
0.000214
0.004879
0.002290
0.007614
0.009787
0.009181
0.009041
0.006138
0.004155
0.008018
0.001132
0.003876
0.006282
0.007180
0.008009
0.001518
0.001540
0.009466
0.004369
0.003380
0.006931
0.002444
0.007193
0.007644
0.001396
0.009125
0.004145
0.007328
0.007991
0.005878
0.003527
0.008195
0.000758
0.005807
0.005809
0.000545
0.004988
0.004849
0.006673
0.009133
0.002867
0.007795
0.003008
0.009139
0.004975
0.001018
0.000657
0.006505
0.000483
0.005016
0.009875
0.007404
0.007450
0.007068
0.005048
0.008837
0.006194
0.009183
0.006164
0.004185
0.005062
0.009681
0.002380
0.005809
0.005488
0.008178
0.006344
0.000476
0.003028
0.003017
0.009599
0.005885
0.000811
0.002607
0.005024
0.005776
0.003615
0.005671
0.002282
0.004088
0.000687
0.002157
0.001492
0.008127
0.009215
0.006530
0.006964
0.005409
0.005713
0.003128
0.009584
0.000775
0.002809
0.001963
0.006574
0.008288
0.000142
0.002918
0.008754
0.003160
0.005925
0.008352
0.009034
0.006726
0.000959
0.004059
0.002502
0.004564
0.009720
0.004774
0.008642
0.000407
0.006921
0.000134
0.008524
0.006136
0.006654
0.005488
0.001544
0.002367
0.008606
0.001128
0.003132
0.001416
0.003081
0.009696
0.009693
0.003213
0.002614
0.008447
0.006363
0.008528
0.006799
0.005397
0.005254
0.007749
0.009446
0.007747
0.002313
0.009165
0.002521
0.000955
0.009562
0.009431
0.001080
0.008087
0.005567
0.007724
0.003575
0.007102
0.000091
0.002181
0.008220
0.003213
0.003587
0.001301
0.002908
0.003280
0.004504
0.005512
0.001727
0.000867
0.004040
0.008516
0.006254
0.009284
0.006265
0.005700
0.007031
0.008568
0.004865
0.009542
0.009514
0.004428
0.008973
0.000593
0.002514
0.004540
0.008307
0.006079
0.001642
0.008388
0.008250
0.009852
0.001601
0.001837
0.001153
0.004499
0.005107
0.005647
0.000011
0.006824
0.006504
0.004041
0.005340
0.002758
0.003326
0.001606
0.008448
0.000357
0.000174
0.003313
0.009889
0.009678
0.007731
0.008862
0.000271
0.000246
0.003402
0.008568
0.006315
0.005034
0.006956
0.004565
0.004886
0.008546
0.006392
0.006028
0.003045
0.001499
0.001675
0.003046
0.008314
0.008169
0.007077
0.003654
0.000927
0.000403
0.005250
0.009364
0.000750
0.005414
0.002678
0.000638
0.005091
0.000409
0.009490
0.005352
0.000644
0.002892
0.003920
0.006949
0.007916
0.000875
0.001514
0.002802
0.009411
0.007897
0.008820
0.002456
0.009386
0.000495
0.005493
0.007700
0.008654
0.002570
0.001354
0.009570
0.002963
0.006593
0.008935
0.003702
0.002007
0.001612
0.004330
0.007088
0.002011
0.003820
0.002440
0.002646
0.006702
0.006350
0.009585
0.004618
0.007215
0.001099
0.007410
0.006627
0.008986
0.006230
0.009073
0.008372
0.006715
0.004566
0.006072
0.005368
0.007126
0.007416
0.004938
0.000088
0.004009
0.003873
0.003781
0.006006
0.005476
0.008101
0.003094
0.007477
0.001921
0.005524
0.000123
0.008613
0.001874
0.009698
0.003231
0.009080
0.000797
0.000641
0.005706
0.009774
0.006861
0.004780
0.008146
0.003575
0.009335
0.004218
0.008933
0.006461
0.001634
0.003872
0.006539
0.005633
0.007735
0.000320
0.001639
0.003211
0.008411
0.004723
0.000688
0.000332
0.000248
0.000800
0.008935
0.002112
0.000498
0.002167
0.001192
0.001285
0.002798
0.006888
0.001059
0.009649
0.001668
0.009195
0.003224
0.001003
0.003413
0.002157
0.007454
0.005037
0.006019
0.003993
0.000670
0.003754
0.004302
0.002298
0.006955
0.002713
0.007012
0.007632
0.003035
0.007249
0.008423
0.001970
0.009351
0.008911
0.004127
0.000543
0.000196
0.006915
0.007422
0.001245
0.006564
0.009079
0.000440
0.009778
0.000083
0.003843
0.001935
0.007526
0.008869
0.007945
0.001519
0.009529
0.001699
0.005812
0.001827
0.008644
0.008515
0.008829
0.006276
0.001550
0.006078
0.004699
0.003510
0.005429
0.003610
0.007628
0.005963
0.003796
0.004543
0.003384
0.005031
0.001107
0.002464
0.005461
0.000885
0.002536
0.009294
0.002810
0.000063
0.008163
0.000755
0.001572
0.007692
0.002444
0.007374
0.009509
0.001088
0.005889
0.008338
0.007354
0.007429
0.004417
0.002053
0.000939
0.009836
0.005653
0.008557
0.005799
0.009439
0.003100
0.009173
0.004469
0.004196
0.001636
0.009920
0.005071
0.004163
0.009214
0.007872
0.004215
0.007377
0.008617
0.005777
0.005069
0.001061
0.003151
0.004578
0.002139
0.009029
0.002917
0.009483
0.006458
0.007323
0.001536
0.007387
0.007160
0.007179
0.005944
0.002958
0.006617
0.009033
0.002131
0.001087
0.003230
0.003758
0.001007
0.008291
0.007910
0.000221
0.006163
0.002125
0.007588
0.004780
0.007892
0.002657
0.005831
0.001043
0.007226
0.007960
0.000072
0.000143
0.007443
0.006520
0.007456
0.008969
0.003907
0.004616
0.006148
0.009840
0.007564
0.002765
0.008874
0.009685
0.003842
0.002103
0.003443
0.004839
0.000394
0.001353
0.005050
0.006547
0.003468
0.002639
0.001326
0.001360
0.005286
0.007147
0.002393
0.002512
0.005107
0.002455
0.002645
0.002550
0.008965
0.000101
0.001519
0.002872
0.004707
0.007657
0.002713
0.002271
0.000423
0.001586
0.001956
0.004255
0.003680
0.005389
0.009084
0.004064
0.006732
0.004135
0.000610
0.000200
0.006763
0.001927
0.001551
0.002050
0.009064
0.003934
0.004552
0.004171
0.006379
0.007187
0.006711
0.005345
0.007278
0.008221
0.008207
0.001985
0.005878
0.000920
0.004246
0.006291
0.002497
0.006192
0.000546
0.006166
0.001582
0.009620
0.000230
0.008304
0.003754
0.000830
0.008494
0.000518
0.002747
0.000045
0.002557
0.001811
0.003969
0.007099
0.005972
0.000349
0.004285
0.002683
0.005684
0.001563
0.000904
0.003891
0.003538
0.006772
0.004801
0.007774
0.003063
0.007288
0.003967
0.003598
0.003454
0.005539
0.003218
0.003674
0.003842
0.006962
0.004494
0.002337
0.007470
0.007230
0.002372
0.000027
0.009031
0.006331
0.007116
0.005002
0.006670
0.001401
0.007675
0.002353
0.002955
0.008569
0.006234
0.006483
0.005341
0.001036
0.004257
0.008393
0.008313
0.008214
0.001992
0.001767
0.003753
0.005200
0.005431
0.007585
0.002162
0.009915
0.009912
0.009622
0.007145
0.002284
0.009639
0.006176
0.008605
0.006755
0.001178
0.005275
0.008147
0.008843
0.007618
0.001101
0.007412
0.003853
0.007574
0.002753
0.004878
0.001832
0.001146
0.003192
0.000046
0.003128
0.004949
0.003788
0.008317
0.000380
0.001374
0.000479
0.000295
0.001286
0.000101
0.007430
0.003559
0.009731
0.003606
0.002165
0.006486
0.004774
0.007430
0.004633
0.003617
0.005048
0.005724
0.001029
0.008891
0.003298
0.003772
0.003769
0.005120
0.004908
0.006951
0.005156
0.008026
0.001900
0.008935
0.006343
0.002270
0.000308
0.006812
0.002555
0.001584
0.006903
0.009975
0.005133
0.006634
0.003581
0.007288
0.003120
0.008345
0.004717
0.007742
0.001962
0.009755
0.003466
0.002981
0.008646
0.006755
0.006743
0.002416
0.001875
0.001652
0.009357
0.007021
0.009667
0.001257
0.005956
0.006010
0.003517
0.006254
0.002822
0.006062
0.007827
0.009716
0.006037
0.002960
0.006350
0.009608
0.000248
0.009459
0.007952
0.004955
0.007202
0.009904
0.004711
0.000668
0.002885
0.003357
0.007413
0.009619
0.005763
0.009278
0.001270
0.005120
0.006299
0.000938
0.006367
0.002254
0.006938
0.009874
0.008498
0.009750
0.005936
0.006325
0.009466
0.001973
0.009275
0.005815
0.001581
0.009513
0.005275
0.009523
0.004469
0.002476
0.009427
0.009169
0.003134
0.002312
0.002527
0.000547
0.001931
0.008280
0.009815
0.003192
0.003400
0.006113
0.004119
0.009757
0.008358
0.001057
0.009631
0.006856
0.000807
0.005567
0.003181
0.000272
0.007530
0.002456
0.006078
0.009101
0.001969
0.001352
0.008624
0.006428
0.003819
0.008051
0.005597
0.006943
0.000363
0.008114
0.007480
0.002284
0.006394
0.007295
0.005466
0.009784
0.003408
0.009575
0.009541
0.001766
0.000632
0.009171
0.008611
0.001429
0.004738
0.001792
0.001691
0.002268
0.004238
0.007759
0.001368
0.006198
0.009101
0.009982
0.002626
0.002920
0.008032
0.008213
0.009853
0.008385
0.006327
0.007333
0.000670
0.002721
0.004627
0.006126
0.002505
0.008025
0.005701
0.002046
0.009781
0.006323
0.001217
0.008393
0.007742
0.005945
0.000185
0.009424
0.008203
0.004413
0.007183
0.009561
0.000611
0.006284
0.009542
0.003226
0.009194
0.007575
0.001440
0.009046
0.005960
0.007757
0.006379
0.006620
0.000478
0.001006
0.002746
0.002973
0.009021
0.008437
0.005009
0.008802
0.004760
0.006216
0.007195
0.002502
0.002161
0.007369
0.001926
0.000364
0.001783
0.009099
0.009915
0.002383
0.005382
0.009457
0.005600
0.004576
0.007032
0.007029
0.003622
0.002992
0.004786
0.009991
0.009602
0.005254
0.000997
0.002348
0.008218
0.000018
0.000785
0.003227
0.008810
0.005536
0.009433
0.006005
0.008028
0.001594
0.003374
0.009944
0.001948
0.005147
0.009043
0.001863
0.007520
0.004425
0.001320
0.003120
0.008991
0.008342
0.000149
0.002613
0.001334
0.004925
0.002603
0.000936
0.000179
0.003590
0.003274
0.008387
0.003598
0.004049
0.001614
0.002407
0.009575
0.001047
0.008402
0.007603
0.002631
0.001776
0.007547
0.004569
0.006913
0.006589
0.006422
0.004433
0.001014
0.007732
0.007542
0.009995
0.006073
0.007681
0.002608
0.007397
0.002606
0.005201
0.008323
0.002775
0.008781
0.001597
0.001162
0.002379
0.005636
0.002766
0.004776
0.005210
0.003802
0.003178
0.002813
0.006423
0.004944
0.000359
0.000993
0.001857
0.006938
0.007405
0.006279
0.007943
0.005137
0.003822
0.007937
0.001210
0.001503
0.000545
0.008597
0.004099
0.005736
0.006920
0.006864
0.004517
0.008506
0.008016
0.006885
0.004142
0.000782
0.001662
0.009342
0.004574
0.004830
0.002154
0.000998
0.009764
0.002504
0.001980
0.001621
0.009432
0.009375
0.007890
0.007374
0.004512
0.001712
0.005312
0.005711
0.003204
0.005847
0.004308
0.007293
0.001583
0.001228
0.004158
0.006089
0.009724
0.002174
0.002975
0.003866
0.002946
0.004626
0.003208
0.007510
0.009446
0.005352
0.008498
0.009210
0.007846
0.000479
0.000831
0.007278
0.009844
0.008711
0.004652
0.004355
0.000422
0.009954
0.000067
0.003617
0.005800
0.004365
0.000910
0.007373
0.005583
0.005058
0.003462
0.005307
0.007222
0.006427
0.009163
0.000168
0.001053
0.002371
0.007668
0.000500
0.007713
0.006167
0.009699
0.005559
0.006635
0.000530
0.002836
0.006479
0.009231
0.007478
0.000834
0.009643
0.007432
0.000890
0.003260
0.003232
0.005245
0.004160
0.000605
0.000828
0.009208
0.004057
0.006126
0.006430
0.000485
0.005289
0.006588
0.001528
0.007650
0.004256
0.002018
0.005363
0.000423
0.001717
0.000922
0.007048
0.002237
0.003748
0.003527
0.001468
0.001227
0.004350
0.001111
0.008649
0.005231
0.004361
0.001881
0.000476
0.008511
0.002476
0.001294
0.007719
0.006524
0.007410
0.004149
0.006998
0.002699
0.000736
0.008516
0.000349
0.004982
0.000534
0.005703
0.005395
0.002241
0.006615
0.002443
0.004468
0.000363
0.005960
0.005926
0.001580
0.000310
0.007027
0.000228
0.005531
0.001387
0.002099
0.005997
0.009888
0.004566
0.007281
0.007607
0.001089
0.004691
0.001756
0.008077
0.007380
0.002482
0.006594
0.007720
0.007455
0.007117
0.003423
0.002850
0.009348
0.000037
0.005283
0.003816
0.000391
0.001243
0.009732
0.001961
0.001543
0.006758
0.002179
0.007063
0.008136
0.004269
0.003060
0.008024
0.008824
0.000341
0.005631
0.009903
0.005022
0.007377
0.007981
0.002402
0.009849
0.004574
0.000122
0.007304
0.001692
0.003535
0.000153
0.001040
0.003562
0.005426
0.004846
0.003943
0.006659
0.004578
0.005893
0.008192
0.001336
0.008063
0.005255
0.009462
0.002331
0.008305
0.007486
0.001155
0.008636
0.003118
0.001059
0.003658
0.000495
0.009029
0.006050
0.000344
0.003604
0.006162
0.007637
0.005285
0.009687
0.007781
0.006315
0.003249
0.003207
0.001161
0.007182
0.009856
0.005729
0.003075
0.008048
0.007055
0.001138
0.003303
0.006517
0.003459
0.001608
0.004004
0.004604
0.000244
0.007111
0.005653
0.003892
0.007596
0.004683
0.009932
0.007930
0.008276
0.006094
0.005567
0.003562
0.005781
0.003348
0.009867
0.009020
0.006545
0.001028
0.006202
0.006401
