0.002652
0.001606
0.000516
0.005832
0.007396
0.000825
0.006691
0.003135
0.005903
0.007735
0.009640
0.007516
0.002942
0.006338
0.004143
0.006661
0.003225
0.001816
0.000181
0.008257
0.001362
0.007753
0.005017
0.009612
0.003518
0.005538
0.003856
0.008835
0.009344
0.006643
0.009592
0.001997
0.008239
0.000108
0.007819
0.005635
0.000923
0.004510
0.008760
0.006816
0.002244
0.008400
0.004332
0.005177
0.004738
0.008465
0.001838
0.007953
0.000282
0.002009
0.006210
0.001633
0.009752
0.001227
0.001246
0.003270
0.006755
0.005092
0.002105
0.006099
0.001735
0.001697
0.008086
0.009964
0.001795
0.005905
0.005599
0.002708
0.000415
0.004360
0.009515
0.002649
0.002759
0.003847
0.007816
0.007487
0.002312
0.009644
0.005440
0.002584
0.001654
0.001650
0.004207
0.001405
0.002867
0.005442
0.004665
0.009612
0.000534
0.006760
0.005711
0.002259
0.008447
0.003797
0.002224
0.000242
0.009692
0.007813
0.002940
0.000107
0.002173
0.002455
0.002746
0.004922
0.006291
0.000562
0.002409
0.008593
0.000207
0.007839
0.001177
0.001851
0.009479
0.005374
0.003246
0.002346
0.000816
0.007901
0.001958
0.001340
0.004661
0.007659
0.003589
0.003108
0.001456
0.005803
0.003340
0.001148
0.003616
0.006270
0.001245
0.005779
0.008714
0.003981
0.000701
0.005006
0.004533
0.003100
0.003599
0.004730
0.000940
0.004766
0.006571
0.000419
0.000140
0.009807
0.002755
0.000945
0.007708
0.004703
0.002276
0.002369
0.002362
0.005855
0.005466
0.003808
0.001658
0.008796
0.004946
0.005264
0.005065
0.006181
0.001043
0.003780
0.000162
0.001735
0.008775
0.004686
0.004825
0.002374
0.009406
0.005755
0.007130
0.005977
0.006164
0.007260
0.005784
0.008909
0.008195
0.003491
0.003612
0.000471
0.005850
0.005965
0.006316
0.001316
0.009763
0.007964
0.000112
0.004709
0.003229
0.005168
0.000890
0.004262
0.008937
0.001042
0.005987
0.007712
0.005718
0.000812
0.000087
0.005124
0.006557
0.007207
0.001100
0.002721
0.004467
0.006874
0.001630
0.002662
0.000365
0.005232
0.003123
0.006205
0.001197
0.009429
0.007512
0.000960
0.007393
0.007614
0.005659
0.000622
0.002781
0.006539
0.004874
0.001719
0.007572
0.000861
0.009421
0.003289
0.001662
0.009498
0.008403
0.008209
0.006705
0.009493
0.000929
0.001172
0.006367
0.002549
0.003824
0.006722
0.007771
0.006937
0.002928
0.008958
0.006366
0.000439
0.009908
0.003759
0.008043
0.005567
0.004371
0.000825
0.002106
0.009235
0.002533
0.009668
0.000095
0.001955
0.002957
0.001748
0.001452
0.001360
0.009947
0.008147
0.000854
0.000876
0.009309
0.007211
0.003415
0.003133
0.003934
0.001187
0.000070
0.006851
0.000145
0.006426
0.007281
0.000053
0.000185
0.005324
0.005611
0.004546
0.006139
0.007707
0.003780
0.008662
0.007375
0.003866
0.000617
0.000332
0.005603
0.002060
0.001683
0.005550
0.000207
0.002526
0.006416
0.009506
0.009727
0.009821
0.002639
0.003661
0.001008
0.002699
0.000512
0.001143
0.009115
0.007783
0.001186
0.009289
0.003107
0.006786
0.003835
0.009236
0.004493
0.007605
0.007899
0.001868
0.001471
0.008506
0.002190
0.007064
0.000565
0.003863
0.002614
0.000762
0.006379
0.009020
0.000268
0.006107
0.008841
0.002897
0.009758
0.009838
0.005586
0.000270
0.000981
0.004701
0.008043
0.002156
0.003990
0.001151
0.008933
0.007815
0.000387
0.003426
0.005420
0.008276
0.005284
0.006881
0.006782
0.007465
0.003945
0.007337
0.001327
0.006549
0.008090
0.007697
0.005569
0.008348
0.003804
0.004410
0.001246
0.003562
0.004248
0.006822
0.003822
0.005218
0.001523
0.001865
0.007365
0.005503
0.003006
0.006298
0.003318
0.003384
0.009714
0.008729
0.001660
0.004998
0.005610
0.008432
0.002463
0.009545
0.005769
0.003780
0.006095
0.003859
0.001477
0.001664
0.002207
0.005271
0.006063
0.003443
0.008822
0.000311
0.000264
0.002644
0.005520
0.001777
0.004499
0.002885
0.007270
0.007496
0.009172
0.000589
0.000879
0.008886
0.009308
0.002529
0.003884
0.004918
0.000961
0.006337
0.004463
0.006720
0.000117
0.000557
0.000579
0.001583
0.002211
0.002776
0.006844
0.008264
0.006208
0.005666
0.008565
0.006463
0.008300
0.004085
0.008230
0.002799
0.006960
0.005500
0.000295
0.006132
0.006079
0.001164
0.005018
0.005387
0.003683
0.008892
0.000305
0.004634
0.005229
0.004757
0.001354
0.005335
0.005305
0.001923
0.006909
0.007506
0.004688
0.003753
0.005770
0.000897
0.009409
0.004336
0.007349
0.007709
0.008411
0.005579
0.000508
0.005371
0.001080
0.000793
0.001503
0.007149
0.001947
0.006511
0.002536
0.005621
0.005403
0.002831
0.000254
0.000632
0.007578
0.001598
0.005957
0.002883
0.003511
0.002866
0.000389
0.008189
0.006609
0.006150
0.009076
0.006018
0.000486
0.006425
0.003726
0.008887
0.002005
0.004225
0.004257
0.003074
0.005008
0.005750
0.000224
0.006945
0.002260
0.002750
0.002566
0.007653
0.005571
0.002810
0.008275
0.003149
0.004398
0.004232
0.006022
0.007899
0.007088
0.006401
0.006088
0.003697
0.002551
0.005163
0.009705
0.003027
0.001589
0.003431
0.001913
0.003583
0.007646
0.006160
0.006648
0.002653
0.001910
0.006861
0.009588
0.004160
0.009601
0.002154
0.001813
0.005172
0.004954
0.000088
0.008311
0.009342
0.004310
0.004333
0.007241
0.001399
0.000734
0.003328
0.005086
0.003275
0.008482
0.004790
0.006292
0.000070
0.008211
0.008195
0.003643
0.005857
0.004355
0.000291
0.008500
0.006255
0.007142
0.008089
0.000415
0.006743
0.000243
0.002219
0.001915
0.005186
0.002297
0.000226
0.004528
0.006598
0.004549
0.001769
0.007986
0.005273
0.005087
0.003072
0.008539
0.003569
0.007852
0.004831
0.003629
0.006063
0.003026
0.007263
0.001920
0.007371
0.007544
0.000421
0.003626
0.004686
0.008499
0.004032
0.001429
0.008732
0.006241
0.003335
0.003918
0.008528
0.003550
0.008437
0.005126
0.008089
0.000206
0.003112
0.003362
0.005283
0.006174
0.001901
0.008842
0.004026
0.006721
0.002471
0.000090
0.009737
0.009724
0.002000
0.007108
0.007268
0.002411
0.000734
0.001954
0.000910
0.004756
0.003374
0.009632
0.000996
0.006698
0.003550
0.009514
0.000249
0.001986
0.004640
0.008328
0.002182
0.007742
0.001690
0.007455
0.003916
0.003581
0.006297
0.007932
0.000302
0.008758
0.008012
0.000038
0.008483
0.000012
0.007136
0.005751
0.002413
0.007860
0.007696
0.003312
0.002615
0.001070
0.002944
0.003602
0.007758
0.006484
0.003116
0.007997
0.008460
0.007745
0.006325
0.000642
0.005487
0.008005
0.008087
0.009393
0.001585
0.004384
0.007325
0.001877
0.003142
0.005337
0.001905
0.001625
0.005338
0.009031
0.007366
0.007741
0.006891
0.005062
0.001054
0.009497
0.006122
0.003988
0.003098
0.003880
0.000471
0.006204
0.001876
0.008921
0.003949
0.008191
0.009553
0.009426
0.006196
0.007640
0.008819
0.007771
0.002024
0.006143
0.009638
0.005157
0.001480
0.001543
0.006772
0.006808
0.000574
0.004139
0.004550
0.007455
0.009191
0.005593
0.006952
0.005312
0.009571
0.000050
0.009182
0.000042
0.006244
0.001058
0.008953
0.000193
0.009239
0.008507
0.009609
0.005435
0.006147
0.008428
0.003206
0.008162
0.004571
0.002844
0.003319
0.006041
0.004377
0.000091
0.002850
0.004941
0.004219
0.007389
0.002396
0.003410
0.002982
0.009338
0.008712
0.002553
0.009378
0.007894
0.002585
0.005622
0.008942
0.001538
0.005805
0.008181
0.000045
0.005415
0.003617
0.006183
0.003842
0.006813
0.004344
0.008404
0.009646
0.007653
0.004445
0.004023
0.007734
0.007284
0.008954
0.001953
0.004674
0.001350
0.005353
0.007646
0.000688
0.004065
0.000199
0.000067
0.001958
0.002774
0.005679
0.000900
0.004303
0.001485
0.009071
0.004338
0.006889
0.002688
0.000521
0.000731
0.009491
0.004855
0.009125
0.009137
0.002508
0.003570
0.003160
0.000241
0.000854
0.002114
0.002184
0.005518
0.003454
0.007527
0.003164
0.004133
0.001591
0.003353
0.004190
0.003539
0.006118
0.009859
0.004430
0.000421
0.001344
0.003501
0.004749
0.008223
0.006179
0.005259
0.008944
0.005670
0.000114
0.008069
0.004807
0.002612
0.001639
0.007957
0.002843
0.002483
0.000071
0.005017
0.007991
0.003515
0.002544
0.001155
0.007638
0.004125
0.004499
0.001828
0.007654
0.000616
0.001686
0.002084
0.001027
0.003020
0.005575
0.005766
0.001243
0.001754
0.001025
0.000187
0.007413
0.001129
0.008246
0.002220
0.003731
0.009875
0.000177
0.006564
0.002358
0.000238
0.001581
0.000349
0.003743
0.004115
0.001494
0.001381
0.008230
0.005983
0.003199
0.005884
0.006589
0.004875
0.007958
0.007606
0.007885
0.003533
0.003372
0.009118
0.005277
0.004388
0.009295
0.002690
0.005507
0.007541
0.004900
0.009228
0.007416
0.005067
0.005793
0.009764
0.005295
0.007364
0.000114
0.009028
0.001479
0.001598
0.000409
0.009698
0.007571
0.003598
0.005582
0.004160
0.008463
0.003540
0.001766
0.006348
0.007063
0.005129
0.005466
0.002340
0.009506
0.004762
0.005020
0.005013
0.002303
0.009910
0.004242
0.009709
0.004977
0.000034
0.009473
0.000272
0.007388
0.009577
0.009290
0.008856
0.001175
0.009690
0.008555
0.008735
0.003287
0.004137
0.002895
0.001751
0.007667
0.004652
0.008089
0.004730
0.009770
0.003555
0.007060
0.009277
0.008307
0.002080
0.004290
0.000610
0.001990
0.008521
0.000319
0.006957
0.008545
0.009782
0.007220
0.005933
0.009359
0.006510
0.004789
0.000534
0.006200
0.003344
0.009259
0.009477
0.007471
0.002155
0.001228
0.005138
0.006796
0.009306
0.009858
0.006567
0.002862
0.006918
0.005843
0.001169
0.008988
0.000133
0.001768
0.000978
0.008644
0.002077
0.007925
0.007190
0.001859
0.005145
0.003123
0.001218
0.001655
0.007902
0.001742
0.007845
0.001246
0.001001
0.007322
0.008707
0.003146
0.008540
0.003846
0.009932
0.007846
0.003704
0.006499
0.000708
0.000622
0.002342
0.001867
0.009600
0.002465
0.003625
0.000578
0.001110
0.005692
0.008494
0.008289
0.007541
0.003639
0.001412
0.008749
0.005284
0.009304
0.000491
0.003129
0.000551
0.001482
0.000451
0.009248
0.004618
0.008981
0.003094
0.004550
0.006827
0.006788
0.001049
0.007525
0.007400
0.003381
0.009381
0.007000
0.005836
0.003006
0.007569
0.006936
0.008688
0.006062
0.005225
0.006228
0.009691
0.006627
0.004977
0.004975
0.005931
0.005457
0.008094
0.006472
0.006929
0.008535
0.005720
0.001547
0.007516
0.008804
0.006087
0.004343
0.005592
0.007126
0.001868
0.002992
0.000507
0.001249
0.009982
0.006333
0.004245
0.007551
0.003269
0.002933
0.003613
0.008484
0.009151
0.003304
0.005111
0.004128
0.008270
0.001043
0.009576
0.006364
0.007505
0.006505
0.004900
0.003225
0.008042
0.002416
0.002029
0.004129
0.006749
0.007611
0.001254
0.008607
0.000603
0.001751
0.009846
0.000585
0.008074
0.004091
0.008126
0.001343
0.007014
0.001739
0.009817
0.006165
0.005034
0.004928
0.000293
0.003304
0.005960
0.009859
0.009658
0.003465
0.006364
0.004557
0.006680
0.004406
0.006963
0.008699
0.008524
0.003712
0.006310
0.009769
0.002318
0.006903
0.001520
0.002164
0.007478
0.009584
0.006244
0.005605
0.000926
0.003258
0.007334
0.000743
0.009413
0.002368
0.005661
0.009696
0.005661
0.001622
0.009555
0.005319
0.005077
0.005919
0.009866
0.001757
0.000325
0.006829
0.000456
0.008839
0.000541
0.006756
0.008607
0.002849
0.003660
0.000127
0.005002
0.001138
0.009700
0.001247
0.006733
0.000627
0.004495
0.004066
0.001360
0.003908
0.006424
0.007011
0.003604
0.002086
0.008623
0.003160
0.007395
0.003699
0.009069
0.007261
0.005446
0.009383
0.004090
0.005892
0.008222
0.004620
0.002649
0.006830
0.007459
0.006298
0.006947
0.002461
0.007426
0.006647
0.003698
0.004159
0.007264
0.008183
0.008215
0.008614
0.002091
0.004640
0.005626
0.005685
0.006715
0.004248
0.008835
0.004110
0.007938
0.007904
0.001371
0.003384
0.007287
0.005450
0.009266
0.005509
0.000071
0.001915
0.002339
0.007520
0.008203
0.009276
0.009971
0.005629
0.005923
0.003669
0.009778
0.003187
0.001852
0.007993
0.001801
0.003933
0.002633
0.007416
0.009608
0.009338
0.001665
0.008443
0.003448
0.009592
0.006347
0.004809
0.002977
0.003634
0.000259
0.002243
0.009133
0.000320
0.004148
0.001472
0.007829
0.002351
0.000748
0.007800
0.007971
0.006660
0.001469
0.007749
0.009837
0.003311
0.005742
0.001638
0.007233
0.008365
0.009044
0.006842
0.007703
0.000709
0.005285
0.001151
0.000301
0.001632
0.005950
0.003267
0.005256
0.006199
0.005500
0.004389
0.006509
0.009638
0.005852
0.004338
0.001989
0.006590
0.002138
0.009950
0.003250
0.003597
0.007699
0.003087
0.006897
0.003441
0.004715
0.004131
0.001806
0.003759
0.000972
0.009499
0.004457
0.006247
0.000650
0.004748
0.007869
0.006590
0.008006
0.003125
0.002789
0.003506
0.007505
0.009288
0.003144
0.003356
0.003626
0.005124
0.009936
0.005754
0.005073
0.003186
0.009340
0.002772
0.006263
0.006238
0.006203
0.000978
0.000368
0.007998
0.004726
0.001331
0.007498
0.009174
0.007568
0.008138
0.003922
0.005437
0.004728
0.001927
0.008552
0.007508
0.005423
0.006056
0.006796
0.008557
0.009403
0.000422
0.003681
0.009339
0.006165
0.008744
0.002525
0.005506
0.001516
0.008778
0.001743
0.007709
0.009746
0.002102
0.005707
0.004473
0.003422
0.003205
0.003646
0.000990
0.001343
0.007558
0.006417
0.006062
0.009475
0.004968
0.003569
0.004898
0.001025
0.000365
0.003456
0.000428
0.000777
0.007127
0.009756
0.006932
0.005871
0.002281
0.002438
0.007378
0.001060
0.004171
0.005087
0.000806
0.006263
0.000794
0.005268
0.009675
0.003989
0.008905
0.000665
0.005322
0.006462
0.007072
0.001384
0.005938
0.002040
0.004943
0.000836
0.003055
0.005298
0.004282
0.003472
0.006065
0.001409
0.003229
0.002997
0.007270
0.005500
0.005425
0.004648
0.006550
0.009586
0.009724
0.007346
0.005849
0.000518
0.002614
0.005524
0.004497
0.001519
0.006179
0.009810
0.007971
0.003251
0.001194
0.003909
0.005281
0.006127
0.004735
0.008325
0.001425
0.009007
0.001798
0.007480
0.000415
0.005016
0.000477
0.007675
0.000516
0.005892
0.002323
0.007056
0.005478
0.002047
0.004402
0.001326
0.002555
0.007006
0.006840
0.007043
0.008514
0.003019
0.006852
0.006485
0.006260
0.008036
0.000394
0.001541
0.004163
0.005119
0.009856
0.005578
0.004125
0.001654
0.003058
0.004531
0.006660
0.003526
0.002206
0.007167
0.009407
0.004519
0.004223
0.004885
0.006556
0.008615
0.006202
0.009101
0.005621
0.003042
0.006144
0.004135
0.006051
0.002996
0.000620
0.002312
0.001032
0.001005
0.003842
0.005185
0.006113
0.003698
0.000763
0.000239
0.005342
0.003811
0.004759
0.002002
0.007327
0.006955
0.009159
0.006734
0.001474
0.003382
0.001620
0.008020
0.001996
0.007811
0.007121
0.007607
0.000853
0.003265
0.001742
0.006895
0.006251
0.002353
0.009196
0.007273
0.003347
0.003038
0.002458
0.009450
0.006727
0.003211
0.009679
0.002069
0.007013
0.004438
0.004061
0.004339
0.001394
0.003220
0.001074
0.002858
0.006591
0.002683
0.000878
0.008577
0.000494
0.007990
0.006185
0.001338
0.001255
0.007917
0.008223
0.007496
0.000269
0.007419
0.004769
0.003606
0.000457
0.007217
0.003057
0.007174
0.000428
0.002736
0.009233
0.007431
0.007164
0.003294
0.001770
0.008548
0.006503
0.002834
0.001406
0.003094
0.005507
0.002274
0.001672
0.005992
0.000264
0.007846
0.007320
0.001508
0.005763
0.005542
0.008994
0.006022
0.002961
0.003763
0.009618
0.003409
0.000980
0.002675
0.000583
0.001398
0.005400
0.009805
0.008819
0.002564
0.003099
0.000589
0.001112
0.009592
0.003413
0.002508
0.002687
0.008911
0.004772
0.004349
0.004902
0.005026
0.002195
0.002222
0.006525
0.007948
0.007754
0.005519
0.003970
0.000716
0.009272
0.003588
0.004114
0.000252
0.006253
0.004687
0.001640
0.001653
0.004492
0.000458
0.004208
0.007581
0.001037
0.005310
0.007174
0.004441
0.007808
0.009851
0.003351
0.002580
0.004199
0.008244
0.007596
0.006384
0.000466
0.004121
0.004332
0.008210
0.009630
0.008292
0.008916
0.008902
0.001881
0.003030
0.009143
0.008124
0.007707
0.000783
0.009767
0.002199
0.001231
0.003975
0.009770
0.002259
0.009275
0.006944
0.006689
0.007083
0.006795
0.000041
0.009653
0.000994
0.008274
0.007249
0.007368
0.008730
0.001370
0.001701
0.006940
0.001001
0.009983
0.005856
0.009892
0.001864
0.008876
0.009036
0.009978
0.006583
0.009809
0.009745
0.008771
0.001040
0.003720
0.008541
0.003288
0.002995
0.005485
0.009968
0.000078
0.002280
0.009998
0.009720
0.003264
0.008273
0.006970
0.000632
0.007003
0.008330
0.002322
0.003943
0.009321
0.002305
0.009789
0.009213
0.004159
0.008665
0.008249
0.004137
0.005248
0.008057
0.003882
0.004019
0.009087
0.007593
0.002560
0.002375
0.000588
0.008036
0.002343
0.000655
0.000315
0.002342
0.000376
0.003569
0.000614
0.007335
0.004191
0.007607
0.005665
0.006503
0.001550
0.004986
0.008798
0.001339
0.004199
0.002957
0.009995
0.002447
0.007084
0.005243
0.000504
0.000967
0.009252
0.009581
0.008549
0.001812
0.001957
0.009127
0.009838
0.004290
0.009772
0.000153
0.006622
0.000148
0.003712
0.007226
0.007473
0.007893
0.004833
0.003138
0.004396
0.006373
0.008114
0.003195
0.007702
0.002312
0.006142
0.007697
0.004749
0.003227
0.002939
0.005244
0.004183
0.002191
0.004825
0.002732
0.003993
0.006772
0.001859
0.003831
0.001062
0.001631
0.003975
0.007674
0.001769
0.007677
0.004900
0.009231
0.005570
0.009722
0.002369
0.009957
0.006095
0.000483
0.003152
0.003797
0.002785
0.009284
0.001494
0.007524
0.002510
0.004424
0.002768
0.006684
0.006605
0.007583
0.009406
0.000598
0.004355
0.001265
0.004419
0.005408
0.002887
0.008384
0.003081
0.004645
0.006061
0.007971
0.003877
0.001631
0.007693
0.006236
0.001588
0.003789
0.006709
0.004730
0.007576
0.009484
0.004013
0.009060
0.007009
0.006514
0.003484
0.009767
0.003198
0.000089
0.007350
0.002604
0.000677
0.001706
0.003859
0.005086
0.007103
0.006736
0.003470
0.000185
0.001381
0.009521
0.008146
0.005248
0.001152
0.005839
0.001484
0.002730
0.009618
0.008183
0.007450
0.007194
0.007667
0.001463
0.006254
0.004675
0.007967
0.009729
0.004442
0.001165
0.009807
0.001793
0.003758
0.000484
0.003488
0.007608
0.005560
0.000592
0.004343
0.009020
0.000766
0.005714
0.008541
0.008902
0.000962
0.009683
0.004741
0.002436
0.002413
0.004358
0.000618
0.009853
0.001552
0.008275
0.001316
0.007797
0.002951
0.009273
0.007525
0.007383
0.000437
0.007333
0.009165
0.004186
0.007807
0.002654
0.001793
0.003367
0.003235
0.006126
0.002387
0.003991
0.001841
0.000928
0.002893
0.002793
0.000610
0.007624
0.005218
0.003013
0.001982
0.005827
0.002866
0.003524
0.004102
0.004172
0.001321
0.007043
0.003444
0.008836
0.004426
0.003871
0.006169
0.003591
0.008047
0.003976
0.006235
0.009830
0.007332
0.009460
0.005956
0.009709
0.003452
0.007787
0.000637
0.006335
0.000580
0.001237
0.003958
0.005788
0.004240
0.005930
0.001614
0.007096
0.009445
0.005706
0.001268
0.000766
0.002749
0.004702
0.009593
0.007165
0.008563
0.005762
0.000756
0.006610
0.009727
0.006981
0.006440
0.007060
0.006441
0.002397
0.006769
0.009882
0.000184
0.007396
0.006217
0.000753
0.008623
0.000175
0.006531
0.002863
0.006096
0.008136
0.009949
0.005541
0.003842
0.001217
0.006297
0.006581
0.005909
0.005889
0.003746
0.004473
0.001651
0.004491
0.001083
0.001378
0.001472
0.007513
0.008428
0.007903
0.009900
0.005197
0.007785
0.000084
0.002592
0.004002
0.000827
0.001215
0.004167
0.007348
0.004069
0.000263
0.005484
0.004018
0.005794
0.009316
0.005225
0.002090
0.005897
0.001135
0.007970
0.009633
0.005597
0.009611
0.004124
0.006670
0.000989
0.005586
0.004183
0.009407
0.003489
0.004084
0.004603
0.001274
0.004157
0.007186
0.005266
0.004975
0.008391
0.009423
0.002323
0.002460
0.009676
0.007797
0.006468
0.005469
0.007113
0.001693
0.007550
0.003010
0.002818
0.005520
0.002643
0.008405
0.005130
0.006757
0.005075
0.006109
0.002343
0.009249
0.005516
0.005821
0.003332
0.000119
0.007085
0.007480
0.007295
0.002351
0.002454
0.005686
0.001774
0.004767
0.008136
0.001449
0.002564
0.004604
0.006909
0.009667
0.006287
0.004458
0.002677
0.009095
0.009968
0.005310
0.007501
0.005098
0.002067
0.002576
0.001208
0.004399
0.001825
0.006714
0.000221
0.005147
0.006823
0.007296
0.002627
0.004118
0.009637
0.005072
0.009794
0.001411
0.009829
0.007930
0.002850
0.002394
0.002534
0.009749
0.002061
0.008812
0.004207
0.004728
0.007907
0.004175
0.000038
0.005408
0.009264
0.002095
0.007974
0.000471
0.006485
0.009789
0.007175
0.006695
0.004936
0.003998
0.003992
0.007553
0.008106
0.003628
0.002625
0.007900
0.005029
0.002454
0.005830
0.007869
0.004838
0.008354
0.007617
0.006889
0.007166
0.001824
0.001617
0.005073
0.005989
0.001645
0.000481
0.005253
0.003730
0.008444
0.005714
0.000215
0.008233
0.002889
0.006900
0.003169
0.006877
0.000892
0.000723
0.004983
0.004510
0.003338
0.002883
0.009529
0.005782
0.008703
0.007398
0.000619
0.007057
0.005015
0.007498
0.004223
0.006829
0.009105
0.009286
0.002819
0.000750
0.009756
0.008062
0.004470
0.008200
0.003777
0.004675
0.006433
0.006656
0.001575
0.009593
0.003533
0.002457
0.000315
0.008506
0.006957
0.003643
0.001389
0.006486
0.009415
0.000092
0.003883
0.000034
0.007139
0.008889
0.007522
0.001362
0.005718
0.006627
0.000647
0.008527
0.007367
0.000403
0.006589
0.001837
0.008594
0.000366
0.006502
0.005027
0.007012
0.008066
0.004620
0.000545
0.000523
0.004925
0.009041
0.007470
0.008558
0.000430
0.003955
0.007973
0.000512
0.007829
0.007997
0.007641
0.006717
0.005519
0.008993
0.002435
0.002146
0.009630
0.000962
0.009503
0.000034
0.007541
0.001340
0.008617
0.007897
0.007831
0.003644
0.004909
0.005898
0.008254
0.005444
0.006411
0.003180
0.004485
0.003880
0.001738
0.004905
0.007826
0.009701
0.005408
0.005655
0.007698
0.003049
0.002372
0.003218
0.002042
0.004797
0.005354
0.001672
0.005750
0.004857
0.001696
0.003291
0.006186
0.000313
0.001188
0.004017
0.003947
0.006087
0.009905
0.002202
0.001530
0.006316
0.005371
0.006005
0.000196
0.007099
0.000910
0.008012
0.006800
0.006308
0.003667
0.004499
0.009347
0.006029
0.007706
0.001389
0.000826
0.003060
0.003051
0.006566
0.007906
0.004736
0.009847
0.004093
0.005039
0.001036
0.008100
0.008976
0.007113
0.008005
0.001178
0.008633
0.004321
0.006539
0.004638
0.004507
0.003639
0.005539
0.002519
0.000439
0.001847
0.006176
0.004928
0.001194
0.002205
0.002634
0.002572
0.003022
0.005684
0.005613
0.009578
0.003590
0.000350
0.009425
0.007673
0.005379
0.000461
0.005773
0.004355
0.007563
0.003778
0.005524
0.006196
0.008089
0.002063
0.000834
0.002596
0.005692
0.006363
0.005106
0.006121
0.008200
0.001282
0.001049
0.009383
0.003477
0.003673
0.001956
0.006489
0.009347
0.007559
0.006066
0.002938
0.007899
0.005492
0.000610
0.003278
0.005943
0.006373
0.007623
0.003506
0.000151
0.003147
0.009692
0.008230
0.005200
0.000527
0.000826
0.000892
0.006880
0.005922
0.007003
0.005080
0.007194
0.008042
0.004463
0.000671
0.001715
0.006409
0.007150
0.001062
0.003968
0.003217
0.003990
0.001866
0.008698
0.004590
0.005134
0.004641
0.000964
0.002757
0.008137
0.001105
0.005894
0.007829
0.009325
0.001094
0.008346
0.000152
0.001976
0.005226
0.006064
0.008969
0.000305
0.003258
0.007011
0.004758
0.003919
0.008716
0.001167
0.001069
0.009768
0.005124
0.004276
0.003758
0.006980
0.002974
0.008338
0.002115
0.007605
0.009292
0.004862
0.005742
0.000397
0.000756
0.003571
0.009712
0.001841
0.001916
0.009853
0.003807
0.007132
0.005917
0.002777
0.007427
0.009165
0.009778
0.002185
0.003084
0.008494
0.003342
0.004144
0.008263
0.008456
0.008410
0.002021
0.005436
0.001384
0.000359
0.007541
0.008979
0.009641
0.002403
0.004721
0.000037
0.003150
0.008281
0.009739
0.004981
0.000198
0.009592
0.008778
0.007320
0.005509
0.001554
0.004747
0.004674
0.001332
0.006923
0.007749
0.009817
0.000265
0.001892
0.008079
0.008711
0.000302
0.000100
0.004147
0.001676
0.000449
0.001688
0.000655
0.000090
0.004082
0.005366
0.000117
0.007221
0.003647
0.009846
0.002202
0.003835
0.009438
0.000979
0.001155
0.004947
0.002524
0.005892
0.009611
0.003846
0.002815
0.007360
0.003663
0.003070
0.009242
0.001742
0.001780
0.009534
0.001832
0.005918
0.001210
0.002271
0.007596
0.001855
0.002351
0.001678
0.007210
0.002458
0.008889
0.000857
0.002303
0.001090
0.004682
0.001741
0.002060
0.005827
0.006678
0.004574
0.001719
0.006289
0.008410
0.004524
0.003649
0.002073
0.007583
0.002891
0.003805
0.009354
0.002424
0.005627
0.005271
0.003624
0.007889
0.002867
0.005469
0.000240
0.004535
0.002680
0.002687
0.003423
0.003527
0.004981
0.004504
0.008199
0.006712
0.006553
0.004026
0.003390
0.001127
0.005735
0.009669
0.009527
0.000259
0.003318
0.001599
0.007832
0.006198
0.005394
0.007185
0.008613
0.001021
0.002456
0.002237
0.008900
0.005314
0.007696
0.009129
0.009838
0.000375
0.001817
0.003262
0.003893
0.006788
0.007755
0.002092
0.003499
0.004309
0.006108
0.006879
0.005426
0.001843
0.006548
0.004952
0.002091
0.009856
0.006542
0.009913
0.006054
0.001936
0.007098
0.004667
0.002947
0.009545
0.006893
0.001847
0.004859
0.004589
0.000976
0.004697
0.004955
0.002783
0.007948
0.008837
0.009560
0.005704
0.000929
0.003060
0.000012
0.007027
0.009929
0.005428
0.008860
0.006477
0.000380
0.000951
0.006333
0.006912
0.000864
0.002387
0.008838
0.007953
0.007044
0.001785
0.007497
0.003937
0.003622
0.002356
0.008516
0.004588
0.007043
0.003471
0.007361
0.004991
0.002308
0.006921
0.000695
0.003227
0.009971
0.000697
0.000254
0.009900
0.006116
0.009103
0.006377
0.006486
0.000054
0.002710
0.003398
0.000908
0.005087
0.002236
0.008851
0.002131
0.004011
0.006348
0.006058
0.007623
0.008694
0.004574
0.002211
0.005737
0.008035
0.009562
0.000729
0.000343
0.006483
0.001414
0.003560
0.006454
0.002101
0.003804
0.006354
0.008207
0.002908
0.002731
0.004693
0.002952
0.005431
0.008081
0.003850
0.000519
0.000317
0.002701
0.002640
0.004318
0.009039
0.008688
0.001941
0.007733
0.003262
0.004142
0.003471
0.001298
0.003703
0.004189
0.001631
0.000186
0.005593
0.005181
0.006630
0.007684
0.008976
0.002984
0.005891
0.001883
0.005705
0.000584
0.004825
0.001136
0.008654
0.008665
0.001645
0.008961
0.001366
0.004275
0.003279
0.000405
0.002963
0.005210
0.008128
0.006215
0.009341
0.001599
0.007503
0.003045
0.005778
0.009124
0.003221
0.001371
0.004305
0.009841
0.009045
0.003281
0.002824
0.004936
0.005154
0.008519
0.005509
0.009969
0.009645
0.004163
0.008634
0.001289
0.003124
0.009990
0.005554
0.006393
0.000394
0.008507
0.001603
0.008512
0.004722
0.000944
0.000111
0.002225
0.003979
0.005878
0.001348
0.007190
0.007239
0.005643
0.007031
0.006284
0.008914
0.009845
0.001219
0.004068
0.008364
0.006719
0.004037
0.008009
0.000882
0.002671
0.009289
0.003996
0.002661
0.004843
0.000389
0.003045
0.003350
0.001982
0.001557
0.008062
0.002917
0.001658
0.000286
0.006886
0.007526
0.001625
0.004076
0.004765
0.007258
0.001107
0.001049
0.006172
0.000952
0.002259
0.000241
0.009307
0.008967
0.004268
0.007316
0.009839
0.006929
0.006605
0.003836
0.009579
0.001448
0.004215
0.002624
0.004787
0.006187
0.004171
0.002849
0.009094
0.005819
0.003125
0.005979
0.003346
0.004740
0.000055
0.008101
0.001998
0.001152
0.009140
0.008160
0.002094
0.001399
0.008391
0.001400
0.000366
0.002658
0.008706
0.000206
0.009577
0.005311
0.004031
0.009156
0.006749
0.008236
0.001780
0.001536
0.004423
0.005942
0.004375
0.003517
0.001761
0.007491
0.009486
0.005097
0.002230
0.009531
0.003198
0.004218
0.000683
0.002338
0.002378
0.002767
0.003727
0.000769
0.004157
0.004083
0.003417
0.002864
0.004279
0.002994
0.008165
0.008300
0.002150
0.004914
0.006537
0.003920
0.006440
0.000960
0.009852
0.000815
0.004467
0.001613
0.008296
0.003953
0.006700
0.000526
0.003485
0.009887
0.004734
0.004158
0.002225
0.007102
0.006915
0.005942
0.007861
0.001072
0.000026
0.001278
0.003925
0.004295
0.004261
0.002090
0.002595
0.006401
0.006994
0.009122
0.000322
0.003434
0.000082
0.000174
0.004239
0.004539
0.001777
0.002535
0.008482
0.008467
0.003051
0.001967
0.008355
0.007775
0.006115
0.000580
0.004878
0.003030
0.006512
0.002738
0.004092
0.006528
0.004006
0.008007
0.000823
0.008257
0.000097
0.003408
0.004659
0.007081
0.002530
0.004970
0.000514
0.002601
0.005134
0.004743
0.007130
0.006901
0.007268
0.005612
0.005369
0.000319
0.007569
0.003723
0.008084
0.003684
0.004293
0.002961
0.006704
0.000805
0.005690
0.000796
0.007323
0.009686
0.008792
0.008136
0.007943
0.008879
0.001544
0.002602
0.005960
0.004063
0.007562
0.006464
0.006655
0.002696
0.001207
0.003785
0.009588
0.008464
0.009387
0.004956
0.008773
0.006956
0.008669
0.006857
0.000641
0.002962
0.009808
0.007335
0.003758
0.005498
0.008120
0.001081
0.005184
0.006913
0.009207
0.003127
0.005792
0.000751
0.005718
0.001752
0.004804
0.003280
0.008206
0.001459
0.005966
0.009402
0.005233
0.005554
0.007867
0.004620
0.000510
0.006640
0.001577
0.009169
0.003497
0.002207
0.002131
0.003305
0.009532
0.005879
0.008793
0.007652
0.006950
0.003976
0.004564
0.006156
0.007093
0.000356
0.006897
0.002811
0.002098
0.001701
0.006081
0.000304
0.003150
0.002047
0.009696
0.008373
0.007591
0.007563
0.002994
0.008090
0.004203
0.004560
0.007259
0.007690
0.006757
0.009381
0.000995
0.006289
0.005260
0.009778
0.003941
0.002209
0.003754
0.008495
0.008356
0.000847
0.008841
0.005253
0.003649
0.000939
0.006944
0.009720
0.001233
0.000094
0.001767
0.000929
0.008457
0.009348
0.008482
0.001451
0.007438
0.002685
0.006001
0.004697
0.000375
0.002758
0.004078
0.001360
0.009037
0.009328
0.001138
0.002978
0.001537
0.004882
0.001473
0.009883
0.005720
0.000315
0.005135
0.009358
0.001244
0.002079
0.009078
0.002467
0.002163
0.000845
0.003386
0.000620
0.000193
0.001868
0.002060
0.007621
0.004544
0.008051
0.002318
0.004909
0.000810
0.006386
0.006259
0.009837
0.005714
0.007387
0.002815
0.007241
0.002269
0.004279
0.007124
0.007978
0.004583
0.002259
0.007336
0.005817
0.004328
0.006414
0.008275
0.006481
0.007249
0.001661
0.007091
0.007432
0.003519
0.009141
0.005053
0.008053
0.007193
0.007361
0.002961
0.007992
0.003748
0.009210
0.007829
0.009452
0.006597
0.000644
0.006693
0.008856
0.004913
0.003817
0.006834
0.009486
0.006066
0.004170
0.005304
0.000394
0.000585
0.003578
0.006865
0.007824
0.005229
0.003956
0.005256
0.008738
0.003097
0.000309
0.006791
0.000289
0.007661
0.009742
0.008272
0.001408
0.008953
0.006101
0.000860
0.005549
0.006735
0.007544
0.004405
0.001648
0.001360
0.001239
0.001134
0.007416
0.005399
0.006428
0.007800
0.005974
0.009996
0.004664
0.003798
0.005225
0.008610
0.009044
0.003963
0.001707
0.009343
0.000754
0.001986
0.007004
0.000496
0.000258
0.008402
0.009439
0.006348
0.009253
0.004988
0.003084
0.006796
0.009383
0.004721
0.008146
0.000622
0.005845
0.005562
0.006011
0.002273
0.003362
0.001985
0.002269
0.008016
0.005773
0.007484
0.006626
0.004817
0.001447
0.008323
0.004160
0.002190
0.000309
0.001164
0.002676
0.000557
0.009556
0.002115
0.006895
0.008808
0.007093
0.009969
0.005604
0.006476
0.004690
0.003750
0.007088
0.000536
0.009302
0.003100
0.002799
0.002664
0.005075
0.005058
0.000680
0.000848
0.002542
0.007296
0.005655
0.003978
0.005619
0.009805
0.006159
0.005918
0.000969
0.008825
0.006464
0.000524
0.000940
0.003360
0.009322
0.008023
0.003328
0.004927
0.004499
0.008009
0.008667
0.001587
0.008534
0.007969
0.004677
0.001333
0.000633
0.009741
0.006381
0.001303
0.000589
0.008913
0.008589
0.006234
0.002891
0.004208
0.006039
0.009039
0.000126
0.006997
0.007864
0.006580
0.007512
0.008794
0.009930
0.006834
0.006817
0.003258
0.001761
0.001316
0.001267
0.000428
0.002893
0.009791
0.008387
0.007560
0.001124
0.009011
0.007301
0.007495
0.000314
0.007880
0.006408
0.008894
0.004114
0.009289
0.003102
0.000153
0.008328
0.003217
0.007141
0.006192
0.009787
0.004652
0.004986
0.009717
0.001486
0.001803
0.002975
0.003237
0.003109
0.004232
0.003655
0.005991
0.004023
0.002043
0.003551
0.005138
0.001053
0.000852
0.002633
0.001358
0.008722
0.009031
0.000251
0.002836
0.008319
0.003343
0.002980
0.006647
0.006550
0.000120
0.002839
0.006337
0.004763
0.007815
0.006055
0.006239
0.009608
0.009020
0.009466
0.002717
0.003252
0.003121
0.008698
0.007265
0.005154
0.002249
0.002403
0.006197
0.003091
0.005026
0.007545
0.001813
0.004057
0.007786
0.004639
0.002376
0.001129
0.007609
0.009013
0.007669
0.007719
0.001852
0.004007
0.002482
0.009658
0.000061
0.008711
0.009266
0.009071
0.008177
0.001982
0.002323
0.001299
0.000680
0.009579
0.006443
0.002919
0.001982
0.002640
0.006000
0.006998
0.000185
0.007803
0.001054
0.007961
0.002442
0.003420
0.009081
0.000051
0.002434
0.006750
0.007760
0.004276
0.000756
0.000242
0.003934
0.000807
0.008943
0.003199
0.009869
0.007121
0.005171
0.002192
0.008409
0.005841
0.001770
0.004852
0.008750
0.003742
0.007482
0.004750
0.000740
0.007657
0.002553
0.001784
0.005619
0.004984
0.005195
0.004699
0.005025
0.007618
0.001449
0.002786
0.001894
0.002195
0.003018
0.005818
0.002993
0.001961
0.009007
0.002861
0.009072
0.004178
0.005043
0.007481
0.000020
0.006803
0.002333
0.008760
0.000546
0.009805
0.003510
0.001276
0.007462
0.006052
0.003050
0.003081
0.001037
0.008235
0.007770
0.006052
0.005853
0.009209
0.008828
0.007737
0.001405
0.001846
0.003555
0.004387
0.003797
0.002562
0.007239
0.002869
0.006731
0.002282
0.000350
0.006741
0.009075
0.002672
0.005501
0.009611
0.002477
0.009001
0.000886
0.009930
0.005053
0.003926
0.003011
0.006080
0.002161
0.000781
0.002132
0.008004
0.009981
0.000960
0.005741
0.001385
0.002796
0.009287
0.005763
0.006583
0.001849
0.003001
0.009442
0.008570
0.005273
0.009781
0.005311
0.004348
0.002454
0.000811
0.003959
0.004921
0.009802
0.004835
0.004851
0.004855
0.008751
0.007852
0.000934
0.000911
0.008623
0.003057
0.008905
0.008604
0.004007
0.004646
0.009979
0.006793
0.003933
0.005742
0.003376
0.005772
0.008733
0.002818
0.004342
0.004006
0.002599
0.009642
0.008344
0.005043
0.000454
0.002303
0.009954
0.000255
0.007128
0.004805
0.005100
0.005878
0.002657
0.006024
0.006780
0.001280
0.009071
0.005685
0.009874
0.003078
0.000332
0.009853
0.009861
0.004254
0.005595
0.003237
0.000026
0.004328
0.006045
0.004358
0.008324
0.008634
0.004001
0.006669
0.003677
0.004445
0.008962
0.003632
0.004690
0.006089
0.008427
0.009780
0.001968
0.001084
0.005805
0.008738
0.002354
0.004876
0.004423
0.002228
0.007943
0.004744
0.002080
0.007804
0.008989
0.007665
0.001041
0.009005
0.001993
0.007076
0.003364
0.000317
0.005710
0.007354
0.006976
0.009378
0.001799
0.005938
0.003010
0.006479
0.002027
0.001437
0.006259
0.003985
0.002511
0.002064
0.002723
0.004855
0.006929
0.007135
0.007073
0.004873
0.001880
0.009143
0.002677
0.000869
0.006808
0.003708
0.009864
0.008791
0.000784
0.003228
0.009099
0.006485
0.000582
0.006075
0.005863
0.002371
0.002013
0.008862
0.008840
0.004030
0.000299
0.005099
0.008005
0.002800
0.007153
0.000728
0.007645
0.004082
0.007853
0.004718
0.008944
0.009723
0.003861
0.001621
0.000591
0.000669
0.005319
0.000455
0.009450
0.006094
0.003673
0.008549
0.002579
0.004245
0.004623
0.008431
0.006606
0.006626
0.007293
0.005446
0.000656
0.007583
0.000545
0.008651
0.000383
0.007688
0.009368
0.008018
0.001770
0.007221
0.002735
0.000714
0.006944
0.006586
0.002325
0.007525
0.007245
0.007635
0.007971
0.006695
0.003728
0.001644
0.005244
0.006297
0.005879
0.009857
0.004728
0.002485
0.006483
0.002022
0.007921
0.007129
0.009594
0.008456
0.005780
0.009967
0.006144
0.005148
0.007985
0.007903
0.002369
0.000720
0.008607
0.009304
0.007296
0.000932
0.006829
0.004541
0.008557
0.004800
0.001236
0.002285
0.006434
0.006470
0.008572
0.002312
0.006327
0.003301
0.004787
0.002810
0.005312
0.002708
0.009929
0.004907
0.001164
0.005709
0.004874
0.007298
0.000857
0.002858
0.005201
0.003217
0.003568
0.003808
0.002520
0.000864
0.004730
0.009339
0.005396
0.003287
0.004139
0.006622
0.005563
0.000573
0.003092
0.004135
0.002875
0.009409
0.007426
0.007652
0.002219
0.002738
0.000360
0.002148
0.007635
0.001514
0.007848
0.002508
0.008801
0.008695
0.005356
0.004002
0.001912
0.008915
0.007800
0.004422
0.009769
0.002530
0.003762
0.005165
0.005808
0.007891
0.001787
0.001370
0.008454
0.004868
0.005496
0.001329
0.004277
0.002922
0.008971
0.006486
0.005650
0.009321
0.008624
0.003284
0.000835
0.006472
0.005783
0.009626
0.005167
0.001139
0.003628
0.007069
0.000054
0.001428
0.001491
0.009813
0.003948
0.005243
0.004978
0.009746
0.003134
0.006754
0.001116
0.001588
0.001622
0.006602
0.002907
0.005889
0.009513
0.001878
0.002375
0.005163
0.001199
0.000999
0.008437
0.002023
0.007461
0.004220
0.001649
0.002628
0.005349
0.005267
0.009686
0.005392
0.006685
0.001177
0.005205
0.000633
0.006410
0.000182
0.000379
0.009534
0.006927
0.001485
0.001122
0.008539
0.008076
0.004019
0.004428
0.007589
0.005887
0.006794
0.002752
0.007075
0.007783
0.001189
0.009089
0.005244
0.005398
0.000738
0.007862
0.000747
0.005995
0.007548
0.006129
0.002680
0.008716
0.001334
0.003303
0.005126
0.001507
0.003672
0.004660
0.008423
0.005146
0.005772
0.006962
0.003223
0.009781
0.001390
0.000812
0.005668
0.008174
0.003554
0.002743
0.005957
0.004732
0.001832
0.001201
0.000131
0.002560
0.009053
0.000868
0.008545
0.006602
0.006987
0.001225
0.005318
0.008311
0.004518
0.000444
0.009808
0.008180
0.005095
0.008231
0.003326
0.000867
0.005193
0.006539
0.000648
0.006573
0.007341
0.006306
0.004748
0.000894
0.009039
0.000705
0.005617
0.000870
0.001896
0.005738
0.003420
0.000950
0.006596
0.001965
0.007542
0.003583
0.003179
0.002860
0.001894
0.007687
0.003294
0.001702
0.005867
0.008378
0.009923
0.009183
0.009235
0.005116
0.005722
0.009874
0.001689
0.003063
0.006179
0.006427
0.003947
0.005218
0.007122
0.009554
0.006079
0.009008
0.005291
0.009489
0.009948
0.001887
0.001453
0.007489
0.005460
0.004623
0.000349
0.007344
0.002310
0.003633
