0.009261
0.006935
0.006132
0.006574
0.006365
0.003366
0.009079
0.006789
0.009505
0.003996
0.006060
0.004761
0.002855
0.006088
0.005376
0.007351
0.001066
0.009431
0.005510
0.008161
0.009178
0.006969
0.002735
0.004086
0.004076
0.004854
0.008617
0.001229
0.001415
0.002645
0.004850
0.000676
0.009570
0.000982
0.007240
0.005935
0.004338
0.006319
0.002724
0.003843
0.000315
0.008774
0.008594
0.003159
0.004862
0.003969
0.000511
0.005918
0.003401
0.006011
0.004079
0.002579
0.002980
0.006804
0.006655
0.007046
0.001658
0.005272
0.008265
0.003063
0.007907
0.003115
0.003729
0.007477
0.004087
0.000969
0.003412
0.008414
0.007278
0.006126
0.002257
0.007583
0.004900
0.000851
0.000742
0.009752
0.004810
0.001243
0.005670
0.008200
0.007244
0.009739
0.000779
0.000224
0.006543
0.007424
0.007260
0.008191
0.002696
0.005525
0.001255
0.000603
0.008630
0.004974
0.008070
0.002717
0.005933
0.001482
0.001132
0.003211
0.007598
0.003379
0.000794
0.002498
0.004219
0.001526
0.002250
0.009019
0.002760
0.007910
0.007219
0.009994
0.007650
0.007989
0.000217
0.004193
0.005413
0.007467
0.002384
0.008099
0.002992
0.003629
0.008693
0.001623
0.008593
0.006763
0.004330
0.004526
0.008235
0.005451
0.007728
0.005833
0.008820
0.008512
0.008320
0.003039
0.000038
0.000570
0.002058
0.002788
0.008470
0.009268
0.002781
0.006120
0.007256
0.002989
0.000313
0.002669
0.000456
0.002687
0.000769
0.003438
0.006306
0.009451
0.005050
0.004899
0.006214
0.009370
0.009415
0.004449
0.004821
0.007142
0.000281
0.003642
0.005654
0.008592
0.006671
0.005682
0.009152
0.008719
0.008460
0.007622
0.007987
0.001241
0.003742
0.005244
0.004220
0.004045
0.007903
0.004666
0.006721
0.008662
0.008093
0.003027
0.008113
0.003144
0.007916
0.004327
0.002514
0.007330
0.008766
0.007325
0.004473
0.009037
0.000967
0.000127
0.007629
0.007628
0.005799
0.006781
0.006347
0.004259
0.004403
0.004334
0.005491
0.008134
0.009568
0.009701
0.002179
0.007471
0.004366
0.008891
0.006133
0.002460
0.001918
0.004245
0.005593
0.009823
0.008562
0.008097
0.007154
0.007328
0.005422
0.001626
0.006365
0.006379
0.001743
0.003994
0.004006
0.007532
0.000774
0.000353
0.001791
0.005167
0.004678
0.007272
0.003301
0.004246
0.006972
0.005470
0.001717
0.001338
0.004361
0.007839
0.003788
0.006268
0.002085
0.009371
0.006092
0.000647
0.007468
0.003246
0.007964
0.002890
0.004862
0.004329
0.009258
0.006595
0.008313
0.003265
0.004127
0.009077
0.003608
0.005908
0.004244
0.008276
0.003179
0.007535
0.002521
0.000151
0.003005
0.004228
0.001480
0.007356
0.002067
0.005257
0.003624
0.004142
0.004628
0.009706
0.004778
0.002096
0.002952
0.002743
0.004976
0.007803
0.007062
0.004235
0.004398
0.005375
0.007489
0.008515
0.004452
0.001097
0.004422
0.008685
0.009363
0.007592
0.006220
0.001884
0.007733
0.009215
0.006102
0.009202
0.006571
0.008159
0.004460
0.000195
0.002301
0.009078
0.009891
0.007069
0.001175
0.002842
0.009802
0.006141
0.000646
0.006864
0.000375
0.005034
0.002239
0.007854
0.003549
0.006681
0.008942
0.007961
0.005366
0.008305
0.005553
0.001586
0.000189
0.003286
0.000801
0.006281
0.002488
0.007361
0.004440
0.006938
0.007546
0.006730
0.006016
0.007437
0.003800
0.007181
0.000280
0.003602
0.003321
0.000916
0.000466
0.003687
0.005940
0.002695
0.001541
0.009479
0.009366
0.000483
0.007440
0.004732
0.008777
0.002993
0.006308
0.008956
0.006269
0.007098
0.005237
0.008747
0.004460
0.009666
0.005685
0.002006
0.006397
0.001701
0.009433
0.000196
0.008872
0.009703
0.003788
0.002193
0.000618
0.004244
0.005870
0.006548
0.006929
0.007401
0.006027
0.006294
0.007874
0.003466
0.001026
0.006651
0.006449
0.007324
0.005607
0.002718
0.004422
0.000844
0.001465
0.008872
0.000510
0.007139
0.000878
0.006897
0.008830
0.000311
0.007083
0.007702
0.000014
0.000871
0.009885
0.000622
0.005105
0.005755
0.007160
0.002034
0.003156
0.003187
0.008318
0.001030
0.006643
0.009334
0.007671
0.003092
0.006658
0.003278
0.005800
0.001080
0.004112
0.007255
0.009942
0.004612
0.004394
0.000819
0.001510
0.003224
0.001120
0.008583
0.000926
0.001123
0.009444
0.000812
0.001735
0.004549
0.006557
0.008885
0.006573
0.009703
0.002072
0.004891
0.000734
0.008705
0.004225
0.008395
0.001797
0.000883
0.001673
0.007587
0.001953
0.005775
0.004842
0.001895
0.000388
0.009226
0.002704
0.001887
0.002450
0.003814
0.000470
0.003366
0.004927
0.009904
0.004168
0.006653
0.004453
0.000725
0.005538
0.001026
0.000428
0.007600
0.005907
0.001152
0.006305
0.000132
0.009537
0.008092
0.001006
0.001210
0.005679
0.002949
0.006975
0.000521
0.004834
0.007353
0.009737
0.007528
0.009230
0.002187
0.001342
0.009691
0.005543
0.006259
0.009595
0.009701
0.002912
0.004048
0.000426
0.008440
0.005064
0.000844
0.006040
0.000971
0.001986
0.002345
0.001094
0.001523
0.000437
0.002090
0.002723
0.006106
0.005029
0.009688
0.006617
0.009853
0.007041
0.006354
0.007381
0.006272
0.008531
0.008712
0.005962
0.004074
0.004971
0.005557
0.003775
0.007873
0.009595
0.004191
0.006313
0.004659
0.005025
0.002352
0.005621
0.007001
0.004687
0.006704
0.008514
0.005114
0.008784
0.001237
0.001220
0.003813
0.000926
0.007828
0.003665
0.007957
0.004182
0.001046
0.004229
0.002713
0.009748
0.000191
0.006777
0.004720
0.005738
0.000552
0.002592
0.005333
0.004733
0.008895
0.009982
0.009748
0.001247
0.005603
0.006749
0.005924
0.002307
0.005263
0.001038
0.001091
0.006491
0.002249
0.004894
0.007406
0.000076
0.008550
0.005363
0.004248
0.009586
0.009582
0.006951
0.009334
0.009763
0.003729
0.004054
0.005501
0.004271
0.006636
0.000834
0.008993
0.005531
0.000816
0.008741
0.006769
0.006409
0.005490
0.002693
0.008706
0.000753
0.003722
0.009788
0.007233
0.005960
0.004682
0.004640
0.006027
0.003232
0.009993
0.000275
0.002818
0.009575
0.007216
0.002152
0.009338
0.000945
0.006196
0.004838
0.005206
0.002832
0.005662
0.004199
0.008353
0.006468
0.002940
0.005122
0.002877
0.008420
0.007805
0.001583
0.009163
0.001527
0.001371
0.006396
0.007477
0.006043
0.001036
0.003504
0.009265
0.001029
0.003768
0.002082
0.000604
0.000985
0.004224
0.009932
0.001920
0.000420
0.004770
0.007115
0.003242
0.000432
0.001314
0.001595
0.006890
0.004245
0.006707
0.009757
0.002664
0.004512
0.001340
0.001827
0.006029
0.002701
0.008214
0.003506
0.008734
0.009240
0.007000
0.007999
0.000269
0.000768
0.000081
0.000863
0.001743
0.004295
0.000795
0.003652
0.004705
0.005555
0.000768
0.007936
0.005977
0.002072
0.009521
0.002867
0.006307
0.006228
0.002623
0.008961
0.000740
0.003953
0.000788
0.006759
0.006644
0.008992
0.000265
0.005378
0.008232
0.007255
0.003377
0.008491
0.008013
0.003448
0.009344
0.009746
0.007734
0.000138
0.003398
0.002438
0.005683
0.004156
0.000375
0.001659
0.006218
0.009886
0.004516
0.002525
0.006114
0.007129
0.001486
0.006844
0.001083
0.002264
0.003603
0.007717
0.001256
0.003858
0.003095
0.009478
0.001113
0.006462
0.007969
0.009115
0.009901
0.007312
0.008861
0.007634
0.007441
0.002259
0.000073
0.003123
0.006405
0.000437
0.004773
0.002624
0.000323
0.009279
0.005138
0.006427
0.006408
0.006614
0.003271
0.007481
0.008868
0.006864
0.005198
0.000125
0.000722
0.008283
0.009593
0.001824
0.004745
0.007562
0.000940
0.004646
0.004874
0.009791
0.002281
0.002315
0.002050
0.002343
0.005428
0.008446
0.002771
0.000201
0.001069
0.003084
0.009470
0.006198
0.009501
0.005878
0.002812
0.002772
0.003359
0.001680
0.009626
0.008546
0.001795
0.000348
0.006829
0.001388
0.002162
0.001575
0.008940
0.003091
0.006211
0.003814
0.002882
0.008482
0.006119
0.004923
0.000825
0.001547
0.003369
0.003586
0.001738
0.004428
0.006660
0.001208
0.000626
0.006161
0.007076
0.003428
0.008923
0.000435
0.005098
0.008549
0.008971
0.006883
0.008887
0.005801
0.008261
0.001049
0.007365
0.007201
0.004130
0.003577
0.001015
0.007002
0.002058
0.007124
0.001925
0.002873
0.008661
0.005284
0.006449
0.000399
0.009702
0.003109
0.001598
0.000327
0.009260
0.008664
0.003745
0.008183
0.009089
0.008833
0.006733
0.008060
0.005717
0.005619
0.003861
0.003978
0.006658
0.001226
0.001179
0.000788
0.004793
0.002184
0.007780
0.006841
0.009298
0.009695
0.009704
0.007960
0.004979
0.006153
0.008349
0.004681
0.009252
0.009937
0.004998
0.008513
0.008600
0.008733
0.006696
0.007689
0.007566
0.003428
0.005749
0.003283
0.009038
0.009600
0.007251
0.005696
0.000826
0.008420
0.006474
0.005608
0.000604
0.004254
0.002449
0.009893
0.003949
0.002153
0.007852
0.008918
0.008297
0.006201
0.003599
0.007549
0.006138
0.008587
0.006062
0.004739
0.007320
0.002758
0.002428
0.004886
0.006176
0.008167
0.008159
0.005214
0.007766
0.005410
0.000910
0.008582
0.003830
0.007373
0.004190
0.004424
0.001627
0.006629
0.004317
0.005567
0.008773
0.002169
0.004485
0.007070
0.008361
0.008074
0.004619
0.004499
0.006660
0.000681
0.009228
0.003980
0.003428
0.001655
0.008856
0.009595
0.009812
0.007016
0.004809
0.007578
0.002425
0.005708
0.006160
0.006245
0.003082
0.000350
0.000670
0.004699
0.006969
0.004977
0.000266
0.005742
0.007136
0.004740
0.002811
0.005497
0.002814
0.007420
0.009986
0.009464
0.008091
0.009214
0.003445
0.001519
0.000869
0.002301
0.001114
0.000680
0.009307
0.005912
0.008248
0.001732
0.001621
0.004408
0.007968
0.004692
0.004748
0.008627
0.009381
0.001718
0.003604
0.009637
0.007450
0.000740
0.004377
0.000261
0.006227
0.007181
0.007671
0.006213
0.006645
0.005762
0.005427
0.000090
0.007272
0.006285
0.002381
0.008375
0.006956
0.001688
0.004288
0.005204
0.003411
0.005898
0.009603
0.001378
0.000590
0.004351
0.009996
0.009961
0.006059
0.003600
0.009598
0.003509
0.004330
0.003975
0.003760
0.000557
0.001156
0.001431
0.006760
0.007791
0.007183
0.002187
0.007872
0.004455
0.008462
0.000253
0.002830
0.005418
0.001931
0.007108
0.000622
0.005332
0.003006
0.000225
0.006700
0.003587
0.004567
0.006695
0.003548
0.000626
0.000295
0.003146
0.004124
0.004615
0.007111
0.007874
0.005162
0.008257
0.009295
0.001922
0.006049
0.006479
0.004098
0.003920
0.000934
0.002561
0.004163
0.003754
0.007969
0.006084
0.000862
0.008581
0.001416
0.003858
0.008797
0.008106
0.007435
0.003363
0.004801
0.000983
0.003979
0.005086
0.004119
0.008093
0.009691
0.001230
0.005967
0.004852
0.009477
0.005262
0.006764
0.005525
0.001741
0.000863
0.009436
0.002664
0.003413
0.003599
0.006409
0.001382
0.009673
0.007261
0.009953
0.001089
0.001119
0.008750
0.009185
0.008544
0.002113
0.003986
0.009517
0.006081
0.009063
0.003636
0.004174
0.008754
0.004856
0.000141
0.003606
0.004333
0.005393
0.000370
0.009848
0.007124
0.001223
0.009284
0.009778
0.004626
0.002883
0.006187
0.005998
0.002556
0.003448
0.005951
0.003635
0.004557
0.004701
0.002820
0.003101
0.006803
0.006796
0.002618
0.002885
0.005859
0.006244
0.007049
0.004612
0.001100
0.007179
0.008208
0.005423
0.002572
0.008568
0.005271
0.009686
0.009781
0.004555
0.009464
0.004407
0.007428
0.005650
0.000405
0.009973
0.009088
0.006345
0.003608
0.003645
0.001046
0.006417
0.006736
0.007839
0.003213
0.009344
0.000724
0.009062
0.005588
0.007762
0.003674
0.006678
0.004942
0.001882
0.002101
0.007504
0.000450
0.007362
0.007190
0.000231
0.001917
0.006653
0.004628
0.009334
0.002304
0.005023
0.009307
0.001391
0.001368
0.002915
0.005026
0.002404
0.009322
0.001762
0.000243
0.002536
0.001106
0.000957
0.001598
0.006684
0.008710
0.005261
0.003362
0.003651
0.007133
0.005452
0.001155
0.007574
0.002814
0.008335
0.007795
0.004720
0.004988
0.002423
0.004055
0.007281
0.007436
0.003362
0.008663
0.008794
0.006267
0.003689
0.001198
0.005589
0.005441
0.001432
0.008115
0.006537
0.002379
0.009703
0.003220
0.001089
0.004964
0.006572
0.004730
0.002098
0.002024
0.005875
0.009661
0.004828
0.004210
0.007456
0.009538
0.009187
0.009870
0.003593
0.006469
0.007306
0.006945
0.005132
0.006100
0.003211
0.008811
0.007288
0.008791
0.004251
0.008710
0.006906
0.000788
0.001088
0.006608
0.003998
0.002167
0.001572
0.000570
0.006887
0.003660
0.002584
0.002762
0.003321
0.007402
0.006961
0.000777
0.006940
0.006149
0.000647
0.000533
0.002617
0.007943
0.007468
0.007739
0.004042
0.000679
0.006550
0.001330
0.009460
0.000801
0.000040
0.006366
0.001579
0.001118
0.002974
0.005567
0.003275
0.004536
0.006127
0.000162
0.008186
0.008701
0.002914
0.001507
0.006103
0.009865
0.002274
0.003044
0.006014
0.002911
0.003567
0.008621
0.000854
0.001035
0.006360
0.004887
0.001704
0.002910
0.006207
0.001164
0.003701
0.006237
0.007520
0.005270
0.007345
0.000493
0.000837
0.000621
0.005019
0.006954
0.000773
0.003205
0.005655
0.003677
0.004701
0.001759
0.003542
0.006965
0.004792
0.009546
0.009867
0.008349
0.008167
0.000721
0.009374
0.004527
0.005597
0.001078
0.007427
0.001804
0.002232
0.001127
0.008031
0.009742
0.006387
0.005376
0.000235
0.007214
0.005987
0.005244
0.004167
0.006750
0.008439
0.009813
0.000427
0.003140
0.001571
0.003959
0.000105
0.006353
0.003505
0.009962
0.004703
0.001672
0.000683
0.004077
0.006189
0.006270
0.005145
0.003615
0.008064
0.007367
0.004733
0.006095
0.007109
0.001119
0.001472
0.007333
0.008323
0.007449
0.002577
0.002490
0.004199
0.001016
0.002303
0.004615
0.004146
0.003864
0.008564
0.004241
0.000218
0.002069
0.004203
0.004910
0.003730
0.004875
0.008977
0.009909
0.001145
0.004122
0.003524
0.009199
0.001489
0.008247
0.005295
0.008587
0.009356
0.006756
0.005921
0.007679
0.004205
0.008488
0.000169
0.008393
0.009494
0.002462
0.003009
0.003640
0.006316
0.001573
0.007871
0.006524
0.003631
0.002073
0.001434
0.007352
0.006939
0.000411
0.007260
0.008074
0.004523
0.000784
0.007273
0.006002
0.009021
0.002568
0.004589
0.008377
0.009314
0.000510
0.006056
0.003519
0.008988
0.006215
0.001912
0.008482
0.008668
0.004911
0.002122
0.004984
0.006473
0.009982
0.001508
0.000105
0.002056
0.002932
0.007447
0.008984
0.003333
0.004707
0.007058
0.007846
0.005481
0.004332
0.003847
0.004503
0.006889
0.008426
0.002880
0.006204
0.008926
0.008926
0.009712
0.007914
0.005141
0.001624
0.006396
0.003809
0.006525
0.008507
0.008783
0.002998
0.008489
0.000291
0.003093
0.000545
0.003213
0.000540
0.009519
0.006535
0.005237
0.006577
0.004381
0.000718
0.000909
0.008218
0.005211
0.007788
0.006644
0.008081
0.003992
0.005570
0.007006
0.003704
0.003484
0.002147
0.005318
0.009869
0.005946
0.001843
0.008376
0.004729
0.004832
0.006866
0.005010
0.007915
0.007400
0.008212
0.008445
0.006919
0.004748
0.003682
0.003497
0.009119
0.004391
0.004396
0.007337
0.009591
0.002184
0.003981
0.007672
0.006166
0.009542
0.004678
0.009860
0.003025
0.006816
0.005179
0.002895
0.002762
0.007012
0.001271
0.007481
0.001844
0.008127
0.002491
0.009749
0.005527
0.000704
0.008195
0.002447
0.005441
0.001877
0.005933
0.004560
0.006257
0.000329
0.001897
0.005849
0.002503
0.005869
0.003521
0.008659
0.005410
0.008189
0.008519
0.008426
0.005005
0.003698
0.001321
0.007757
0.000710
0.002582
0.005238
0.002544
0.000709
0.007719
0.002293
0.006226
0.008413
0.000488
0.008663
0.003854
0.002355
0.004596
0.008405
0.008602
0.004915
0.000302
0.004451
0.007408
0.006161
0.007961
0.006067
0.001571
0.006150
0.004586
0.009987
0.001155
0.008274
0.001308
0.008902
0.008974
0.003880
0.004140
0.001519
0.004579
0.001860
0.003802
0.000805
0.000273
0.004280
0.009457
0.004117
0.006624
0.004053
0.002522
0.005226
0.008958
0.002814
0.009667
0.006366
0.008965
0.007628
0.002434
0.000537
0.003778
0.007010
0.000524
0.004923
0.005284
0.001822
0.003825
0.004259
0.005692
0.007955
0.005767
0.000271
0.009805
0.009559
0.001066
0.000077
0.003839
0.000523
0.004184
0.000464
0.004567
0.006696
0.005680
0.003525
0.009500
0.005347
0.009881
0.008466
0.002975
0.002315
0.008992
0.006743
0.009315
0.009506
0.001666
0.004599
0.001328
0.005481
0.008848
0.007010
0.003436
0.004615
0.007271
0.003241
0.004174
0.008326
0.003309
0.008004
0.008839
0.007483
0.008457
0.003406
0.004179
0.004137
0.006921
0.003680
0.009474
0.006802
0.002145
0.002448
0.009107
0.001137
0.009181
0.008422
0.000643
0.000847
0.003022
0.001961
0.006319
0.001870
0.008961
0.009745
0.006475
0.006232
0.002986
0.000649
0.004558
0.006285
0.008643
0.003397
0.003768
0.007100
0.006793
0.007937
0.001237
0.003714
0.001617
0.000710
0.000516
0.003752
0.003149
0.009614
0.004880
0.002330
0.008036
0.005513
0.003167
0.001057
0.007464
0.009476
0.002917
0.006425
0.009221
0.009382
0.002657
0.002207
0.000031
0.007204
0.008482
0.008664
0.000602
0.002250
0.005764
0.007385
0.000187
0.006991
0.001099
0.001794
0.007692
0.001605
0.005536
0.000840
0.001219
0.000416
0.003160
0.009244
0.005919
0.006318
0.000302
0.003383
0.005793
0.003209
0.009798
0.005014
0.002591
0.002455
0.007211
0.002612
0.009650
0.005693
0.001276
0.000251
0.007933
0.007031
0.007626
0.008110
0.004022
0.008715
0.009894
0.001713
0.000320
0.005430
0.002544
0.001529
0.005836
0.005694
0.000773
0.001756
0.002012
0.001065
0.005129
0.007795
0.004263
0.004927
0.002809
0.006844
0.007372
0.000021
0.009446
0.007022
0.005704
0.000722
0.007263
0.003637
0.007742
0.004889
0.001747
0.001764
0.003604
0.001640
0.003468
0.003914
0.007061
0.006001
0.005433
0.002897
0.001696
0.006196
0.004643
0.003697
0.007250
0.009762
0.001493
0.001513
0.004689
0.004292
0.008347
0.002062
0.004303
0.007793
0.009074
0.009997
0.008504
0.006337
0.003634
0.006247
0.001226
0.005370
0.008001
0.004820
0.007001
0.001468
0.008724
0.004061
0.007460
0.004157
0.006949
0.009145
0.000353
0.001591
0.002843
0.007593
0.001353
0.004325
0.009096
0.006032
0.008608
0.007443
0.008084
0.002910
0.005236
0.007158
0.002907
0.003740
0.003495
0.006531
0.009977
0.004711
0.001901
0.007978
0.009521
0.008892
0.009436
0.008246
0.002953
0.006896
0.002403
0.009892
0.006041
0.002746
0.001483
0.008874
0.000339
0.002826
0.003199
0.009425
0.008848
0.001807
0.006868
0.006932
0.004707
0.002104
0.004090
0.007604
0.005835
0.007574
0.004135
0.005811
0.002285
0.006026
0.003789
0.001806
0.004918
0.003225
0.000052
0.007861
0.000120
0.002445
0.007753
0.006151
0.005180
0.009226
0.005025
0.005509
0.002052
0.008214
0.004934
0.000900
0.000021
0.001802
0.007823
0.004719
0.003896
0.001913
0.002323
0.009721
0.009477
0.006448
0.005532
0.001762
0.002475
0.009311
0.003559
0.007382
0.002536
0.003601
0.005244
0.002647
0.006035
0.002996
0.008788
0.001216
0.002222
0.003813
0.006714
0.004264
0.002028
0.001648
0.005154
0.002039
0.003440
0.002977
0.006748
0.007327
0.004879
0.009061
0.007048
0.004356
0.005509
0.002580
0.006108
0.007973
0.001892
0.009657
0.005356
0.004418
0.003258
0.000599
0.007055
0.009283
0.003586
0.005843
0.000498
0.005797
0.009646
0.007203
0.000061
0.001674
0.008841
0.005205
0.003703
0.002282
0.008172
0.000450
0.009598
0.003051
0.009501
0.006646
0.007397
0.005009
0.009217
0.003506
0.002983
0.001108
0.003163
0.008328
0.005516
0.006410
0.008918
0.002571
0.005693
0.002503
0.008404
0.006182
0.008291
0.008050
0.003384
0.008342
0.009713
0.002226
0.003547
0.003416
0.004497
0.001719
0.003856
0.004096
0.004760
0.003357
0.000742
0.002157
0.008356
0.009949
0.005653
0.001339
0.001057
0.008805
0.009657
0.006563
0.005216
0.008575
0.009124
0.000909
0.001079
0.007528
0.007080
0.009359
0.005578
0.000465
0.007701
0.005291
0.002680
0.001249
0.008697
0.007168
0.002958
0.002553
0.001263
0.007708
0.005900
0.001995
0.009855
0.004256
0.001944
0.005507
0.005585
0.002991
0.004312
0.005242
0.009544
0.009518
0.003817
0.008668
0.000427
0.004886
0.006196
0.007497
0.004245
0.001774
0.007952
0.001947
0.007054
0.000632
0.003186
0.005751
0.007789
0.006133
0.008294
0.009043
0.003841
0.004194
0.001038
0.003695
0.008440
0.002972
0.009192
0.004024
0.005953
0.003505
0.009257
0.005497
0.003023
0.003074
0.004165
0.003439
0.007950
0.000361
0.000936
0.002195
0.002125
0.008878
0.004132
0.009169
0.009500
0.007308
0.004921
0.007289
0.003441
0.003215
0.006332
0.007272
0.007399
0.007360
0.000967
0.005838
0.000332
0.000159
0.009853
0.006274
0.003654
0.009109
0.001771
0.006667
0.002183
0.005926
0.000106
0.000133
0.006278
0.001033
0.002319
0.008393
0.009900
0.006441
0.007562
0.009400
0.003749
0.002483
0.006689
0.007179
0.005688
0.003021
0.004451
0.003087
0.000381
0.005408
0.008915
0.000702
0.005557
0.008768
0.006967
0.009201
0.007877
0.008728
0.005868
0.000061
0.004654
0.005965
0.000184
0.000932
0.006987
0.002493
0.009315
0.006887
0.008924
0.006877
0.006287
0.002672
0.009350
0.002977
0.009842
0.005038
0.005988
0.004293
0.008115
0.006358
0.009691
0.007030
0.007051
0.005248
0.005798
0.004017
0.004449
0.003675
0.002745
0.000317
0.003726
0.007390
0.006272
0.003900
0.008312
0.003259
0.006383
0.007627
0.000146
0.005307
0.004504
0.006424
0.007969
0.003854
0.009391
0.007811
0.008882
0.005378
0.002104
0.006997
0.001736
0.001794
0.004026
0.008777
0.007032
0.009814
0.002794
0.001481
0.003489
0.005530
0.001789
0.007205
0.002919
0.008051
0.001105
0.001231
0.001310
0.007479
0.008848
0.001446
0.002786
0.003352
0.007860
0.000755
0.007196
0.007251
0.008556
0.006078
0.002629
0.000660
0.003075
0.004355
0.002444
0.007092
0.003132
0.009467
0.006906
0.005916
0.000948
0.000395
0.001446
0.002727
0.007590
0.004356
0.000778
0.008685
0.005577
0.002078
0.006164
0.004425
0.003514
0.008940
0.007768
0.001374
0.009685
0.004964
0.008615
0.008241
0.001042
0.001244
0.008891
0.004108
0.005589
0.001335
0.001199
0.008711
0.000802
0.008095
0.004627
0.001740
0.008479
0.006063
0.004457
0.006069
0.000419
0.005225
0.004754
0.005986
0.007293
0.000918
0.000411
0.000807
0.009848
0.008169
0.002171
0.009532
0.003133
0.000786
0.007773
0.004165
0.002020
0.006664
0.008263
0.007598
0.007990
0.009452
0.006309
0.008782
0.007546
0.000937
0.000522
0.006026
0.006990
0.004969
0.002095
0.007399
0.000195
0.006839
0.003385
0.007478
0.007747
0.003786
0.008275
0.007594
0.001955
0.000446
0.007127
0.005078
0.001222
0.004900
0.009233
0.003232
0.001564
0.007496
0.000831
0.009543
0.006947
0.007130
0.008325
0.004493
0.008056
0.008837
0.000519
0.005046
0.003807
0.002604
0.002445
0.003992
0.009432
0.005820
0.001469
0.007179
0.009597
0.009735
0.004774
0.001552
0.000181
0.001900
0.006620
0.001393
0.006790
0.005853
0.004616
0.008344
0.003348
0.005436
0.007888
0.000296
0.002566
0.006213
0.004779
0.000622
0.005050
0.005288
0.005658
0.008847
0.007881
0.008093
0.002838
0.007314
0.003914
0.004298
0.004493
0.003511
0.004032
0.009257
0.005053
0.004203
0.001157
0.001673
0.005587
0.007937
0.007516
0.000202
0.006281
0.000864
0.005628
0.004169
0.001150
0.008184
0.000381
0.005919
0.008796
0.005421
0.001206
0.004454
0.004268
0.009078
0.002548
0.007096
0.006392
0.006452
0.001394
0.000885
0.009952
0.005416
0.000141
0.005005
0.009609
0.001288
0.006668
0.005196
0.009215
0.004183
0.005388
0.005497
0.005037
0.001016
0.009655
0.006177
0.009190
0.000037
0.002096
0.007987
0.005448
0.003292
0.002441
0.009706
0.002370
0.004979
0.006802
0.008752
0.001431
0.008186
0.009626
0.001383
0.003602
0.009758
0.006378
0.003211
0.001046
0.003046
0.008397
0.000261
0.007219
0.003785
0.005748
0.002257
0.004791
0.005403
0.008424
0.003981
0.005430
0.000519
0.001968
0.000878
0.003801
0.004399
0.000584
0.006161
0.009368
0.007376
0.004913
0.000798
0.005562
0.004539
0.002171
0.009154
0.004297
0.008540
0.002365
0.005333
0.001585
0.000762
0.005584
0.008795
0.004537
0.001332
0.001052
0.009318
0.006725
0.009465
0.003300
0.002155
0.009974
0.005258
0.003022
0.003776
0.009646
0.003597
0.009927
0.009014
0.000973
0.004840
0.009803
0.006525
0.009369
0.001974
0.005679
0.003666
0.000513
0.008035
0.008988
0.002089
0.008787
0.004572
0.000884
0.003324
0.005894
0.001925
0.002642
0.002619
0.001390
0.005932
0.004764
0.001365
0.001189
0.007776
0.005131
0.000836
0.001372
0.005057
0.009840
0.002335
0.009887
0.009642
0.008850
0.009256
0.001616
0.004530
0.002921
0.002120
0.002565
0.001910
0.004199
0.001352
0.006472
0.005072
0.004666
0.002366
0.006987
0.007298
0.004975
0.008368
0.003230
0.009729
0.009723
0.004409
0.007505
0.004853
0.005235
0.008867
0.009901
0.005075
0.001202
0.009788
0.004717
0.000053
0.009043
0.006323
0.004572
0.001965
0.008433
0.007127
0.003865
0.002632
0.008469
0.000337
0.007694
0.003134
0.002693
0.004681
0.000432
0.007658
0.003049
0.003652
0.007387
0.002772
0.008050
0.004891
0.007615
0.003285
0.003758
0.007515
0.008349
0.004951
0.007303
0.003066
0.004994
0.006346
0.009380
0.009556
0.008301
0.007813
0.006683
0.002166
0.000444
0.005152
0.002493
0.008128
0.008276
0.005176
0.002809
0.008698
0.002834
0.005848
0.002349
0.000221
0.008610
0.000400
0.005102
0.006225
0.003675
0.008850
0.003740
0.002024
0.003801
0.001043
0.005081
0.008785
0.007380
0.004460
0.008341
0.005681
0.002273
0.005024
0.007837
0.002708
0.000175
0.000330
0.000836
0.008441
0.005496
0.003635
0.007139
0.008320
0.009474
0.009478
0.008531
0.008084
0.009868
0.003633
0.004308
0.003543
0.002483
0.008039
0.005557
0.006274
0.009072
0.000637
0.005059
0.006451
0.005088
0.003400
0.002132
0.007351
0.008414
0.009960
0.000058
0.008579
0.000290
0.000884
0.007020
0.005776
0.004509
0.004159
0.004096
0.003983
0.003638
0.002626
0.002066
0.003506
0.006249
0.006365
0.007038
0.008722
0.004403
0.002595
0.004996
0.003475
0.003223
0.000056
0.009916
0.008300
0.003445
0.002049
0.005651
0.001859
0.002009
0.005699
0.000439
0.002288
0.006574
0.007449
0.008054
0.001083
0.001608
0.002150
0.005056
0.005236
0.004766
0.007112
0.008732
0.001015
0.003476
0.005770
0.009727
0.007870
0.008356
0.004724
0.001345
0.001578
0.004770
0.001261
0.009868
0.008205
0.003300
0.005519
0.000064
0.005298
0.001219
0.000493
0.007577
0.007782
0.007932
0.005631
0.008855
0.009530
0.007771
0.003911
0.004766
0.002537
0.001023
0.003498
0.003542
0.004489
0.009259
0.003270
0.002359
0.007614
0.007984
0.003693
0.009182
0.002753
0.004944
0.009051
0.000958
0.008234
0.004570
0.001012
0.003532
0.005779
0.001495
0.001109
0.003561
0.009417
0.006730
0.002416
0.008947
0.004500
0.006317
0.003714
0.007027
0.007330
0.007202
0.000569
0.001819
0.006461
0.003829
0.004167
0.004075
0.001812
0.007851
0.003258
0.004555
0.002795
0.002308
0.005504
0.001029
0.006868
0.006506
0.004551
0.002647
0.007991
0.005651
0.006199
0.007409
0.002380
0.008605
0.006356
0.006871
0.004922
0.000070
0.003898
0.002252
0.007262
0.004457
0.004061
0.003724
0.008276
0.008218
0.007789
0.000089
0.006069
0.001047
0.004634
0.008853
0.003345
0.000138
0.009872
0.000213
0.006634
0.004424
0.002851
0.004625
0.000075
0.009039
0.002034
0.002445
0.007644
0.008380
0.009306
0.002566
0.008440
0.003204
0.004808
0.005702
0.007651
0.008859
0.009416
0.005927
0.007077
0.007205
0.006006
0.003146
0.008242
0.000640
0.001999
0.001587
0.000767
0.001871
0.001790
0.007391
0.006285
0.004631
0.002016
0.006350
0.003670
0.004040
0.008785
0.001314
0.002420
0.008091
0.003871
0.000860
0.001295
0.008669
0.006552
0.008936
0.007528
0.005968
0.004864
0.004605
0.003173
0.000869
0.007740
0.001415
0.001499
0.009729
0.002992
0.002257
0.001601
0.004772
0.009638
0.007876
0.009393
0.001654
0.004226
0.003063
0.005684
0.003011
0.004367
0.008094
0.001102
0.008228
0.008944
0.002387
0.006897
0.005496
0.001323
0.004425
0.001465
0.006176
0.009020
0.004628
0.007036
0.006760
0.006034
0.008525
0.006490
0.009016
0.000782
0.008081
0.003788
0.000420
0.005957
0.003181
0.002064
0.000183
0.006234
0.007739
0.003184
0.000601
0.005833
0.004276
0.008819
0.004777
0.006653
0.005716
0.000273
0.007965
0.000141
0.001728
0.004142
0.009151
0.006346
0.001177
0.005911
0.002380
0.009692
0.002401
0.001395
0.000474
0.000482
0.005173
0.000884
0.006429
0.008344
0.002938
0.006602
0.004578
0.000677
0.009776
0.005169
0.006499
0.004052
0.003988
0.001276
0.000705
0.009694
0.001539
0.008660
0.009825
0.003257
0.002802
0.008976
0.009594
0.003969
0.004887
0.001974
0.003661
0.007278
0.003359
0.004125
0.007749
0.008522
0.004999
0.004178
0.006866
0.007927
0.000780
0.001444
0.008594
0.000556
0.006603
0.005093
0.004598
0.000591
0.006359
0.005293
0.000286
0.007889
0.003954
0.000111
0.001146
0.006746
0.009077
0.000740
0.000715
0.003964
0.002704
0.004366
0.001241
0.006053
0.008481
0.008981
0.004575
0.003480
0.003158
0.001441
0.001407
0.003928
0.002875
0.009991
0.004474
0.009469
0.005084
0.009062
0.000060
0.001443
0.004355
0.000336
0.009322
0.008299
0.000437
0.000468
0.005045
0.009504
0.001198
0.005749
0.003467
0.003892
0.000115
0.004699
0.009935
0.008586
0.003680
0.004510
0.002066
0.006828
0.005941
0.003463
0.000756
0.008806
0.003454
0.005220
0.008275
0.008528
0.004282
0.008325
0.009962
0.008628
0.008651
0.009284
0.006927
0.009077
0.009742
0.001971
0.008581
0.000940
0.007710
0.002048
0.004822
0.007816
0.006737
0.004757
0.006402
0.000417
0.009257
0.008458
0.007235
0.005198
0.001921
0.007981
0.004004
0.005366
0.003201
0.002278
0.003894
0.007473
0.000603
0.003856
0.006101
0.009244
0.003140
0.003028
0.008321
0.002882
0.004989
0.006902
0.003812
0.002699
0.008940
0.008625
0.000515
0.005678
0.003382
0.006907
0.006085
0.002639
0.005365
0.003319
0.007826
0.007276
0.001301
0.001830
0.002642
0.004492
0.004098
0.006526
0.001965
0.004691
0.000382
0.008056
0.003935
0.003512
0.001084
0.002256
0.006384
0.006063
0.009148
0.000196
0.008752
0.008088
0.008811
0.009257
0.003766
0.002193
0.006164
0.009840
0.004821
0.001529
0.003160
0.002647
0.008795
0.004450
0.004467
0.001437
0.008932
0.008555
0.007953
0.000898
0.003246
0.008326
0.008944
0.007171
0.001837
0.000028
0.009417
0.008211
0.006081
0.008565
0.008397
0.004833
0.006653
0.007208
0.004090
0.000419
0.009391
0.000253
0.000259
0.004212
0.001772
0.003409
0.006849
0.000567
0.007849
0.001316
0.001994
0.006781
0.009862
0.009938
0.007669
0.003108
0.008263
0.006613
0.000279
0.000101
0.006631
0.009686
0.008302
0.002711
0.008251
0.006699
0.007534
0.004903
0.003907
0.001624
0.005312
0.003298
0.001867
0.005561
0.007499
0.003629
0.008960
0.004349
0.004186
0.006809
0.005655
0.006171
0.003590
0.005517
0.006109
0.001259
0.008615
0.004372
0.007862
0.008884
0.004463
0.004493
0.008570
0.002765
0.007194
0.006820
0.009454
0.004728
0.001724
0.003361
0.006342
0.007026
0.006649
0.008199
0.002586
0.004148
0.001829
0.001546
0.008486
0.006005
0.008345
0.004141
0.002176
0.001935
0.009648
0.008274
0.003183
0.008263
0.002647
0.001045
0.007146
0.007099
0.005528
0.005716
0.009854
0.002722
0.002536
0.009308
0.007440
0.004250
0.002669
0.003782
0.001276
0.009308
0.001981
0.003852
0.003456
0.003800
0.005388
0.001942
0.009795
0.003733
0.006074
0.001971
0.005657
0.005722
0.000245
0.008831
0.003984
0.002882
0.009866
0.001131
0.009971
0.005394
0.006837
0.009825
0.008106
0.009363
0.009134
0.005546
0.003613
0.001803
0.009318
0.004879
0.001111
0.001299
0.008722
0.004557
0.005089
0.004110
0.006489
0.004884
0.007833
0.002563
0.006844
0.003490
0.008275
0.007080
0.002321
0.002259
0.009951
0.002187
0.003380
0.009922
0.007571
0.000217
0.009748
0.005677
0.009570
0.008882
0.001223
0.003183
0.000685
0.000541
0.008053
0.001786
0.001831
0.006774
0.006333
0.006910
0.000884
0.002823
0.001794
0.008707
0.005376
0.008628
0.002197
0.003651
0.005708
0.004508
0.005900
0.005659
0.006686
0.009270
0.005581
0.004257
0.009477
0.005329
0.009924
0.009047
0.004211
0.001148
0.002231
0.004886
0.001679
0.000283
0.006662
0.003500
0.007048
0.002995
0.000410
0.007922
0.005807
0.002194
0.006628
0.001183
0.000822
0.008816
0.004824
0.006520
0.003324
0.000725
0.002179
0.009999
0.009985
0.007750
0.004256
0.009462
0.003079
0.004181
0.008509
0.007280
0.005319
0.000740
0.002166
0.006988
0.001014
0.008817
0.000488
0.008051
0.001812
0.000888
0.005973
0.007609
0.003072
0.002601
0.008783
0.003884
0.001417
0.003607
0.000404
0.004730
0.004321
0.002573
0.004730
0.004306
0.000324
0.008976
0.003769
0.003393
0.003157
0.002278
0.000673
0.008466
0.003008
0.002829
0.005454
0.004012
0.001646
0.005931
0.002063
0.003448
0.006809
0.008026
0.001058
0.009871
0.000627
0.009830
0.003755
0.002034
0.003437
0.004150
0.006754
0.007749
0.006713
0.001484
0.002055
0.007027
0.000460
0.005814
0.000420
0.003607
0.008082
0.001084
0.002073
0.001090
0.003903
0.007516
0.005092
0.005539
0.003448
0.007144
0.008977
0.000257
0.005170
0.000035
0.000128
0.005787
0.009856
0.003874
0.007810
0.003293
0.008013
0.004564
0.001042
0.004726
0.006038
0.003087
0.001753
0.006488
0.008891
0.002164
0.000095
0.006972
0.003237
0.002158
0.008052
0.007130
0.009664
0.003144
0.002669
0.003112
0.000288
0.001647
0.003359
0.005448
0.001672
0.003478
0.001235
0.001528
0.007342
0.009035
0.004811
0.005355
0.003600
0.005843
0.000081
0.009628
0.008920
0.001824
0.006116
0.007810
0.003978
0.006201
0.004782
0.007205
0.008350
0.002834
0.004335
0.008014
0.005968
0.006994
0.001126
0.006246
0.008631
0.004476
0.001694
0.000303
0.007944
0.002919
0.001821
0.005285
0.001955
0.006622
0.000640
0.005544
0.002464
0.000711
0.005172
0.001384
0.002526
0.001288
0.009184
0.006494
0.007480
0.003967
0.003699
0.005829
0.006791
0.008024
0.003843
0.002759
0.005019
0.004960
0.008995
0.003650
0.009426
0.000689
0.003943
0.007369
0.003598
0.005754
0.002654
0.005543
0.002375
0.003284
0.001087
0.004830
0.003986
0.006250
0.006204
0.006501
0.007528
0.005388
0.002995
0.005008
0.009345
0.006684
0.000837
0.006136
0.004708
0.004670
0.008885
0.009717
0.009620
0.007880
0.003366
0.009046
0.008559
0.007299
0.006415
0.002157
0.003053
0.009059
0.007690
0.005418
0.002344
0.008768
0.000248
0.006319
0.005017
0.006442
0.002821
0.002545
0.001830
0.005806
0.007543
0.001175
0.002490
0.008370
0.007300
0.007187
0.003040
0.006185
0.006904
0.002660
0.004064
0.000270
0.001706
0.002623
0.007560
0.008110
0.004771
0.000613
0.007170
0.002461
0.006021
0.009503
0.001229
0.006259
0.005823
0.006236
0.002701
0.008633
0.008771
0.004521
0.004439
0.006314
0.005685
0.006919
0.004684
0.002986
0.004106
0.007714
0.009160
0.001010
0.000374
0.003225
0.001270
0.002070
0.005838
0.008820
0.000180
0.000609
0.009423
0.007340
0.003060
0.005443
0.006843
0.004278
0.001702
0.002666
0.000514
0.004393
0.001299
0.009275
0.008904
0.005728
0.005589
0.004589
0.002646
0.000273
0.007565
0.006742
0.007977
0.006725
0.007742
0.008341
0.009940
0.009003
0.000411
0.005778
0.007823
0.000581
0.006377
0.007245
0.007911
0.009427
0.002689
0.004754
0.003705
0.004381
0.007410
0.004209
0.008765
0.008698
0.003485
0.007669
0.004426
0.009064
0.002258
0.007063
0.009327
0.009813
0.003805
0.007305
0.006539
0.001548
0.005646
0.006479
0.000550
0.006047
0.002257
0.008363
0.006618
0.008624
0.005609
0.004529
0.008050
0.008288
0.009273
0.001755
0.002669
0.006683
0.005954
0.001434
0.005381
0.009429
0.009092
0.009797
0.008493
0.001350
0.006860
0.007820
0.001164
0.000665
0.005125
0.007692
0.002202
0.000771
0.004171
0.002743
0.006807
0.006418
0.001106
0.003425
0.005042
0.006705
0.007945
0.003092
0.004993
0.007218
0.004837
0.007652
0.003900
0.000791
0.009075
0.009271
0.000220
0.008167
0.009068
0.008703
0.009508
0.005928
0.006524
0.000672
0.006583
0.001648
0.008354
0.008775
0.002409
0.002525
0.001518
0.009206
0.008933
0.002614
0.002632
0.003974
0.009309
0.000576
0.007056
0.004302
0.007784
0.001893
0.001953
0.001684
0.002675
0.001029
0.000955
0.002885
0.009186
0.000024
0.001588
0.008694
0.005942
0.008102
0.009356
0.002525
0.009740
0.007709
0.001300
0.002149
0.000234
0.002808
0.001355
0.009157
0.005413
0.003977
0.003131
0.004722
0.004543
0.000187
0.009013
0.002327
0.002070
0.000967
0.004001
0.004735
0.001985
0.004947
0.007610
0.001171
0.004960
0.009188
0.009855
0.000902
0.007289
0.009211
0.003417
0.007029
0.006920
0.004708
0.009168
0.007144
0.007506
0.000523
0.006301
0.002919
0.004490
0.009422
0.007630
0.009023
0.009599
0.006644
0.001350
0.001669
0.007600
0.005341
0.006394
0.009575
0.000288
0.004004
0.000747
0.005239
0.003191
0.000602
0.006131
0.000481
0.009802
0.009539
0.007500
0.006722
0.004246
0.006668
0.003867
0.001752
0.007181
0.000167
0.004661
0.001671
0.009579
0.002291
0.000694
0.009178
0.008925
0.002035
0.000847
0.006525
0.007366
0.007231
0.006100
0.007644
0.001235
0.006837
0.002883
0.004416
0.007428
0.009004
0.004887
0.007231
0.008542
0.002387
0.003953
0.002789
0.009045
0.007810
0.004531
0.006226
0.007967
0.009182
0.007887
0.007547
0.001473
0.008572
0.006725
0.000398
0.000606
0.007562
0.006912
0.007962
0.004793
0.003013
0.005606
0.006018
0.009839
0.008479
0.000434
0.007268
0.007483
0.005311
0.004498
0.006025
0.007688
0.008442
0.008804
0.006733
0.006251
0.003335
0.002959
0.004219
0.002516
0.000846
0.001765
0.003979
0.009408
0.008480
0.004367
0.000014
0.006042
0.001279
0.007967
0.000835
0.004282
0.003573
0.006844
0.004121
0.002052
0.007268
0.001389
0.009525
0.002579
0.005877
0.005550
0.000267
0.004319
0.004354
0.006990
0.000570
0.007679
0.009939
0.004779
0.000195
0.000786
0.006534
0.004164
0.000194
0.005014
0.008521
0.000198
0.001056
0.009790
0.008155
0.001882
0.004072
0.001728
0.008715
0.008183
0.003771
0.005983
0.009562
0.003296
0.008552
0.005440
0.008836
0.008810
0.009749
0.003190
0.005800
0.000319
0.000869
0.005739
0.005088
0.001054
0.006515
0.001623
0.005208
0.006699
0.006627
0.003729
0.006887
0.007673
0.003519
0.005042
0.009545
0.007582
0.006760
0.008261
0.005765
0.000531
0.004244
0.005327
0.003816
0.002797
0.000767
