0.009263
0.002468
0.005575
0.001136
0.000500
0.009235
0.000839
0.008719
0.007446
0.003224
0.008204
0.002743
0.008786
0.008099
0.003450
0.009388
0.001094
0.006012
0.008959
0.001706
0.008769
0.001039
0.004241
0.005920
0.000754
0.008030
0.002521
0.005736
0.009007
0.001261
0.008493
0.008270
0.003719
0.004068
0.009396
0.004210
0.003303
0.000235
0.002929
0.000749
0.003449
0.001132
0.003482
0.002234
0.009222
0.006923
0.001622
0.000315
0.002934
0.000581
0.002011
0.001703
0.001610
0.006242
0.007613
0.002353
0.004272
0.000134
0.008079
0.003279
0.001385
0.006573
0.001549
0.005095
0.000641
0.000945
0.009294
0.003934
0.001170
0.002223
0.004673
0.004608
0.003345
0.008146
0.006832
0.002567
0.005068
0.008445
0.002873
0.007993
0.009015
0.004874
0.009686
0.000625
0.001116
0.007299
0.002968
0.005378
0.007422
0.001047
0.008647
0.008798
0.007610
0.000197
0.003892
0.008241
0.001132
0.003186
0.002175
0.002291
0.005399
0.006838
0.006890
0.008735
0.004984
0.003722
0.001302
0.000052
0.002167
0.004165
0.008035
0.001182
0.009028
0.007721
0.001797
0.000144
0.005019
0.004755
0.005512
0.002442
0.005793
0.004160
0.001239
0.003403
0.004346
0.005122
0.001644
0.005468
0.008298
0.003808
0.007749
0.003698
0.000647
0.004639
0.002432
0.005621
0.008351
0.003724
0.005663
0.000518
0.007879
0.003699
0.001690
0.006907
0.001419
0.003477
0.007041
0.006428
0.008222
0.002553
0.008860
0.004015
0.006703
0.000099
0.007407
0.001049
0.005211
0.009041
0.006507
0.003509
0.002849
0.004257
0.007197
0.003486
0.008886
0.009619
0.009097
0.007237
0.003343
0.004761
0.007744
0.001222
0.008449
0.009424
0.008119
0.009858
0.002900
0.005160
0.006287
0.001122
0.007703
0.005147
0.005127
0.004406
0.005236
0.002534
0.005445
0.000447
0.001575
0.001952
0.003946
0.004414
0.006199
0.001143
0.007890
0.005084
0.000762
0.006988
0.002321
0.004095
0.001748
0.000065
0.005307
0.000198
0.009479
0.003426
0.000056
0.002379
0.008576
0.006333
0.003492
0.006279
0.001479
0.008608
0.000684
0.006705
0.001143
0.006119
0.007142
0.002707
0.008061
0.001089
0.007112
0.004260
0.002221
0.005002
0.009334
0.002973
0.001990
0.001655
0.007058
0.003728
0.001711
0.002366
0.003916
0.001189
0.005781
0.003962
0.003559
0.004357
0.000295
0.007040
0.000636
0.001764
0.005649
0.001310
0.008459
0.006781
0.007419
0.005602
0.009479
0.005480
0.006680
0.006591
0.009730
0.008892
0.001593
0.009065
0.001865
0.003573
0.000720
0.008914
0.007291
0.002421
0.001279
0.001207
0.003600
0.007051
0.005159
0.007149
0.001408
0.005444
0.004189
0.002034
0.007198
0.009828
0.003334
0.005658
0.006609
0.000753
0.001260
0.006088
0.006223
0.007930
0.002679
0.005953
0.006822
0.004261
0.005018
0.008677
0.007824
0.005728
0.007591
0.005115
0.008139
0.008860
0.006312
0.001739
0.005911
0.001472
0.008878
0.007309
0.006906
0.003067
0.009333
0.004104
0.002895
0.002667
0.009752
0.009495
0.003410
0.001012
0.005583
0.009623
0.008932
0.008252
0.005576
0.005753
0.002513
0.000594
0.004431
0.000338
0.006312
0.002022
0.005443
0.004451
0.000882
0.001755
0.006180
0.006783
0.003217
0.005057
0.004092
0.000123
0.008115
0.003425
0.004217
0.001010
0.006082
0.003969
0.000505
0.009482
0.004971
0.006078
0.009105
0.003902
0.004330
0.004681
0.009646
0.006834
0.005265
0.004077
0.007161
0.001577
0.006088
0.002604
0.006017
0.006960
0.004349
0.002197
0.003743
0.007556
0.007244
0.007826
0.007670
0.005359
0.001251
0.001887
0.006359
0.007324
0.005846
0.006854
0.006806
0.000817
0.002932
0.005910
0.004710
0.007252
0.000591
0.004355
0.004086
0.005846
0.008422
0.001247
0.007413
0.004510
0.003841
0.003431
0.001470
0.008180
0.005618
0.005204
0.005737
0.002862
0.003029
0.003407
0.008211
0.004271
0.005283
0.004570
0.001594
0.001130
0.001424
0.008390
0.001937
0.004346
0.004300
0.006637
0.001599
0.004882
0.000992
0.005674
0.000728
0.009404
0.006911
0.008131
0.003914
0.000753
0.001561
0.005375
0.008923
0.007169
0.000578
0.004660
0.000031
0.003598
0.008056
0.008232
0.007858
0.003340
0.002802
0.009442
0.004460
0.004216
0.007832
0.006387
0.008552
0.002132
0.003023
0.000151
0.007004
0.004005
0.005815
0.007722
0.003409
0.002726
0.005853
0.007314
0.003469
0.007404
0.002688
0.002392
0.004573
0.003256
0.007042
0.004594
0.006844
0.005098
0.002826
0.004702
0.008428
0.005617
0.004145
0.002888
0.009823
0.001977
0.009264
0.008375
0.004099
0.002287
0.008516
0.001103
0.006283
0.004331
0.008814
0.009682
0.007047
0.004667
0.006996
0.000516
0.002071
0.009674
0.002898
0.006634
0.002930
0.009929
0.001227
0.009764
0.005027
0.004043
0.004467
0.003455
0.009650
0.008601
0.006333
0.009473
0.000578
0.005597
0.007848
0.004666
0.007874
0.006364
0.005759
0.004157
0.000694
0.004573
0.003839
0.007731
0.009230
0.000834
0.008237
0.001301
0.000508
0.001135
0.007924
0.003428
0.001064
0.009142
0.003192
0.006081
0.003185
0.007649
0.009526
0.002835
0.006250
0.005859
0.002308
0.006818
0.001455
0.000156
0.001484
0.009320
0.006510
0.007233
0.003476
0.007195
0.001807
0.007305
0.004926
0.001037
0.008129
0.003163
0.002327
0.008627
0.004288
0.000252
0.002055
0.005342
0.009383
0.005238
0.001422
0.002568
0.002886
0.000948
0.005392
0.009126
0.006797
0.007690
0.005944
0.008243
0.007837
0.007418
0.007562
0.004347
0.004652
0.001039
0.001542
0.006448
0.008334
0.006458
0.007475
0.006463
0.009611
0.009792
0.005090
0.003899
0.000043
0.007135
0.009230
0.009417
0.002373
0.000653
0.001984
0.005249
0.001591
0.007367
0.004376
0.008378
0.005057
0.000320
0.006621
0.002894
0.007728
0.004183
0.007231
0.002380
0.005212
0.008762
0.008818
0.003545
0.005220
0.006292
0.009998
0.004831
0.006084
0.005088
0.008720
0.006117
0.002223
0.007950
0.005534
0.004586
0.008593
0.007509
0.009825
0.000184
0.004875
0.004200
0.008552
0.009922
0.004510
0.005173
0.002816
0.002238
0.009346
0.000047
0.004608
0.004558
0.008799
0.003425
0.008093
0.004019
0.009708
0.008090
0.008840
0.005792
0.003178
0.007559
0.001909
0.005391
0.005509
0.007433
0.009967
0.004102
0.004942
0.009791
0.004275
0.009807
0.003992
0.002828
0.009729
0.008492
0.007991
0.002546
0.000730
0.007337
0.002582
0.005327
0.001894
0.001381
0.008743
0.009977
0.005390
0.008450
0.008067
0.004229
0.004242
0.001245
0.001789
0.006141
0.006626
0.007288
0.003574
0.006593
0.001389
0.008506
0.006384
0.005655
0.008313
0.000376
0.008472
0.008042
0.008857
0.006463
0.000588
0.009577
0.003800
0.003160
0.004904
0.005684
0.004531
0.003647
0.005661
0.009911
0.002097
0.003728
0.004141
0.006329
0.004963
0.005919
0.002470
0.001590
0.003207
0.006034
0.008173
0.004586
0.004540
0.004557
0.000241
0.002853
0.004923
0.008703
0.000895
0.003780
0.005166
0.001473
0.003357
0.008956
0.004623
0.008251
0.004639
0.009144
0.001898
0.000300
0.009056
0.003986
0.004018
0.003196
0.000315
0.008972
0.009106
0.002775
0.000562
0.002312
0.008800
0.008724
0.006889
0.003340
0.003281
0.007119
0.006183
0.008194
0.005823
0.007068
0.001973
0.000989
0.008531
0.005320
0.009934
0.003154
0.003571
0.004574
0.002299
0.005459
0.004864
0.001354
0.009435
0.008872
0.004541
0.009740
0.007844
0.003646
0.002515
0.008395
0.005949
0.001315
0.007120
0.002837
0.004645
0.000401
0.009947
0.000827
0.008584
0.005770
0.007885
0.000558
0.006748
0.006416
0.005868
0.006682
0.009561
0.009429
0.001256
0.001859
0.004889
0.006110
0.003204
0.004324
0.004982
0.007735
0.004064
0.002826
0.001381
0.006569
0.001221
0.007320
0.007874
0.008330
0.000157
0.002519
0.008721
0.000104
0.003336
0.007306
0.005864
0.001222
0.007854
0.002612
0.007628
0.003722
0.009284
0.007189
0.003151
0.000540
0.009038
0.008030
0.006640
0.002242
0.002354
0.001622
0.009967
0.006408
0.004438
0.001348
0.002977
0.005649
0.008658
0.000851
0.003979
0.008805
0.003360
0.002700
0.008899
0.006687
0.009996
0.004763
0.007899
0.007849
0.007365
0.005527
0.001571
0.006649
0.002715
0.004712
0.007180
0.001754
0.002742
0.003820
0.003986
0.005085
0.005432
0.003952
0.001493
0.009860
0.005290
0.004460
0.005508
0.003948
0.005301
0.009478
0.002753
0.008652
0.002178
0.001653
0.005339
0.002174
0.006406
0.003237
0.000023
0.003771
0.008754
0.001584
0.000421
0.001469
0.006286
0.007590
0.003213
0.009018
0.001410
0.007189
0.004104
0.006832
0.001141
0.005586
0.006692
0.006421
0.000046
0.002200
0.000369
0.005338
0.001678
0.003112
0.003989
0.003846
0.004755
0.009318
0.006009
0.001161
0.002555
0.006023
0.004922
0.001309
0.007597
0.005332
0.002769
0.003883
0.002923
0.005972
0.002902
0.004323
0.003160
0.006995
0.001155
0.004291
0.002582
0.007837
0.000713
0.002618
0.000037
0.001072
0.007946
0.001705
0.004174
0.001935
0.005541
0.008919
0.001253
0.001550
0.000080
0.003799
0.007563
0.004992
0.005098
0.005160
0.000324
0.007857
0.009033
0.003237
0.003829
0.001935
0.007550
0.006979
0.008920
0.008695
0.001270
0.001502
0.006532
0.001973
0.004110
0.006559
0.003035
0.002055
0.008254
0.007199
0.003981
0.003795
0.006119
0.005224
0.005335
0.006189
0.009013
0.002898
0.001180
0.004111
0.008048
0.001495
0.001968
0.007081
0.004722
0.005787
0.009006
0.002272
0.002766
0.007926
0.000966
0.004026
0.009418
0.007488
0.005989
0.003528
0.004047
0.009015
0.005573
0.002301
0.006214
0.009544
0.006086
0.002332
0.004768
0.001421
0.008511
0.003781
0.004309
0.009682
0.007882
0.002357
0.001176
0.009840
0.009429
0.005888
0.005626
0.008435
0.008150
0.008382
0.006361
0.009106
0.002409
0.005779
0.006594
0.008388
0.009297
0.000641
0.007403
0.004870
0.002932
0.003617
0.004414
0.009008
0.005939
0.009172
0.000429
0.004450
0.002952
0.004728
0.004132
0.000834
0.007076
0.005298
0.000674
0.006504
0.001186
0.006290
0.004939
0.009326
0.004673
0.001301
0.008432
0.007071
0.007070
0.005026
0.005459
0.006367
0.005657
0.002862
0.001237
0.008579
0.006469
0.005641
0.007587
0.002408
0.004813
0.008006
0.006848
0.007756
0.002734
0.000979
0.008580
0.009800
0.006267
0.009244
0.006304
0.007444
0.005534
0.001244
0.006769
0.000207
0.002534
0.005202
0.007268
0.009594
0.000228
0.002727
0.005962
0.005875
0.005580
0.007189
0.004454
0.002048
0.002830
0.002041
0.004446
0.007633
0.000047
0.001294
0.005389
0.002772
0.002263
0.003969
0.002571
0.008520
0.003212
0.008865
0.005964
0.008736
0.000109
0.002734
0.008933
0.002634
0.007925
0.006201
0.002228
0.008143
0.008918
0.008180
0.004018
0.004498
0.005368
0.008462
0.006536
0.008189
0.000503
0.000982
0.005822
0.000541
0.002266
0.001211
0.003302
0.004519
0.005169
0.005864
0.003039
0.008372
0.004729
0.008993
0.007108
0.004828
0.001727
0.006041
0.007452
0.009642
0.002241
0.009670
0.007784
0.001159
0.007849
0.001802
0.005647
0.003218
0.000264
0.002183
0.001406
0.000758
0.003155
0.007218
0.001288
0.005411
0.008419
0.004581
0.009919
0.003588
0.000444
0.002958
0.001960
0.005163
0.001951
0.009058
0.009981
0.003668
0.005098
0.007433
0.003310
0.007330
0.007103
0.001094
0.008479
0.004953
0.002887
0.004126
0.008160
0.003141
0.006299
0.009557
0.003888
0.009445
0.006775
0.005167
0.004855
0.005194
0.009738
0.004774
0.008772
0.000182
0.007723
0.000732
0.005335
0.009664
0.009780
0.005317
0.003332
0.004878
0.002750
0.006632
0.002208
0.009843
0.007716
0.000686
0.004795
0.000603
0.004803
0.002956
0.003734
0.001102
0.002513
0.007612
0.000547
0.009278
0.002779
0.005392
0.004472
0.002517
0.000166
0.003244
0.002689
0.007879
0.003967
0.008014
0.007543
0.003746
0.003330
0.000876
0.008614
0.006070
0.007498
0.000822
0.005913
0.005214
0.001498
0.000709
0.005807
0.006291
0.003655
0.009531
0.007383
0.006157
0.007144
0.007920
0.005435
0.009913
0.003312
0.009897
0.002430
0.003468
0.003142
0.005108
0.001347
0.007098
0.003122
0.008880
0.000845
0.006442
0.009746
0.009449
0.002513
0.007244
0.000271
0.008416
0.002459
0.001759
0.009115
0.008256
0.008041
0.002769
0.007788
0.005424
0.008917
0.004931
0.003344
0.004352
0.004844
0.006645
0.004249
0.007263
0.000113
0.007381
0.002372
0.001450
0.004479
0.005484
0.000331
0.005314
0.001926
0.000077
0.004763
0.004429
0.007311
0.005024
0.002845
0.009760
0.006774
0.001960
0.008016
0.004814
0.004719
0.005804
0.000238
0.003636
0.000735
0.003571
0.007978
0.005568
0.000217
0.002227
0.002832
0.000320
0.009598
0.005193
0.001760
0.004077
0.000677
0.002081
0.009381
0.002593
0.002148
0.004144
0.007012
0.009449
0.009158
0.009846
0.009209
0.005932
0.001806
0.007225
0.000746
0.006515
0.003029
0.000974
0.000151
0.003753
0.004535
0.008118
0.009312
0.004742
0.000345
0.002144
0.005052
0.009933
0.007327
0.006802
0.004011
0.007994
0.008873
0.003392
0.000587
0.001020
0.007526
0.007588
0.000469
0.006684
0.007435
0.009668
0.002616
0.009231
0.006893
0.003352
0.005746
0.009912
0.004316
0.005887
0.003665
0.008841
0.004005
0.002977
0.003583
0.004341
0.005110
0.008624
0.004274
0.002437
0.005426
0.008274
0.000431
0.004299
0.001666
0.001008
0.005309
0.009182
0.008586
0.005768
0.005866
0.006021
0.005436
0.008473
0.005252
0.002329
0.001825
0.000998
0.002241
0.006131
0.006874
0.005896
0.004972
0.000879
0.008863
0.008544
0.005210
0.003973
0.007169
0.009474
0.006401
0.002595
0.007748
0.006822
0.006884
0.009404
0.007820
0.002193
0.008586
0.006406
0.007951
0.004453
0.002426
0.003388
0.002925
0.007668
0.005707
0.004740
0.008656
0.007938
0.000871
0.005530
0.003834
0.005832
0.006399
0.002697
0.004377
0.001609
0.006661
0.001545
0.001083
0.003061
0.004130
0.008821
0.009873
0.001014
0.008226
0.007693
0.003197
0.006812
0.004099
0.001149
0.001265
0.006515
0.004526
0.004180
0.004183
0.000234
0.008910
0.002839
0.008162
0.009771
0.008358
0.001996
0.005603
0.004758
0.004684
0.009970
0.006357
0.001344
0.001515
0.007430
0.004396
0.005635
0.006251
0.004269
0.006640
0.004477
0.001962
0.009827
0.001289
0.006050
0.000976
0.002543
0.002565
0.005492
0.006713
0.006738
0.005715
0.005623
0.009567
0.003877
0.005394
0.007925
0.005864
0.000997
0.002683
0.000547
0.000966
0.009029
0.001882
0.002471
0.006459
0.006267
0.008097
0.002710
0.000536
0.004737
0.007177
0.002487
0.004564
0.008456
0.008527
0.005529
0.000999
0.001093
0.001021
0.007703
0.007821
0.006726
0.003326
0.007387
0.000604
0.008710
0.005312
0.006458
0.009697
0.007985
0.006995
0.000663
0.007014
0.008867
0.003124
0.003474
0.005134
0.001221
0.006174
0.005659
0.005948
0.003351
0.008137
0.000511
0.001807
0.006664
0.006030
0.002797
0.007747
0.007041
0.000499
0.005568
0.003768
0.003815
0.002955
0.004361
0.002524
0.008258
0.000819
0.002221
0.006243
0.007804
0.002874
0.003257
0.006670
0.005988
0.006721
0.001804
0.007199
0.002894
0.007453
0.003147
0.006236
0.005590
0.003648
0.008033
0.002255
0.009669
0.000829
0.009992
0.006710
0.001319
0.005559
0.000478
0.005123
0.008504
0.004829
0.007638
0.006762
0.005638
0.009849
0.003005
0.003442
0.002723
0.006252
0.000112
0.008701
0.002972
0.001906
0.005900
0.005857
0.009350
0.009038
0.002093
0.004940
0.002686
0.000126
0.007185
0.002355
0.000945
0.007176
0.009055
0.002253
0.002735
0.009522
0.007367
0.001240
0.004351
0.005005
0.007992
0.009979
0.004853
0.000997
0.003421
0.007566
0.007239
0.003524
0.006267
0.000211
0.005420
0.002167
0.006058
0.004770
0.001205
0.008140
0.009700
0.003881
0.008256
0.006885
0.006226
0.009191
0.004061
0.005281
0.001444
0.006786
0.004803
0.008801
0.008016
0.009145
0.003806
0.006008
0.009124
0.008649
0.006995
0.002546
0.006215
0.004234
0.006059
0.002482
0.004435
0.001479
0.004640
0.000493
0.006239
0.005835
0.008624
0.005939
0.009706
0.006879
0.002824
0.005932
0.006070
0.006874
0.001212
0.007505
0.003661
0.006006
0.006306
0.001677
0.005150
0.000112
0.007675
0.004275
0.008751
0.004671
0.006810
0.004966
0.008895
0.002869
0.007438
0.003330
0.004338
0.002078
0.003813
0.000577
0.007903
0.002436
0.006506
0.007608
0.009306
0.009320
0.003540
0.005376
0.006194
0.004742
0.002881
0.009845
0.000748
0.009177
0.001522
0.005888
0.009279
0.009188
0.000163
0.008030
0.003858
0.006963
0.002997
0.002753
0.009822
0.000435
0.006073
0.004161
0.002503
0.009876
0.004728
0.000406
0.002312
0.001234
0.008004
0.001618
0.000554
0.001544
0.006984
0.006738
0.006276
0.009855
0.006583
0.007014
0.009033
0.008095
0.002902
0.008312
0.007283
0.003055
0.006343
0.001141
0.000018
0.009329
0.003884
0.009830
0.009754
0.009947
0.003991
0.002258
0.009822
0.008708
0.002653
0.002134
0.009932
0.000657
0.003742
0.000486
0.002191
0.000726
0.007214
0.008456
0.000582
0.003798
0.005470
0.009605
0.001893
0.008362
0.007917
0.009166
0.001417
0.004259
0.000307
0.001425
0.003589
0.004181
0.001255
0.003343
0.004127
0.005235
0.005591
0.003950
0.003943
0.008234
0.006074
0.003876
0.008881
0.009806
0.004352
0.001072
0.000532
0.001566
0.009518
0.001104
0.005354
0.004988
0.000709
0.007237
0.003350
0.008616
0.006403
0.004757
0.002875
0.006699
0.006171
0.006454
0.000880
0.007416
0.009787
0.004997
0.002651
0.005378
0.008937
0.006585
0.003611
0.005011
0.000460
0.002492
0.004817
0.004803
0.003554
0.005339
0.006359
0.003072
0.006433
0.001713
0.008050
0.007132
0.008940
0.001400
0.005748
0.005342
0.006147
0.008613
0.002041
0.002318
0.005066
0.002911
0.009724
0.004853
0.007899
0.002375
0.000231
0.006836
0.008950
0.003832
0.001847
0.009400
0.006314
0.006654
0.004203
0.009858
0.001993
0.000562
0.002930
0.008416
0.002265
0.000980
0.005549
0.001204
0.002370
0.001296
0.006537
0.008506
0.009899
0.008568
0.000824
0.004965
0.001480
0.000548
0.009808
0.009368
0.002913
0.000039
0.006204
0.001863
0.003861
0.008041
0.001264
0.000176
0.004695
0.005456
0.000034
0.006678
0.006008
0.002954
0.005094
0.008263
0.003924
0.000643
0.009458
0.006284
0.001930
0.005994
0.004790
0.001829
0.004562
0.005604
0.006784
0.006032
0.006142
0.006593
0.005400
0.009046
0.006622
0.001605
0.000909
0.000483
0.009636
0.002163
0.000649
0.004331
0.007609
0.000673
0.001009
0.003617
0.003617
0.006093
0.001881
0.007531
0.006726
0.001338
0.003815
0.008646
0.007323
0.008595
0.000475
0.001885
0.004200
0.007249
0.007907
0.000342
0.003841
0.003307
0.009378
0.000463
0.004902
0.000287
0.000936
0.004538
0.002440
0.001574
0.008859
0.000049
0.002237
0.009857
0.003656
0.005844
0.005951
0.005527
0.003376
0.002677
0.006855
0.007181
0.001323
0.004177
0.005776
0.001788
0.006052
0.009966
0.009027
0.003959
0.000308
0.002868
0.007256
0.009676
0.003321
0.002158
0.009953
0.004247
0.006686
0.002393
0.005811
0.005545
0.002431
0.008038
0.005402
0.006077
0.003882
0.001353
0.001604
0.007248
0.004020
0.008449
0.004429
0.005333
0.002626
0.000205
0.007111
0.008668
0.000171
0.006138
0.002628
0.000469
0.008995
0.009874
0.000145
0.002316
0.002032
0.000098
0.006553
0.008708
0.002481
0.002364
0.004253
0.004902
0.000402
0.009645
0.000979
0.004275
0.000997
0.002573
0.001523
0.005007
0.001021
0.005941
0.000340
0.003637
0.006136
0.007441
0.002306
0.006297
0.003579
0.004923
0.006757
0.002574
0.004797
0.006892
0.004881
0.006819
0.006980
0.001434
0.005528
0.009451
0.003788
0.009770
0.004353
0.004181
0.009415
0.005322
0.008445
0.000413
0.007885
0.009958
0.005410
0.008896
0.005900
0.005740
0.002533
0.002036
0.003182
0.004829
0.008323
0.006751
0.009743
0.005080
0.009315
0.004540
0.001972
0.004196
0.001359
0.008942
0.005620
0.006877
0.008393
0.009398
0.006647
0.002745
0.003579
0.006063
0.008057
0.002024
0.006465
0.005942
0.001982
0.001875
0.004838
0.007872
0.007606
0.007361
0.009897
0.000787
0.002191
0.008221
0.007528
0.001933
0.003301
0.006843
0.006463
0.005262
0.001040
0.007813
0.004204
0.006650
0.004690
0.002597
0.006048
0.001337
0.005332
0.009616
0.007390
0.003389
0.001640
0.003855
0.009321
0.003612
0.005721
0.004159
0.001484
0.003326
0.001520
0.001381
0.004104
0.003701
0.009592
0.001632
0.005624
0.002892
0.008465
0.002088
0.008145
0.009495
0.009891
0.002349
0.006144
0.004580
0.004935
0.002192
0.005908
0.000267
0.001808
0.003298
0.003647
0.003438
0.007143
0.002968
0.007040
0.002864
0.007117
0.008514
0.006180
0.008627
0.009885
0.000284
0.002328
0.009477
0.001906
0.007942
0.002369
0.000371
0.000030
0.000514
0.009856
0.009910
0.002853
0.006000
0.004491
0.007778
0.008182
0.000399
0.008036
0.009980
0.003687
0.001682
0.003419
0.000830
0.004640
0.000459
0.003684
0.001756
0.008963
0.009854
0.000383
0.008848
0.000138
0.002701
0.008325
0.002034
0.000643
0.000694
0.002395
0.000662
0.001198
0.002251
0.000573
0.004041
0.008242
0.005053
0.001819
0.006424
0.005442
0.009845
0.006404
0.009118
0.001527
0.009813
0.009938
0.006157
0.000272
0.003623
0.007904
0.009225
0.003477
0.008277
0.008072
0.003605
0.000978
0.006397
0.005630
0.001611
0.007081
0.008015
0.002263
0.008269
0.000266
0.002826
0.002310
0.008498
0.007869
0.004120
0.004922
0.003311
0.003965
0.001326
0.002429
0.005482
0.001139
0.002367
0.001639
0.001401
0.005980
0.009533
0.000625
0.009447
0.007810
0.008688
0.003053
0.008778
0.005085
0.008672
0.000389
0.002166
0.006687
0.002642
0.000435
0.006943
0.005458
0.002736
0.005441
0.003327
0.006846
0.000363
0.006627
0.000810
0.001679
0.009046
0.006283
0.002808
0.001414
0.007912
0.004199
0.007384
0.007445
0.004814
0.006831
0.005255
0.003502
0.009874
0.004033
0.008577
0.008546
0.004412
0.000743
0.005233
0.007044
0.001168
0.002176
0.002502
0.003894
0.007607
0.005818
0.000739
0.007960
0.002446
0.001540
0.009630
0.001492
0.007813
0.002438
0.002896
0.005725
0.006627
0.000280
0.003170
0.001441
0.007101
0.008416
0.004933
0.006975
0.002449
0.003510
0.005520
0.006851
0.004243
0.000753
0.003895
0.005401
0.002919
0.006387
0.009285
0.000527
0.002205
0.000024
0.008477
0.004641
0.001554
0.008107
0.006123
0.009357
0.000544
0.009009
0.005082
0.007161
0.009279
0.008242
0.008592
0.006380
0.006657
0.003525
0.003355
0.009096
0.007025
0.008865
0.005947
0.001268
0.009608
0.009832
0.006659
0.002528
0.006219
0.005944
0.003044
0.008414
0.005958
0.001521
0.003055
0.007502
0.009618
0.009167
0.006859
0.000162
0.008177
0.001940
0.007313
0.007456
0.000182
0.005905
0.003836
0.006830
0.009420
0.007180
0.005926
0.006445
0.006046
0.001873
0.007703
0.005654
0.001706
0.004362
0.008172
0.007914
0.000306
0.001216
0.006328
0.006254
0.002728
0.009373
0.003756
0.002346
0.008540
0.000615
0.002498
0.006717
0.002545
0.009801
0.004172
0.002718
0.005706
0.007998
0.009537
0.005126
0.005178
0.005463
0.001571
0.001224
0.007326
0.009264
0.006868
0.009022
0.003626
0.005040
0.006936
0.003923
0.006246
0.003265
0.000177
0.008964
0.002637
0.003923
0.001309
0.001177
0.004528
0.003797
0.007884
0.007064
0.003598
0.002056
0.009771
0.009294
0.000054
0.009308
0.004420
0.005223
0.004772
0.005981
0.006437
0.002098
0.005245
0.003305
0.001120
0.008862
0.008335
0.008046
0.002784
0.004581
0.001311
0.002951
0.003545
0.003938
0.006864
0.004844
0.005105
0.001392
0.008631
0.002989
0.008446
0.002229
0.005035
0.008217
0.001522
0.005080
0.007526
0.005932
0.000302
0.002297
0.001913
0.006729
0.004385
0.007148
0.000034
0.005495
0.006009
0.008358
0.003542
0.008783
0.002939
0.004843
0.001734
0.006474
0.008771
0.008588
0.001318
0.003876
0.009970
0.009938
0.006855
0.008416
0.002167
0.001891
0.006633
0.003679
0.006960
0.004159
0.009601
0.007252
0.006446
0.001513
0.003981
0.000831
0.008651
0.004005
0.006316
0.004660
0.002363
0.009848
0.003444
0.005293
0.004691
0.005168
0.001766
0.003461
0.003756
0.003074
0.007327
0.003726
0.003012
0.004182
0.002142
0.005169
0.006063
0.008765
0.008838
0.003023
0.002924
0.008439
0.000276
0.009360
0.009942
0.004247
0.000192
0.008593
0.008242
0.006498
0.003253
0.000605
0.006346
0.006687
0.005888
0.001037
0.001855
0.007644
0.004488
0.005601
0.000718
0.001815
0.009317
0.003720
0.005987
0.001459
0.008879
0.002051
0.000224
0.007717
0.005064
0.003138
0.006155
0.005330
0.002499
0.006097
0.009567
0.002680
0.004690
0.007809
0.009168
0.007934
0.008404
0.005514
0.004621
0.004292
0.006541
0.006465
0.001936
0.001029
0.002066
0.002644
0.002834
0.001383
0.006354
0.008812
0.002832
0.005233
0.000862
0.003046
0.002950
0.005916
0.006174
0.009095
0.001246
0.008663
0.005193
0.000813
0.001343
0.009873
0.008611
0.000511
0.007807
0.007015
0.006016
0.002427
0.001307
0.002557
0.008883
0.003233
0.003576
0.000949
0.005867
0.006400
0.002322
0.002221
0.005212
0.005143
0.007445
0.006064
0.008179
0.000395
0.001980
0.004353
0.009480
0.003216
0.003016
0.004673
0.004019
0.004349
0.004546
0.002630
0.004850
0.002353
0.009635
0.000865
0.004770
0.000942
0.003412
0.003653
0.004165
0.006978
0.004593
0.000032
0.003378
0.006904
0.002243
0.008580
0.002048
0.009678
0.004644
0.000227
0.000073
0.006615
0.004570
0.009543
0.009821
0.007576
0.004216
0.003840
0.001925
0.008752
0.006461
0.006765
0.001105
0.006096
0.007620
0.005866
0.007028
0.001032
0.009509
0.001193
0.008000
0.004102
0.001214
0.001379
0.001006
0.003447
0.009949
0.003044
0.003125
0.004593
0.003261
0.003188
0.001208
0.007821
0.002731
0.001030
0.005397
0.006937
0.004860
0.007312
0.005689
0.001320
0.004077
0.006785
0.007406
0.001697
0.002651
0.004434
0.002719
0.002160
0.005617
0.000719
0.006252
0.006821
0.002088
0.007248
0.000268
0.002037
0.000292
0.003383
0.006620
0.003544
0.006561
0.007818
0.001365
0.009281
0.008838
0.006752
0.006218
0.003697
0.004064
0.001908
0.005008
0.008131
0.008683
0.002414
0.009817
0.001334
0.006838
0.002536
0.003484
0.002454
0.003246
0.009726
0.009265
0.005323
0.006974
0.009523
0.007350
0.007257
0.002906
0.003970
0.000800
0.009457
0.001788
0.002155
0.008738
0.000625
0.008897
0.004956
0.004313
0.002961
0.006854
0.009310
0.001092
0.005537
0.001724
0.000909
0.006860
0.008552
0.003436
0.000344
0.001007
0.006671
0.000070
0.000272
0.001995
0.007034
0.009785
0.009335
0.004291
0.002691
0.003304
0.005081
0.002148
0.005082
0.007226
0.000886
0.005697
0.006123
0.005833
0.000010
0.009074
0.002687
0.009311
0.000166
0.008214
0.001035
0.001065
0.005074
0.009577
0.004490
0.005408
0.000584
0.001162
0.005468
0.000846
0.003146
0.002503
0.000632
0.002481
0.006783
0.003313
0.005775
0.001864
0.005451
0.000857
0.009080
0.006328
0.006545
0.005203
0.002160
0.006545
0.004277
0.004837
0.005855
0.004432
0.003051
0.006880
0.005487
0.008116
0.006458
0.009968
0.003524
0.007032
0.001129
0.008983
0.007868
0.004265
0.001485
0.008490
0.006736
0.008259
0.001803
0.002511
0.000123
0.007244
0.003358
0.009193
0.003572
0.009893
0.004395
0.005722
0.006437
0.008662
0.000560
0.002293
0.003094
0.003601
0.009163
0.008571
0.001717
0.005621
0.008539
0.005231
0.002653
0.009658
0.004213
0.000521
0.003923
0.005689
0.009001
0.000659
0.003947
0.000804
0.003160
0.004060
0.008038
0.006508
0.003253
0.001609
0.006401
0.007638
0.007321
0.002838
0.006300
0.007871
0.005121
0.009384
0.001472
0.004284
0.007955
0.003178
0.009894
0.006493
0.008399
0.002547
0.006151
0.002613
0.003058
0.000074
0.008291
0.002059
0.000723
0.002239
0.002852
0.003874
0.006289
0.000890
0.000382
0.009531
0.002489
0.006773
0.007169
0.009800
0.009601
0.003469
0.007671
0.004721
0.002853
0.009133
0.008995
0.000807
0.002311
0.008889
0.007291
0.000711
0.001436
0.003442
0.003313
0.004484
0.003506
0.001605
0.006532
0.004219
0.003834
0.009374
0.008083
0.000122
0.000264
0.008455
0.009643
0.002743
0.005227
0.006813
0.002543
0.004828
0.000281
0.000214
0.009539
0.003124
0.009337
0.008534
0.003921
0.001648
0.007423
0.001212
0.002349
0.008849
0.004644
0.005652
0.003333
0.008140
0.007247
0.009856
0.002359
0.001080
0.009230
0.000442
0.001193
0.009484
0.008887
0.000836
0.002227
0.004114
0.007638
0.004760
0.008932
0.007910
0.004965
0.008471
0.001034
0.004302
0.007005
0.004945
0.005940
0.004429
0.006147
0.008278
0.003278
0.000790
0.003930
0.006601
0.008920
0.001177
0.006457
0.001279
0.002248
0.005687
0.001711
0.003430
0.005171
0.000598
0.004256
0.007389
0.004702
0.001895
0.002149
0.003635
0.009794
0.007104
0.002106
0.000828
0.001405
0.009101
0.005763
0.007335
0.003530
0.001909
0.005613
0.006798
0.002690
0.009534
0.003399
0.001610
0.000711
0.009846
0.002879
0.002949
0.005533
0.004580
0.006369
0.000705
0.005169
0.000625
0.008083
0.009861
0.002509
0.000232
0.003496
0.002304
0.007326
0.005591
0.003122
0.008721
0.004693
0.008875
0.006055
0.008213
0.000784
0.001669
0.005011
0.003464
0.001202
0.008400
0.005064
0.001903
0.008246
0.007932
0.004842
0.003779
0.002512
0.001211
0.004474
0.007671
0.001825
0.002557
0.007532
0.004325
0.002779
0.001028
0.006619
0.000105
0.006609
0.009730
0.008816
0.001302
0.008605
0.004871
0.009504
0.009379
0.006530
0.004515
0.002843
0.007722
0.002915
0.007897
0.009616
0.001161
0.005829
0.004458
0.004930
0.008332
0.005658
0.009394
0.006003
0.007474
0.001952
0.003535
0.001798
0.004721
0.004552
0.008407
0.004816
0.001161
0.008137
0.003632
0.002453
0.006743
0.008493
0.001957
0.006122
0.005023
0.006462
0.008955
0.002745
0.009366
0.006852
0.002361
0.000527
0.002681
0.006809
0.005447
0.001013
0.002467
0.004842
0.007005
0.009931
0.006783
0.000540
0.001729
0.001505
0.005082
0.000136
0.006311
0.006233
0.008263
0.009933
0.008676
0.005006
0.008426
0.000633
0.001128
0.003449
0.007084
0.000083
0.006184
0.006451
0.006925
0.008535
0.006968
0.009596
0.005344
0.002415
0.000609
0.007801
0.007247
0.007604
0.007731
0.004030
0.008134
0.009450
0.005525
0.003216
0.009576
0.001835
0.009440
0.007839
0.001768
0.008116
0.002845
0.000194
0.008739
0.003963
0.003632
0.005823
0.004036
0.009806
0.002274
0.000961
0.008341
0.009231
0.000557
0.003685
0.001646
0.001156
0.001486
0.008883
0.008750
0.009207
0.002913
0.006884
0.008657
0.008428
0.000101
0.008233
0.000263
0.009531
0.006073
0.002021
0.007646
0.008908
0.002205
0.006385
0.002871
0.005827
0.002208
0.006897
0.005633
0.004472
0.007848
0.003975
0.003703
0.008395
0.007650
0.005339
0.009541
0.009126
0.004222
0.008291
0.008333
0.007125
0.005176
0.006990
0.005553
0.005266
0.005223
0.005806
0.004797
0.001296
0.007817
0.002443
0.000204
0.000022
0.008818
0.003064
0.005839
0.001026
0.009951
0.001472
0.005488
0.007798
0.005437
0.009181
0.006193
0.003087
0.004520
0.005734
0.002213
0.008731
0.004025
0.000546
0.005856
0.009190
0.007526
0.001409
0.004457
0.002749
0.007205
0.009244
0.004035
0.005022
0.001687
0.004228
0.005033
0.000505
0.007282
0.000872
0.001522
0.007233
0.002335
0.007000
0.005031
0.007762
0.006180
0.001224
0.000849
0.000700
0.006948
0.003052
0.009421
0.000973
0.003587
0.005277
0.000164
0.001113
0.006676
0.004610
0.003852
0.003881
0.003854
0.007877
0.008892
0.005531
0.002105
0.003925
0.006027
0.009378
0.004788
0.007539
0.006611
0.007112
0.004538
0.001642
0.004874
0.000718
0.002857
0.005713
0.001408
0.009795
0.008755
0.000829
0.000768
0.002342
0.006097
0.000922
0.003445
0.002773
0.005522
0.007287
0.006643
0.009366
0.005164
0.005535
0.004898
0.007260
0.009451
0.000924
0.006638
0.004238
0.008453
0.003249
0.001351
0.002991
0.004881
0.006215
0.003700
0.007728
0.001928
0.005098
0.007523
0.000682
0.005917
0.008281
0.003014
0.002014
0.009193
0.006450
0.004776
0.004715
0.003737
0.001420
0.004081
0.008892
0.006945
0.008968
0.006151
0.006395
0.009883
0.002789
0.000633
0.008336
0.006028
0.001974
0.001327
0.000909
0.008179
0.005017
0.008626
0.000106
0.000114
0.006149
0.000779
0.006022
0.004430
0.003783
0.008025
0.003623
0.000233
0.002802
0.008327
0.003960
0.004211
0.002408
0.002852
0.001156
0.001376
0.008993
0.007541
0.001259
0.001782
0.008165
0.009585
0.007800
0.000139
0.000912
0.008698
0.008307
0.005919
0.007325
0.008404
0.006023
0.003474
0.009172
0.002045
0.007894
0.002955
0.000070
0.001517
0.003178
0.002862
0.009834
0.007128
0.007063
0.002242
0.009969
0.008209
0.003609
0.008963
0.005750
0.004858
0.000745
0.003915
0.004443
0.008535
0.004044
0.005345
0.007233
0.002351
0.001264
0.004558
0.000754
0.007278
0.008022
0.009917
0.009313
0.005916
0.002872
0.009373
0.007423
0.006040
0.002235
0.007257
0.003168
0.009288
0.009489
0.003137
0.007497
0.003098
0.002100
0.003247
0.007946
0.002834
0.007152
0.002389
0.001369
0.001195
0.007725
0.008592
0.003536
0.008979
0.003150
0.004280
0.006257
0.001172
0.004197
0.005569
0.007079
0.007059
0.004942
0.004502
0.003099
0.007167
0.001759
0.006256
0.006454
0.001248
0.009383
0.003951
0.004336
0.001483
0.007187
0.002282
0.004308
0.004339
0.004661
0.005667
0.005524
0.002385
0.004259
0.009050
0.001364
0.007399
0.003330
0.007611
0.008562
0.007517
0.003180
0.005640
0.004576
0.008112
0.000142
0.007665
0.005278
0.001890
0.003921
0.001732
0.003128
0.003304
0.005673
0.007454
0.004777
0.002861
0.009726
0.009075
0.007189
0.004386
0.004742
0.002713
0.006762
0.008991
0.001763
0.008116
0.006390
0.005083
0.005726
0.004952
0.002600
0.008896
0.000592
0.007166
0.007008
0.000724
0.004831
0.002287
0.002604
0.008742
0.004009
0.005722
0.002046
0.009672
0.003176
0.006813
0.002533
0.002902
0.005888
0.009712
0.007278
0.000630
0.002425
0.004040
0.009610
0.004178
0.002156
0.006000
0.009252
0.007872
0.000952
0.001852
0.006768
0.001534
0.009008
0.003776
0.002247
0.003839
0.006053
0.004841
0.002581
0.000062
0.000564
0.004616
0.009724
0.003730
0.001430
0.002257
0.006622
0.007308
0.001969
0.003901
0.007927
0.004384
0.007931
0.007538
0.008553
0.000086
0.003538
0.007804
0.007948
0.004480
0.009646
0.004716
0.006003
0.008654
0.008483
0.008241
0.002493
0.004535
0.003082
0.005064
0.004587
0.003636
0.009670
0.004311
0.007356
0.001100
0.006558
0.003979
0.008398
0.008516
0.007869
0.006325
0.002901
0.005800
0.003863
0.001453
0.005876
0.007390
0.009248
0.003825
0.001870
0.008894
0.008531
0.007863
0.007548
0.007013
0.006104
0.000042
0.001549
0.009176
0.005096
0.006126
0.002812
0.004766
0.000437
0.000168
0.005856
0.006985
0.004136
0.004254
0.005501
0.002006
0.000580
0.008392
0.007796
0.004432
0.009835
0.003672
0.001823
0.009083
0.007487
0.003683
0.007977
0.006018
0.001546
0.005525
0.003031
0.007640
0.005557
0.004570
0.006815
0.000653
0.000695
0.009617
0.005409
0.001122
0.009775
0.001265
0.008097
0.003911
0.005510
0.003598
0.005907
0.006079
0.001990
0.003703
0.000511
0.001825
0.007365
0.002324
0.000907
0.004852
0.005997
0.008874
0.000869
0.007533
0.004399
0.003890
0.005172
0.009945
0.008450
0.001988
0.000598
0.009135
0.001605
0.005997
0.000258
0.001380
0.007252
0.008345
0.005281
0.002762
0.001943
0.001188
0.008831
0.003922
0.004881
0.009332
0.005737
0.002246
0.001656
0.006634
0.007088
0.007643
0.005508
0.007947
0.005176
0.009897
0.001838
0.000348
0.009842
0.000288
0.002326
0.000440
0.009413
0.003921
0.006426
0.009661
0.005290
0.003678
0.008005
0.000571
0.006430
0.009938
0.001749
0.005261
0.003860
0.006620
0.004593
0.009588
0.008856
0.006239
0.006222
0.005944
0.003882
0.001730
0.003892
0.009048
0.001626
0.005719
0.009387
0.001468
0.005997
0.001713
0.001898
0.005410
0.005623
0.008315
0.005071
0.000914
0.001993
0.003076
0.001475
0.008413
0.003014
0.003214
0.003674
0.006864
0.009825
0.008257
0.006452
0.008681
0.004496
0.002674
0.004625
0.008368
0.004394
0.008507
0.007417
0.006010
0.004227
0.006803
0.007468
0.000224
0.008506
0.009357
0.005624
0.004129
0.007671
0.000694
0.005033
0.009654
0.003760
0.006497
0.008067
0.006764
0.009702
0.001741
0.003628
0.009526
0.009988
0.000080
0.008207
0.004484
0.002744
0.002833
0.002852
0.007128
0.001340
0.000269
0.003138
0.005557
0.007062
0.000606
0.005770
0.005568
0.009953
0.001394
0.009687
0.007624
0.002078
0.004719
0.007279
0.005828
0.001217
0.005346
0.002592
0.000919
0.007077
0.006210
0.000445
0.007065
0.006280
0.008642
0.001549
0.009014
0.001475
0.004392
0.006142
0.002805
0.004651
0.009270
0.008352
0.001713
0.009866
0.004122
0.007271
0.009819
0.005506
0.006958
0.007443
0.007574
0.001678
0.004722
0.003402
0.002885
0.000068
0.005984
0.003793
0.007135
0.002194
0.004228
0.004200
0.008464
0.002871
0.005740
0.007479
0.004336
0.000132
0.003621
0.007131
0.004773
0.002891
0.005483
0.006476
0.002757
0.009595
0.003747
0.002576
0.005101
0.000706
0.000019
0.002675
0.002373
0.004731
0.006067
0.005248
0.004789
0.002051
0.009031
0.001924
0.004235
0.003259
0.006114
0.002700
0.006120
0.001854
0.000178
0.000456
0.001976
0.003789
0.007577
0.006739
0.006670
0.003059
0.003215
0.009417
0.002654
0.006952
0.001992
0.007745
0.007648
0.002001
0.000421
0.000021
0.006722
0.006478
0.005259
0.001511
0.008519
0.004290
0.003424
0.002755
0.007539
0.009528
0.005444
0.003659
0.001382
0.005612
0.004105
0.003348
0.009391
0.001682
0.000087
0.006061
0.004731
0.003292
0.005478
0.007376
0.000244
0.007460
0.005121
0.007881
0.009451
0.005532
0.007892
0.006173
0.002010
0.003151
0.007674
0.000529
0.007431
0.001098
0.003274
0.004971
0.000627
0.008708
0.008620
0.001999
0.004320
0.002725
0.005337
0.003711
0.004397
0.005414
0.009762
0.009118
0.008696
0.005240
0.006494
0.008930
0.002700
0.001615
0.006811
0.002151
0.007137
0.004704
0.008314
0.009137
0.007845
0.005988
0.009656
0.005276
0.007076
0.002929
0.000247
0.007693
0.001637
0.008857
0.009682
0.005947
0.001582
0.005019
0.009648
0.005969
0.000434
0.009411
0.005087
0.009120
0.004650
0.001581
0.008050
0.007340
0.003186
0.004861
0.009481
0.000323
0.009555
0.007795
0.009450
0.007400
0.003782
0.009106
0.002676
0.000858
0.002035
0.002912
0.008541
0.003662
0.001769
0.008223
0.009599
0.003340
0.003242
0.009248
0.009299
0.003666
0.008658
0.004387
0.002786
0.003309
0.005958
0.000835
0.000649
0.009135
0.005686
