0.005136
0.008596
0.003391
0.006838
0.004681
0.009070
0.000437
0.003279
0.004740
0.005336
0.009353
0.003968
0.002742
0.002432
0.006348
0.002967
0.004803
0.004461
0.000106
0.004795
0.009027
0.004019
0.005270
0.002088
0.001227
0.008995
0.008007
0.002544
0.001832
0.004705
0.003860
0.006958
0.003301
0.007241
0.003796
0.007972
0.006311
0.004223
0.001251
0.001052
0.009549
0.000604
0.005009
0.002291
0.003026
0.001357
0.005248
0.007819
0.005808
0.005344
0.002613
0.004835
0.009352
0.007873
0.006913
0.000579
0.006868
0.004919
0.003113
0.008690
0.009614
0.006963
0.005648
0.002915
0.004205
0.009434
0.000887
0.000516
0.003657
0.002127
0.001558
0.003205
0.002721
0.006557
0.005486
0.005737
0.007904
0.000734
0.003556
0.003712
0.006068
0.006159
0.008537
0.005420
0.004032
0.005449
0.005989
0.000901
0.000369
0.009092
0.009581
0.009973
0.006056
0.005229
0.002888
0.000261
0.004663
0.003765
0.000767
0.008310
0.005882
0.002314
0.001515
0.008594
0.008861
0.006991
0.004331
0.006765
0.007715
0.007877
0.000476
0.003783
0.004036
0.009003
0.009193
0.008059
0.004452
0.005182
0.008949
0.004811
0.004274
0.008530
0.004784
0.000330
0.003759
0.007662
0.000581
0.008412
0.001426
0.001337
0.006722
0.007298
0.003642
0.008227
0.005892
0.002502
0.005218
0.000223
0.009257
0.002933
0.008090
0.009724
0.006706
0.002126
0.008727
0.005899
0.000185
0.003179
0.001081
0.009124
0.007980
0.005345
0.007654
0.002764
0.005666
0.001413
0.000426
0.006236
0.009816
0.001842
0.007564
0.006538
0.009130
0.001205
0.004765
0.005022
0.003698
0.009973
0.005235
0.002955
0.002906
0.003324
0.002679
0.009602
0.005440
0.001405
0.005501
0.005615
0.004574
0.006572
0.004739
0.002554
0.001917
0.002393
0.005308
0.007573
0.003796
0.005724
0.003809
0.003612
0.007556
0.001373
0.000150
0.006686
0.002568
0.004904
0.001708
0.006256
0.004877
0.006933
0.009201
0.007773
0.000257
0.001880
0.007375
0.005687
0.003275
0.002876
0.001302
0.007839
0.009438
0.006031
0.000394
0.001355
0.008413
0.005692
0.008917
0.002210
0.001416
0.002726
0.005812
0.008962
0.004089
0.005951
0.005648
0.006648
0.000856
0.007345
0.002904
0.005723
0.004278
0.002105
0.003496
0.004525
0.003975
0.000871
0.000213
0.007240
0.003738
0.001505
0.005080
0.003175
0.007525
0.005464
0.004520
0.005939
0.001156
0.003437
0.008138
0.002561
0.006154
0.003950
0.001523
0.000243
0.009892
0.007160
0.006881
0.000747
0.004506
0.009775
0.006460
0.008774
0.001880
0.009947
0.003299
0.005846
0.000818
0.003502
0.003086
0.004546
0.004996
0.008156
0.007711
0.002522
0.003620
0.002231
0.008451
0.004765
0.005659
0.006589
0.007317
0.001813
0.000539
0.008829
0.002046
0.000431
0.005990
0.008917
0.001168
0.000496
0.008692
0.007618
0.009260
0.000572
0.007565
0.002559
0.006408
0.008373
0.006051
0.009484
0.002919
0.001048
0.007640
0.000630
0.003559
0.001259
0.002851
0.002010
0.006014
0.008500
0.008589
0.003331
0.000312
0.009118
0.002160
0.002348
0.009539
0.008140
0.001265
0.000707
0.008626
0.009946
0.008315
0.007886
0.000518
0.005880
0.000445
0.006916
0.004253
0.006486
0.006399
0.007162
0.007524
0.004039
0.007782
0.001083
0.005288
0.000633
0.003083
0.001303
0.009123
0.001672
0.004624
0.009425
0.000790
0.006774
0.001773
0.000329
0.004914
0.003028
0.001025
0.003541
0.002974
0.009331
0.001427
0.003483
0.005211
0.001862
0.000398
0.009454
0.008339
0.006788
0.006616
0.005862
0.000827
0.004399
0.006936
0.006105
0.005022
0.000019
0.007398
0.004145
0.001681
0.002021
0.003570
0.002461
0.008785
0.005334
0.002780
0.003700
0.008352
0.003795
0.007231
0.001326
0.003126
0.008647
0.004799
0.008326
0.000509
0.005187
0.007780
0.008838
0.001975
0.004397
0.004700
0.002791
0.008786
0.001636
0.008886
0.003807
0.001645
0.006284
0.007942
0.003316
0.008295
0.001512
0.005767
0.007081
0.006836
0.008537
0.000780
0.005188
0.002332
0.008001
0.006504
0.005447
0.006648
0.001303
0.003774
0.007148
0.006480
0.001554
0.005986
0.008445
0.005941
0.000686
0.001236
0.004727
0.002312
0.000122
0.008524
0.003947
0.006396
0.006466
0.007253
0.004691
0.007969
0.003020
0.001772
0.004805
0.001557
0.002542
0.009983
0.003879
0.000543
0.006487
0.009316
0.007182
0.007780
0.003089
0.004330
0.004260
0.004633
0.000315
0.002704
0.000574
0.000992
0.003930
0.005291
0.003294
0.004043
0.003815
0.007231
0.000439
0.000281
0.004485
0.005120
0.008240
0.007495
0.006882
0.003045
0.009042
0.009414
0.003027
0.002920
0.009947
0.009504
0.002236
0.007129
0.007284
0.005315
0.001459
0.001544
0.009939
0.001764
0.004238
0.000513
0.002746
0.008158
0.005794
0.006030
0.002201
0.009599
0.003261
0.002630
0.009870
0.007735
0.007740
0.008110
0.005230
0.004622
0.001155
0.004272
0.004036
0.004172
0.007182
0.003983
0.003676
0.009408
0.001112
0.000960
0.004724
0.002560
0.002494
0.004662
0.004314
0.006722
0.005165
0.007050
0.004880
0.000959
0.003079
0.007071
0.000558
0.006330
0.009691
0.000428
0.004066
0.007431
0.008528
0.009286
0.002052
0.009673
0.003558
0.006078
0.003845
0.000740
0.000061
0.007511
0.000148
0.001163
0.008461
0.004862
0.003713
0.000955
0.009514
0.008018
0.007666
0.004680
0.005068
0.002546
0.005629
0.008137
0.009607
0.006177
0.004467
0.009298
0.006596
0.008523
0.006729
0.005124
0.007809
0.008772
0.004797
0.001367
0.004850
0.008632
0.002097
0.004901
0.006143
0.002236
0.006054
0.004604
0.007088
0.009757
0.005549
0.006602
0.007775
0.003215
0.001281
0.002842
0.005751
0.006900
0.000979
0.005358
0.003078
0.005437
0.004657
0.009664
0.003960
0.001386
0.004788
0.001769
0.000157
0.009574
0.003126
0.004997
0.008206
0.005213
0.009888
0.004349
0.007439
0.005941
0.008943
0.004527
0.005698
0.004491
0.001129
0.003473
0.007696
0.002400
0.006305
0.003447
0.009291
0.007275
0.008796
0.002368
0.002711
0.003452
0.002032
0.006661
0.004828
0.006810
0.008420
0.004976
0.006384
0.001546
0.009962
0.004590
0.006750
0.009850
0.008929
0.004189
0.005791
0.007872
0.008706
0.001489
0.002363
0.009824
0.004952
0.000059
0.002224
0.001257
0.003496
0.001515
0.008522
0.002291
0.003873
0.001233
0.005734
0.005896
0.007884
0.000562
0.002705
0.006304
0.005527
0.009080
0.007840
0.005490
0.003670
0.004590
0.005340
0.002599
0.008768
0.001131
0.000471
0.007474
0.002610
0.002824
0.007298
0.007552
0.002873
0.009512
0.008799
0.006359
0.001027
0.007321
0.008640
0.004891
0.008544
0.004374
0.000786
0.006428
0.004926
0.003482
0.002732
0.000453
0.002561
0.000572
0.005933
0.006221
0.005151
0.001273
0.008810
0.003920
0.002394
0.009272
0.001393
0.004994
0.002095
0.008682
0.002546
0.004958
0.008194
0.001345
0.001317
0.009212
0.008656
0.009947
0.004102
0.007200
0.004321
0.004879
0.003627
0.009236
0.008351
0.006349
0.009680
0.000912
0.006911
0.005613
0.007123
0.002062
0.006876
0.005934
0.005972
0.009259
0.005205
0.007355
0.004253
0.007291
0.006037
0.006789
0.002249
0.004231
0.008124
0.003556
0.003442
0.006780
0.003502
0.007535
0.003980
0.007813
0.002414
0.007597
0.007049
0.000764
0.003946
0.006729
0.001666
0.000857
0.002342
0.008779
0.002909
0.009207
0.004713
0.008870
0.008467
0.009908
0.006226
0.002720
0.007199
0.002262
0.009499
0.009438
0.006483
0.007623
0.002993
0.009915
0.004403
0.006486
0.007450
0.008373
0.004299
0.009854
0.005970
0.001348
0.000618
0.009906
0.008067
0.002274
0.000763
0.000409
0.001053
0.003661
0.009606
0.005756
0.002532
0.008072
0.005664
0.008747
0.000792
0.002863
0.001009
0.000291
0.002300
0.007482
0.007905
0.005284
0.007398
0.002308
0.001769
0.004848
0.000681
0.006058
0.004701
0.006641
0.007396
0.005309
0.006547
0.005463
0.007573
0.007299
0.005861
0.008616
0.000961
0.005467
0.004372
0.003482
0.003540
0.000036
0.002229
0.004322
0.002889
0.003229
0.004603
0.005180
0.000711
0.002508
0.000463
0.008099
0.004806
0.002222
0.002947
0.005477
0.008270
0.007638
0.002118
0.005666
0.002947
0.008654
0.001128
0.000520
0.005954
0.006980
0.009126
0.006904
0.002447
0.003498
0.000386
0.005976
0.003525
0.002606
0.000298
0.006404
0.005824
0.004892
0.001583
0.006525
0.007389
0.002037
0.004624
0.002195
0.004249
0.007561
0.007662
0.002519
0.005199
0.009769
0.008174
0.008136
0.008424
0.009293
0.008646
0.004377
0.006272
0.007772
0.001282
0.008709
0.001271
0.001658
0.004685
0.004786
0.004254
0.004974
0.001189
0.000078
0.009855
0.002763
0.006594
0.007244
0.004790
0.001218
0.009429
0.009028
0.008768
0.007091
0.001547
0.003967
0.006860
0.009712
0.002103
0.005284
0.009004
0.000749
0.009651
0.005276
0.008511
0.000933
0.003985
0.009772
0.002581
0.008660
0.004557
0.006825
0.003634
0.005737
0.006893
0.003489
0.008490
0.003487
0.000733
0.003279
0.004695
0.000163
0.002308
0.003463
0.007244
0.003845
0.007420
0.004104
0.003556
0.009512
0.009378
0.002561
0.000261
0.009030
0.007827
0.008762
0.009953
0.001812
0.008534
0.002534
0.000473
0.003091
0.009349
0.004097
0.008817
0.006242
0.007576
0.007307
0.009719
0.008299
0.000586
0.004414
0.008452
0.002883
0.007867
0.005695
0.006718
0.005287
0.009790
0.000275
0.004799
0.009168
0.002825
0.005050
0.008197
0.000653
0.003812
0.008150
0.002455
0.002346
0.000684
0.002918
0.005427
0.000033
0.007004
0.004244
0.006265
0.004580
0.001551
0.005985
0.002878
0.002127
0.000399
0.001330
0.005000
0.008256
0.007016
0.001719
0.003543
0.006805
0.001983
0.008333
0.005973
0.004799
0.003383
0.004171
0.005441
0.007185
0.002321
0.007886
0.009521
0.002994
0.000804
0.004948
0.003017
0.007798
0.009182
0.009273
0.002377
0.000733
0.005258
0.005246
0.002849
0.005647
0.006566
0.007840
0.003903
0.003581
0.009548
0.007436
0.000387
0.001532
0.005769
0.006350
0.006320
0.009142
0.000520
0.001762
0.006327
0.002831
0.009638
0.005849
0.005815
0.000442
0.000796
0.008823
0.008229
0.009968
0.008095
0.000607
0.000701
0.003353
0.005843
0.003540
0.008990
0.002408
0.001380
0.002893
0.005980
0.000928
0.000329
0.006356
0.002450
0.006088
0.002706
0.008761
0.005230
0.003216
0.000522
0.001557
0.006037
0.000160
0.007396
0.001852
0.000592
0.008182
0.000675
0.008812
0.008151
0.008760
0.009408
0.008841
0.002113
0.005251
0.002382
0.001103
0.007649
0.003752
0.003985
0.003629
0.004670
0.004304
0.009975
0.007110
0.000392
0.002681
0.005871
0.005612
0.005887
0.006383
0.007160
0.001924
0.006534
0.004556
0.003766
0.007116
0.002738
0.004431
0.005928
0.000889
0.003191
0.005336
0.009720
0.005293
0.000587
0.002102
0.006386
0.008227
0.005843
0.000371
0.001856
0.000514
0.004665
0.001831
0.007614
0.005048
0.004502
0.003485
0.000660
0.000390
0.009858
0.007809
0.002304
0.006392
0.002365
0.006060
0.003508
0.005093
0.000491
0.009426
0.005972
0.003672
0.004762
0.005692
0.008955
0.005339
0.007784
0.005341
0.003566
0.003627
0.005702
0.005412
0.004131
0.000368
0.007233
0.001744
0.005405
0.001735
0.005219
0.006055
0.002115
0.005077
0.003864
0.004409
0.001469
0.006219
0.000469
0.004967
0.001312
0.000950
0.004393
0.007274
0.004612
0.009145
0.002965
0.003567
0.004484
0.000749
0.008898
0.008040
0.004366
0.004601
0.003452
0.008487
0.004958
0.000684
0.000231
0.000364
0.002409
0.005440
0.006409
0.004514
0.000518
0.000273
0.008913
0.001977
0.006482
0.009372
0.006934
0.007784
0.000322
0.001327
0.005058
0.004923
0.000472
0.008013
0.008480
0.004947
0.008752
0.007378
0.002987
0.003118
0.001979
0.006429
0.001605
0.006927
0.007103
0.001826
0.007281
0.009503
0.007256
0.003690
0.004017
0.007764
0.003953
0.002930
0.009731
0.000436
0.002302
0.006665
0.008210
0.002613
0.007982
0.003268
0.007527
0.008445
0.001281
0.006007
0.003391
0.000033
0.003386
0.006369
0.003141
0.005355
0.002798
0.004735
0.002282
0.009891
0.006551
0.009553
0.009394
0.003807
0.003243
0.003411
0.001571
0.007187
0.006331
0.001302
0.007612
0.008622
0.007956
0.005822
0.001236
0.005938
0.009079
0.008752
0.004383
0.000360
0.004760
0.007764
0.000383
0.008135
0.004133
0.003514
0.003490
0.006920
0.008239
0.005762
0.006811
0.004790
0.005315
0.006205
0.008588
0.008548
0.009606
0.000159
0.005735
0.005937
0.001450
0.003347
0.004559
0.009397
0.009159
0.005784
0.005335
0.008238
0.004537
0.009708
0.008588
0.009286
0.007472
0.008961
0.007422
0.001605
0.002475
0.000911
0.008515
0.000714
0.006663
0.005327
0.005494
0.001978
0.001532
0.004082
0.000526
0.001138
0.004231
0.006251
0.007065
0.005671
0.009588
0.001624
0.005068
0.008747
0.007398
0.000403
0.006985
0.001935
0.000111
0.005573
0.001221
0.007573
0.004534
0.008633
0.009167
0.006999
0.009534
0.007683
0.007703
0.006197
0.003009
0.003198
0.008165
0.004531
0.007270
0.008682
0.005659
0.001501
0.004932
0.002724
0.007162
0.004520
0.004338
0.002230
0.003267
0.001736
0.002622
0.000252
0.003661
0.002723
0.005815
0.004872
0.000296
0.000349
0.003505
0.009453
0.007338
0.003039
0.007136
0.005042
0.009226
0.000145
0.008229
0.007392
0.004666
0.005499
0.006073
0.000325
0.006989
0.001006
0.003040
0.004151
0.005516
0.007367
0.006371
0.008773
0.009093
0.008983
0.009015
0.002754
0.001706
0.004829
0.007616
0.001992
0.005169
0.001121
0.001445
0.002507
0.004150
0.008570
0.007539
0.003376
0.008705
0.005768
0.000768
0.003372
0.001266
0.006832
0.003687
0.008245
0.007827
0.006717
0.002396
0.003343
0.004084
0.008757
0.002116
0.003177
0.007740
0.001131
0.005921
0.009436
0.005950
0.003538
0.001428
0.001119
0.004649
0.002863
0.003616
0.008789
0.001433
0.001154
0.002165
0.000138
0.006912
0.002923
0.003500
0.008168
0.009745
0.007177
0.006414
0.007572
0.003893
0.008800
0.000916
0.007967
0.007557
0.003022
0.001145
0.005297
0.004143
0.007056
0.004734
0.000093
0.000594
0.006152
0.001202
0.005232
0.009004
0.004808
0.004021
0.000437
0.005952
0.006176
0.000565
0.002865
0.009090
0.004055
0.001033
0.008834
0.001232
0.007437
0.006407
0.005116
0.006237
0.007312
0.003083
0.003795
0.000334
0.004218
0.009082
0.004467
0.001274
0.003816
0.004550
0.001858
0.009957
0.005742
0.007080
0.008962
0.000550
0.001101
0.009389
0.006493
0.007267
0.009944
0.009347
0.006357
0.003999
0.000380
0.005191
0.005221
0.007807
0.001598
0.000337
0.004044
0.008900
0.003410
0.007829
0.009224
0.007618
0.006911
0.003691
0.008882
0.000727
0.008231
0.000740
0.000684
0.003973
0.007810
0.009636
0.004514
0.008901
0.009024
0.001006
0.006168
0.008968
0.000353
0.002525
0.002968
0.000724
0.007707
0.008179
0.008521
0.009295
0.008506
0.002565
0.008195
0.001917
0.000394
0.007419
0.009524
0.007295
0.001110
0.008406
0.008012
0.009331
0.009136
0.008686
0.003304
0.006946
0.008321
0.007808
0.005846
0.007346
0.008804
0.002015
0.006314
0.009148
0.004530
0.009272
0.009861
0.002237
0.007451
0.008382
0.001531
0.005958
0.000947
0.009716
0.007864
0.001331
0.007135
0.007389
0.008615
0.008234
0.005795
0.006627
0.007565
0.004931
0.005313
0.000869
0.001877
0.003634
0.008667
0.007713
0.000980
0.007471
0.009718
0.007284
0.006619
0.004248
0.006556
0.006480
0.006475
0.004008
0.004862
0.007996
0.009956
0.005799
0.007712
0.007820
0.007120
0.004846
0.005209
0.005735
0.003081
0.001004
0.002362
0.000646
0.005925
0.007665
0.001505
0.007792
0.001299
0.000173
0.005505
0.002269
0.007634
0.005223
0.009543
0.004253
0.009461
0.006099
0.000733
0.005936
0.000107
0.005586
0.003932
0.000063
0.001385
0.001644
0.007873
0.008494
0.006480
0.003082
0.004230
0.009551
0.004076
0.006581
0.000197
0.009992
0.004246
0.001692
0.007784
0.005535
0.001855
0.003289
0.007793
0.009479
0.008502
0.007336
0.003732
0.007964
0.003435
0.004455
0.003900
0.003532
0.000041
0.007822
0.003585
0.001416
0.009456
0.001457
0.009900
0.005936
0.004529
0.004130
0.005487
0.008596
0.000711
0.005674
0.008587
0.004947
0.007356
0.006371
0.000482
0.009201
0.009650
0.008265
0.008680
0.008152
0.005601
0.002411
0.006116
0.009026
0.006857
0.000016
0.002558
0.006887
0.007827
0.006132
0.008293
0.007283
0.007580
0.008193
0.003219
0.002109
0.002323
0.008697
0.000705
0.003024
0.004371
0.009282
0.007961
0.001727
0.005653
0.008432
0.000928
0.005303
0.006697
0.009598
0.003456
0.002298
0.002010
0.009562
0.001324
0.008856
0.009567
0.003872
0.005744
0.007395
0.009994
0.004037
0.004678
0.007573
0.002230
0.007887
0.009672
0.004542
0.006584
0.000377
0.007556
0.000955
0.009649
0.005517
0.002672
0.005302
0.003949
0.003590
0.000605
0.000646
0.003189
0.004051
0.002935
0.005188
0.003612
0.004248
0.004045
0.003180
0.008110
0.009778
0.000574
0.008104
0.003815
0.005242
0.005677
0.006034
0.003130
0.005349
0.000577
0.009704
0.005716
0.008123
0.000658
0.005365
0.003639
0.003320
0.000667
0.007578
0.006901
0.001262
0.008215
0.000089
0.005303
0.001149
0.005268
0.008905
0.005388
0.009302
0.002085
0.003498
0.009080
0.002649
0.001601
0.002895
0.007882
0.007268
0.008919
0.001011
0.002617
0.009486
0.000715
0.008324
0.007609
0.001363
0.003689
0.001248
0.004674
0.004347
0.008816
0.001574
0.005599
0.007031
0.001654
0.000902
0.008170
0.006911
0.009797
0.003558
0.006213
0.001881
0.007045
0.005293
0.004521
0.008637
0.008178
0.002402
0.005905
0.007098
0.003404
0.008512
0.006584
0.004109
0.006836
0.004192
0.005462
0.000525
0.005430
0.000136
0.004862
0.004246
0.001701
0.000461
0.001277
0.003344
0.001352
0.009438
0.000256
0.001149
0.002996
0.006459
0.003021
0.000041
0.001752
0.007531
0.008668
0.009921
0.009923
0.004572
0.007019
0.003327
0.003084
0.003603
0.007426
0.009910
0.007785
0.002888
0.000436
0.003215
0.003015
0.005288
0.007451
0.004705
0.005738
0.008719
0.008040
0.007081
0.008156
0.008285
0.008220
0.001152
0.004744
0.001240
0.001183
0.006487
0.008761
0.009841
0.006408
0.008685
0.004413
0.003427
0.002012
0.007487
0.007019
0.009428
0.007398
0.004804
0.002317
0.007824
0.008009
0.005321
0.003111
0.005460
0.000027
0.008839
0.004179
0.008056
0.005920
0.002335
0.006342
0.004140
0.003477
0.001086
0.005370
0.004650
0.007563
0.004131
0.004491
0.003971
0.002816
0.008894
0.007387
0.004818
0.006381
0.004406
0.004246
0.003779
0.009200
0.006553
0.001603
0.007209
0.001874
0.004704
0.002669
0.001891
0.003544
0.006838
0.009937
0.009454
0.009163
0.006279
0.003593
0.002641
0.007355
0.008954
0.007281
0.004918
0.003085
0.001772
0.008878
0.005891
0.000666
0.006266
0.000709
0.007037
0.000672
0.004946
0.000817
0.009862
0.001498
0.002410
0.007071
0.003362
0.007104
0.009730
0.005243
0.000647
0.006569
0.005180
0.000101
0.005732
0.001458
0.003685
0.008363
0.008803
0.002638
0.005644
0.003720
0.005713
0.007406
0.002599
0.001604
0.008062
0.008854
0.002303
0.005099
0.009516
0.007239
0.005906
0.009378
0.008727
0.008306
0.006449
0.002090
0.005409
0.006179
0.007323
0.006047
0.002748
0.002503
0.006138
0.008470
0.003951
0.009812
0.006833
0.002754
0.002451
0.002477
0.006464
0.008154
0.009872
0.009053
0.009748
0.007934
0.007907
0.002051
0.003033
0.007423
0.009280
0.008929
0.006802
0.008008
0.007235
0.003251
0.000097
0.002645
0.009420
0.007410
0.008681
0.002168
0.009903
0.004819
0.000638
0.003854
0.004632
0.007461
0.006598
0.007072
0.009927
0.003062
0.005226
0.009800
0.002115
0.004973
0.007734
0.000022
0.007015
0.000767
0.007436
0.006295
0.009687
0.004237
0.004302
0.006922
0.007478
0.004390
0.009557
0.006898
0.001800
0.008238
0.009056
0.001703
0.003057
0.009684
0.005547
0.007679
0.007145
0.002145
0.004752
0.007073
0.005197
0.009967
0.006872
0.007302
0.004941
0.004606
0.007315
0.001955
0.005364
0.004750
0.008240
0.005051
0.008978
0.002542
0.001973
0.006456
0.006922
0.001530
0.003354
0.008712
0.009758
0.002410
0.000415
0.002815
0.002095
0.005952
0.000494
0.009230
0.008087
0.005236
0.006302
0.003284
0.005203
0.003175
0.000586
0.000144
0.007771
0.007891
0.002089
0.003135
0.002641
0.000329
0.008176
0.001619
0.002861
0.000149
0.008064
0.009773
0.001669
0.001418
0.008485
0.001426
0.003818
0.008890
0.004231
0.005903
0.004842
0.004715
0.005133
0.002929
0.009941
0.001435
0.006203
0.005144
0.004600
0.006779
0.005278
0.002371
0.004670
0.007357
0.005497
0.007301
0.007676
0.003673
0.008909
0.000537
0.003812
0.006974
0.000310
0.005470
0.008382
0.008785
0.006887
0.002201
0.007674
0.001118
0.008094
0.002516
0.005823
0.003226
0.005435
0.005764
0.004652
0.001637
0.000908
0.009242
0.008406
0.006176
0.001613
0.003076
0.003533
0.007100
0.000376
0.001209
0.000772
0.009276
0.001736
0.004574
0.006250
0.002037
0.000045
0.004632
0.000822
0.006921
0.006822
0.008486
0.008029
0.004916
0.001002
0.003852
0.008132
0.006427
0.009607
0.002784
0.008054
0.000515
0.002025
0.006461
0.006681
0.003628
0.009526
0.000214
0.000728
0.009893
0.001413
0.001490
0.009168
0.003140
0.006054
0.005418
0.005167
0.006089
0.000050
0.005978
0.003011
0.006862
0.004464
0.001040
0.001778
0.005456
0.004882
0.009900
0.001883
0.004489
0.002684
0.009928
0.004994
0.004700
0.006388
0.001675
0.008318
0.005914
0.001879
0.009036
0.005807
0.003282
0.000526
0.004975
0.006412
0.006571
0.000393
0.001579
0.002660
0.000433
0.007547
0.005661
0.007285
0.002011
0.006690
0.009053
0.007458
0.001572
0.008953
0.009331
0.006051
0.001638
0.009258
0.001045
0.006328
0.005647
0.002710
0.004646
0.001561
0.004579
0.003682
0.007358
0.007852
0.004198
0.002333
0.004264
0.000769
0.002716
0.005833
0.003419
0.003139
0.003380
0.009070
0.000424
0.005381
0.005760
0.009467
0.002839
0.007322
0.008420
0.002170
0.003374
0.000058
0.001428
0.004409
0.006376
0.007065
0.007109
0.001022
0.008615
0.001688
0.004694
0.005973
0.009530
0.008882
0.008297
0.003794
0.009641
0.001013
0.009617
0.003061
0.004142
0.002997
0.002130
0.004556
0.008368
0.007880
0.004023
0.001207
0.005203
0.002444
0.003366
0.008567
0.002492
0.004784
0.002976
0.008858
0.001849
0.000085
0.009870
0.000464
0.001763
0.004564
0.006428
0.001293
0.003446
0.004725
0.005077
0.003087
0.005728
0.004694
0.006138
0.009860
0.007681
0.008258
0.004416
0.006049
0.006139
0.008430
0.007246
0.001341
0.000874
0.000612
0.009898
0.003356
0.005387
0.002874
0.002214
0.007226
0.002948
0.002084
0.007680
0.004701
0.006637
0.004108
0.005985
0.000083
0.008823
0.001062
0.003161
0.004550
0.005745
0.009289
0.004410
0.003426
0.007547
0.008817
0.009465
0.003685
0.007247
0.006711
0.005017
0.008110
0.007313
0.004915
0.001466
0.002700
0.007778
0.003670
0.009916
0.000727
0.005743
0.007596
0.005418
0.002381
0.001704
0.001403
0.002454
0.000527
0.002454
0.005604
0.005067
0.008189
0.004893
0.009467
0.001616
0.002440
0.008284
0.001081
0.006115
0.005531
0.007782
0.001132
0.003641
0.005095
0.006037
0.005097
0.007785
0.003815
0.008756
0.007701
0.004531
0.004500
0.005297
0.009939
0.006870
0.006992
0.001342
0.009314
0.007509
0.003786
0.004919
0.002576
0.001975
0.009802
0.002043
0.003581
0.002241
0.000327
0.004652
0.008347
0.005848
0.002434
0.009469
0.009479
0.007519
0.005505
0.004576
0.005304
0.009310
0.003332
0.003005
0.003841
0.007822
0.008292
0.003781
0.004692
0.005284
0.005113
0.004007
0.002793
0.008889
0.008915
0.005358
0.000864
0.008717
0.007391
0.004435
0.000959
0.007709
0.009077
0.009295
0.003557
0.001510
0.008764
0.003035
0.009019
0.004269
0.007601
0.004323
0.003579
0.000933
0.007318
0.007410
0.008745
0.005610
0.001190
0.003437
0.000894
0.006293
0.007434
0.003677
0.005182
0.006349
0.009025
0.006035
0.005066
0.006417
0.000470
0.006015
0.004126
0.009537
0.005310
0.007672
0.001047
0.004074
0.000708
0.000066
0.008332
0.008299
0.004379
0.001911
0.009222
0.001697
0.009311
0.007967
0.007297
0.000501
0.001404
0.008182
0.006784
0.008828
0.001859
0.001966
0.005177
0.000884
0.007991
0.000243
0.007291
0.008452
0.006248
0.001416
0.007989
0.001558
0.009078
0.009026
0.005622
0.009776
0.009082
0.003954
0.008075
0.003461
0.005855
0.007297
0.005149
0.005165
0.005263
0.002446
0.005656
0.006657
0.000628
0.002441
0.005485
0.002477
0.004396
0.000661
0.003351
0.002387
0.000895
0.000641
0.000839
0.007133
0.002047
0.008818
0.008681
0.001126
0.007843
0.004302
0.000902
0.006926
0.008246
0.008967
0.000387
0.004101
0.006264
0.005526
0.009256
0.001527
0.007962
0.004913
0.008174
0.008580
0.007343
0.003658
0.001056
0.001740
0.004310
0.004397
0.004117
0.005195
0.005028
0.004946
0.002327
0.007065
0.003764
0.001008
0.008181
0.001607
0.005301
0.009073
0.008523
0.003547
0.008040
0.008900
0.007638
0.004304
0.004426
0.006894
0.005820
0.002387
0.001807
0.003994
0.000967
0.009140
0.007642
0.002013
0.000879
0.001952
0.006400
0.004987
0.007137
0.001427
0.009923
0.009454
0.008483
0.003686
0.000462
0.006664
0.005283
0.005753
0.005737
0.003806
0.009290
0.003777
0.002706
0.006928
0.008071
0.007121
0.003822
0.003891
0.009499
0.005619
0.007875
0.000465
0.004759
0.005517
0.002468
0.005628
0.007460
0.008858
0.000615
0.004596
0.000285
0.000537
0.004051
0.008758
0.004213
0.004503
0.005422
0.009486
0.000256
0.001159
0.003292
0.009536
0.004926
0.005988
0.006464
0.002997
0.003110
0.000285
0.006878
0.002608
0.005894
0.004753
0.003063
0.000653
0.000270
0.005521
0.006271
0.007720
0.004379
0.006875
0.002316
0.004654
0.007402
0.006357
0.003412
0.001616
0.000859
0.008824
0.001102
0.001105
0.009973
0.004384
0.000641
0.004899
0.000372
0.007095
0.007885
0.003472
0.007370
0.004763
0.006070
0.003264
0.009505
0.009123
0.003907
0.009765
0.004645
0.000178
0.007485
0.009014
0.007043
0.009791
0.003668
0.004445
0.006148
0.007070
0.006051
0.006997
0.005894
0.007143
0.008092
0.005866
0.001527
0.008724
0.000765
0.001890
0.005818
0.008640
0.005352
0.003189
0.003403
0.001422
0.006443
0.002908
0.000545
0.000350
0.002673
0.005180
0.000518
0.000158
0.004194
0.007551
0.009939
0.007852
0.001996
0.006087
0.004922
0.008037
0.003084
0.000816
0.005180
0.001176
0.006672
0.006698
0.009890
0.007427
0.008578
0.005708
0.006067
0.003929
0.008887
0.009459
0.005341
0.005330
0.002367
0.005877
0.005670
0.005030
0.001057
0.006177
0.005179
0.005241
0.003728
0.005118
0.003093
0.005714
0.001204
0.008005
0.003752
0.004278
0.008811
0.008922
0.005445
0.005483
0.005620
0.005334
0.002910
0.004198
0.001043
0.008966
0.008117
0.009920
0.008426
0.003459
0.005249
0.000793
0.009325
0.000919
0.005814
0.000383
0.007086
0.000992
0.005614
0.000815
0.006100
0.008697
0.006519
0.007294
0.006702
0.000271
0.001572
0.005513
0.009183
0.007007
0.000996
0.004803
0.002341
0.003895
0.008991
0.003374
0.002861
0.007108
0.003294
0.001287
0.000566
0.008533
0.002070
0.009882
0.009442
0.007874
0.000264
0.006529
0.008856
0.005868
0.007333
0.004956
0.004565
0.003852
0.002250
0.001267
0.004113
0.003813
0.006770
0.003296
0.000819
0.007755
0.008089
0.003151
0.001651
0.007080
0.006515
0.004502
0.004187
0.009799
0.005779
0.004744
0.008332
0.007840
0.004625
0.007774
0.005714
0.004879
0.004303
0.004570
0.000747
0.001636
0.009516
0.005302
0.005478
0.001766
0.006559
0.009581
0.005569
0.003329
0.002877
0.006378
0.001085
0.000966
0.009519
0.002725
0.008035
0.006034
0.007217
0.002223
0.005832
0.002997
0.006956
0.004164
0.000836
0.001581
0.001938
0.006540
0.006451
0.006230
0.001110
0.007188
0.007856
0.000626
0.002491
0.003334
0.002382
0.009040
0.002915
0.007940
0.002369
0.005781
0.004318
0.003444
0.006737
0.003837
0.006159
0.004772
0.009861
0.003376
0.006985
0.005693
0.006363
0.003941
0.009847
0.007189
0.005512
0.001785
0.003729
0.001963
0.008006
0.004828
0.009141
0.005862
0.005444
0.001632
0.009186
0.007816
0.000672
0.002100
0.005756
0.003031
0.007872
0.000074
0.006465
0.004609
0.003901
0.002624
0.009371
0.003762
0.005990
0.006356
0.009445
0.002353
0.000297
0.009292
0.009532
0.005799
0.001077
0.003261
0.007752
0.009072
0.008079
0.006893
0.004934
0.003523
0.008514
0.004119
0.001339
0.009176
0.006210
0.007085
0.002207
0.004081
0.007149
0.008662
0.008680
0.001050
0.001285
0.008051
0.004801
0.007265
0.004407
0.004246
0.009608
0.004694
0.003537
0.009140
0.000493
0.004604
0.002401
0.008234
0.003676
0.000480
0.005127
0.008600
0.003993
0.003642
0.002719
0.005322
0.002818
0.008919
0.002406
0.005015
0.003000
0.009545
0.003676
0.001681
0.000595
0.004952
0.009722
0.005386
0.002217
0.004129
0.009622
0.001825
0.008813
0.003159
0.000966
0.009296
0.007753
0.003357
0.007530
0.001429
0.003827
0.002657
0.000029
0.007810
0.006289
0.002738
0.003132
0.009097
0.001657
0.005528
0.004111
0.004648
0.005073
0.007778
0.006318
0.005658
0.002729
0.006040
0.001044
0.004936
0.000169
0.000665
0.006752
0.008972
0.003814
0.007707
0.008268
0.001567
0.001064
0.005797
0.002986
0.004881
0.008445
0.003005
0.002691
0.004734
0.005733
0.005813
0.003830
0.007381
0.001341
0.007931
0.002028
0.006404
0.005709
0.008337
0.002062
0.008428
0.004377
0.003096
0.003364
0.004536
0.003751
0.000116
0.003508
0.007555
0.007813
0.001776
0.009112
0.008867
0.007563
0.002098
0.003748
0.006008
0.005093
0.006429
0.000741
0.000827
0.002241
0.004562
0.008197
0.003572
0.002493
0.000226
0.009967
0.008192
0.008553
0.002029
0.006620
0.002930
0.005115
0.009975
0.007456
0.008856
0.000091
0.000964
0.006411
0.007894
0.002730
0.005524
0.006762
0.000293
0.007612
0.000510
0.006291
0.002705
0.006929
0.007022
0.003522
0.009160
0.001584
0.001719
0.002732
0.004067
0.001935
0.002699
0.002259
0.000487
0.004718
0.008870
0.003407
0.009823
0.008845
0.000863
0.008679
0.008926
0.001817
0.005090
0.006820
0.004537
0.000614
0.003582
0.004820
0.008216
0.004082
0.001111
0.000921
0.001010
0.008124
0.004433
0.000170
0.009698
0.006142
0.002893
0.003765
0.008066
0.005582
0.006014
0.008544
0.000300
0.004884
0.001951
0.000123
0.003728
0.002804
0.008792
0.002654
0.004611
0.003883
0.009464
0.009138
0.004487
0.003046
0.003958
0.002702
0.007118
0.005059
0.003613
0.008118
0.003183
0.008036
0.008279
0.002881
0.004178
0.001172
0.006635
0.002244
0.006744
0.002649
0.000788
0.007034
0.007523
0.002729
0.007147
0.001252
0.005523
0.005939
0.003896
0.000134
0.009811
0.003360
0.009263
0.004298
0.006396
0.003221
0.006990
0.003514
0.008270
0.000604
0.001632
0.001453
0.008629
0.009901
0.004324
0.002807
0.001073
0.000959
0.005041
0.007806
0.003598
0.005819
0.004840
0.001122
0.008538
0.001986
0.002363
0.004061
0.007915
0.006249
0.004185
0.007726
0.009599
0.003448
0.002024
0.005995
0.006659
0.009004
0.009499
0.004929
0.009598
0.001131
0.006372
0.008227
0.001032
0.000696
0.001034
0.002095
0.001645
0.006065
0.009891
0.005234
0.001884
0.004730
0.006345
0.000422
0.006707
0.008698
0.004473
0.004621
0.004947
0.008649
0.002347
0.004546
0.002097
0.004361
0.000541
0.008746
0.003365
0.000040
0.003675
0.002963
0.001161
0.000047
0.001190
0.002183
0.000733
0.002214
0.004268
0.002368
0.008269
0.004159
0.007592
0.000153
0.008879
0.003937
0.000566
0.005586
0.002635
0.005029
0.000207
0.007573
0.003678
0.002544
0.002119
0.005765
0.006896
0.002650
0.004510
0.000261
0.002680
0.008175
0.003214
0.003832
0.008212
0.004394
0.006005
0.008935
0.006598
0.000273
0.001303
0.004868
0.004422
0.008885
0.005011
0.003301
0.002822
0.005567
0.008876
0.005448
0.000596
0.009073
0.003021
0.004264
0.001618
0.005130
0.000028
0.008504
0.007770
0.004529
0.008755
0.000450
0.002704
0.001969
0.004272
0.000916
0.006353
0.000277
0.009841
0.002951
0.000540
0.001144
0.007809
0.004952
0.000029
0.002820
0.008243
0.002842
0.008376
0.007119
0.008280
0.008962
0.006192
0.001300
0.003226
0.007800
0.006420
0.003244
0.006304
0.004190
0.007763
0.005059
0.004630
0.000467
0.007018
0.008892
0.001373
0.003371
0.009160
0.001214
0.006312
0.009690
0.002348
0.004121
0.004642
0.002368
0.006931
0.002885
0.005199
0.005307
0.009994
0.003479
0.004270
0.006186
0.004769
0.007486
0.003987
0.001189
0.000730
0.000290
0.005369
0.008483
0.005339
0.009989
0.008940
0.002357
0.008881
0.000314
0.005718
0.008041
0.001517
0.002030
0.007731
0.003856
0.006141
0.002373
0.006213
0.003072
0.005247
0.001413
0.008369
0.005241
0.004882
0.002639
0.001428
0.009641
0.000125
0.005404
0.000830
0.000845
0.005685
0.006188
0.009318
0.001024
0.006177
0.008259
0.003371
0.005058
0.008562
0.009078
0.003099
0.000079
0.001108
0.000829
0.003925
0.007239
0.003192
0.000138
0.000311
0.008429
0.001541
0.008670
0.003671
0.006413
0.001309
0.005088
0.006054
0.001423
0.000493
0.006874
0.002258
0.006167
0.003062
0.001576
0.007181
0.009229
0.009825
0.000552
0.004287
0.008387
0.009620
0.007376
0.008456
0.000728
0.008195
0.002381
0.007957
0.001387
0.002510
0.008257
0.009806
0.004041
0.006927
0.003477
0.000454
0.008226
0.008555
0.006498
0.009639
0.009038
0.003371
0.001897
0.005205
0.006423
0.003464
0.002386
0.005652
0.003288
0.002928
0.009929
0.001675
0.002548
0.007305
0.000131
0.003266
0.005500
0.002502
0.001223
0.006877
0.005002
0.009470
0.006683
0.009033
0.006397
0.000160
0.009477
0.004623
0.008705
0.005974
0.004263
0.007743
0.009335
0.006150
0.002948
0.005758
0.009603
0.005324
0.001410
0.002892
0.008242
0.001340
0.004557
0.000791
0.008634
0.004678
0.004047
0.004134
0.007170
0.005260
0.001011
0.002172
0.004731
0.007683
0.001205
0.001128
0.007833
0.000682
0.005741
0.006538
0.006646
0.009994
0.004280
0.005981
0.006144
0.007218
0.001739
0.005747
0.002542
0.003140
0.008629
0.000784
0.004469
0.003186
0.001565
0.003104
0.007853
0.005602
0.007228
0.005023
0.000862
0.008228
0.007186
0.005583
0.005912
0.008381
0.006701
0.003744
0.009052
0.002443
0.000282
0.005698
0.002437
0.004552
0.001679
0.008571
0.001770
0.003409
0.004318
0.004302
0.006539
0.002947
0.005076
0.001008
0.006123
0.006631
0.004102
0.003976
0.002233
0.001329
0.008989
0.003085
0.009548
0.006175
0.008658
0.005459
0.004556
0.005360
0.009194
0.003608
0.007793
0.009466
0.009296
0.000229
0.004018
0.000976
0.008790
0.005777
0.004374
0.003109
0.000079
0.000913
0.006046
0.005145
0.001911
0.002169
0.001775
0.006003
0.006135
0.003998
0.007322
0.005124
0.007073
0.006870
0.001299
0.005732
0.002329
0.005845
0.001091
0.001523
0.009443
0.008874
0.000988
0.008739
0.009093
0.004996
0.009704
0.007884
0.000773
0.004079
0.000992
0.000842
0.004982
0.007028
0.005976
0.006883
0.009186
0.007742
0.002886
0.005321
0.001740
0.000208
0.000445
0.008803
0.007067
0.001734
0.004534
0.009386
0.007568
0.005616
0.000909
0.007011
0.004490
0.001887
0.005750
0.003583
0.006873
0.005454
0.001467
0.007636
0.009523
0.002449
0.008468
0.004505
0.009467
0.004444
0.001388
0.008653
0.002186
0.004263
0.003974
0.003915
0.004461
0.004409
0.002718
0.001528
0.006133
0.007242
0.000915
0.003701
0.002858
0.001814
0.000712
0.007338
0.003691
0.006452
0.000921
0.000563
0.001907
0.002377
0.008189
0.001430
0.004816
0.006657
0.005925
0.004283
0.001101
0.007303
0.002936
0.003276
0.001566
0.006900
0.007181
0.006017
0.001309
0.009890
0.007535
0.007432
0.007132
0.008440
0.001134
0.009980
0.000254
0.001836
0.007318
0.003934
0.008278
0.008228
0.004488
0.000185
0.000605
0.002677
0.001605
0.005411
0.009323
0.007520
0.009684
0.000424
0.004823
0.002620
0.003690
0.006379
0.009510
0.000872
0.002396
0.000819
0.000761
0.009921
0.008241
0.007883
0.008361
0.009365
0.007863
0.008605
0.001201
0.005181
0.002539
0.009469
0.003409
0.007017
0.009644
0.004004
0.009684
0.001249
0.009405
0.009007
0.008759
0.009089
0.009421
0.003581
0.001709
0.003112
0.009950
0.001219
0.003973
0.002346
0.002028
0.004725
0.002267
0.000269
0.002608
0.000628
0.009624
0.000471
0.009223
0.000824
0.005642
0.001762
0.000293
0.009040
0.008769
0.009927
0.003045
0.008452
0.001176
0.002450
0.007460
0.009924
0.001539
0.006881
0.003506
0.003238
0.009983
0.003456
0.004446
0.003956
0.005792
0.006464
0.008670
0.008049
0.006723
0.001278
0.008667
0.006347
0.001739
0.007889
0.007161
0.007371
0.009641
0.007444
0.006411
0.008410
0.007371
0.009446
0.006862
0.008536
0.001895
0.004322
0.008461
0.003424
0.001203
0.001967
0.006652
0.001185
0.005413
0.001098
0.005131
0.001204
0.007552
0.003802
0.009243
0.004275
0.005070
0.007910
0.000622
0.006799
0.005799
0.007773
0.004170
0.005440
0.005216
0.000581
0.003850
0.002587
0.000027
0.000712
0.001123
0.001912
0.005024
0.009574
0.005327
0.006217
0.001541
0.001978
0.007392
0.006943
0.003067
0.002523
0.008138
0.000619
0.006315
0.007381
0.004885
0.001385
0.005291
0.005497
0.008174
0.001090
0.003269
0.002343
0.006521
0.008476
0.002914
0.000371
0.001063
0.002931
0.001073
0.002176
0.004833
0.006088
0.001750
0.000160
0.002305
0.003281
0.002129
0.009687
0.000224
0.005185
0.002211
0.008352
0.005795
0.008516
0.005733
0.000679
0.009890
0.001024
0.006166
0.008064
0.002105
0.009425
0.000407
0.008615
0.007901
0.003312
0.008976
0.008954
0.006233
0.000050
0.001129
0.001067
0.006128
0.002870
0.001217
0.008422
0.006140
0.003335
0.008110
0.006355
0.008510
0.000320
0.004707
0.004305
0.008826
0.000440
0.004974
0.008716
0.001455
0.001140
0.006780
0.003549
0.000565
0.007178
0.002165
0.008456
0.000490
0.001141
0.007409
0.006713
0.001181
0.008529
0.007769
0.007299
0.001398
0.008976
0.005721
0.007529
0.002311
0.003831
0.003884
0.000821
0.004141
0.008581
0.005116
0.002967
0.009011
0.000090
0.001683
0.000466
0.001220
0.008453
0.004005
0.001775
0.005631
0.006160
0.000231
0.006111
0.007291
0.007631
0.002824
0.008462
0.006159
0.000593
0.005761
0.007548
0.009559
0.001482
0.005077
0.001869
0.005303
0.008950
0.002681
0.009434
0.007531
0.007787
0.002401
0.006542
0.007867
0.004074
0.006998
0.009077
0.002528
0.001003
0.000852
0.008149
0.007153
0.001074
0.004260
0.004444
0.008694
0.007073
0.002907
0.004854
0.007656
0.008658
0.002402
0.007214
0.000140
0.007468
0.009074
0.005433
0.006419
0.001755
0.004868
0.003950
0.009531
0.007259
