0.007904
0.002197
0.007429
0.009504
0.007143
0.007773
0.003758
0.005436
0.001946
0.006395
0.000617
0.001744
0.000852
0.004835
0.002865
0.006794
0.007818
0.006684
0.001666
0.004529
0.004629
0.003591
0.002026
0.004216
0.007880
0.002600
0.004358
0.009625
0.002172
0.004439
0.007801
0.000076
0.006626
0.005230
0.009570
0.003769
0.003003
0.003328
0.009195
0.004939
0.009714
0.009801
0.006673
0.000566
0.004637
0.009528
0.007350
0.002454
0.006212
0.009006
0.006973
0.000840
0.002597
0.008989
0.005046
0.000477
0.001588
0.009394
0.000102
0.003751
0.003833
0.007893
0.003817
0.000459
0.003123
0.003387
0.004218
0.006116
0.006705
0.003412
0.001055
0.006419
0.003214
0.007718
0.006974
0.007840
0.007246
0.004324
0.000295
0.003458
0.003330
0.007258
0.004288
0.005917
0.006247
0.009324
0.006383
0.007825
0.008718
0.006476
0.001576
0.002551
0.004369
0.005382
0.003000
0.007482
0.008759
0.007207
0.003598
0.005464
0.000619
0.004642
0.001882
0.003823
0.002360
0.008847
0.001664
0.009596
0.003171
0.001949
0.003054
0.006491
0.009197
0.007331
0.002407
0.005443
0.006656
0.008781
0.003269
0.005374
0.005256
0.004834
0.007915
0.009615
0.000217
0.000914
0.007097
0.008966
0.008111
0.000694
0.004429
0.008721
0.005326
0.006302
0.002544
0.007677
0.005148
0.004198
0.007273
0.008309
0.006136
0.000326
0.004799
0.005333
0.007648
0.007196
0.000776
0.004303
0.005977
0.004035
0.009667
0.001233
0.008859
0.007582
0.000848
0.009066
0.008486
0.007935
0.008031
0.006598
0.008619
0.002461
0.005319
0.003946
0.008752
0.007853
0.001622
0.003900
0.002050
0.008885
0.002209
0.008177
0.009201
0.006998
0.003510
0.006849
0.004194
0.004276
0.001152
0.000171
0.008301
0.000819
0.001394
0.007161
0.008391
0.002233
0.006227
0.006877
0.000167
0.004258
0.003475
0.008777
0.006709
0.008783
0.002722
0.005461
0.006636
0.004335
0.009351
0.008676
0.003220
0.001560
0.006853
0.002421
0.008548
0.000363
0.009260
0.002742
0.004629
0.000412
0.002903
0.002931
0.001221
0.004287
0.000091
0.009602
0.006510
0.006308
0.006479
0.006667
0.000566
0.009943
0.005444
0.007264
0.008726
0.008156
0.002725
0.005362
0.002491
0.002076
0.004039
0.005700
0.003626
0.000892
0.008111
0.002173
0.001245
0.007371
0.004905
0.005864
0.007772
0.007798
0.008785
0.008983
0.002085
0.008866
0.008585
0.008585
0.005174
0.005063
0.005252
0.005730
0.005006
0.000696
0.002994
0.003733
0.008842
0.005710
0.009085
0.001333
0.007776
0.003123
0.007023
0.001402
0.004005
0.005134
0.003565
0.005240
0.002505
0.008460
0.001104
0.000278
0.006258
0.009880
0.009251
0.008333
0.008746
0.007835
0.006918
0.003920
0.002898
0.002170
0.009640
0.007894
0.002855
0.002635
0.001627
0.001697
0.008334
0.000712
0.003020
0.006110
0.003825
0.000043
0.007501
0.007820
0.005167
0.001067
0.003060
0.007662
0.009517
0.004155
0.007930
0.005775
0.004034
0.007180
0.004108
0.002780
0.005015
0.001026
0.006690
0.007904
0.003185
0.006331
0.005798
0.006031
0.008955
0.007415
0.007717
0.007289
0.008117
0.000737
0.003399
0.001942
0.000770
0.000900
0.009752
0.005927
0.001957
0.002813
0.003589
0.001474
0.006958
0.001518
0.007239
0.000992
0.008689
0.001347
0.003762
0.003704
0.002363
0.000453
0.001607
0.005538
0.006773
0.007395
0.001569
0.005728
0.004810
0.009277
0.003018
0.002927
0.000014
0.006406
0.004859
0.000773
0.007297
0.004612
0.006690
0.009244
0.007414
0.000278
0.000718
0.004372
0.001787
0.007946
0.005354
0.000475
0.009283
0.009106
0.004169
0.001646
0.009549
0.005767
0.007175
0.006322
0.003162
0.008734
0.002050
0.007963
0.008010
0.005058
0.000890
0.008014
0.001464
0.005739
0.008777
0.008751
0.000351
0.005466
0.007995
0.007755
0.005735
0.008703
0.002127
0.007511
0.006649
0.007471
0.007977
0.005933
0.006578
0.002146
0.007569
0.006126
0.007902
0.004744
0.002449
0.001064
0.003477
0.004489
0.009017
0.001488
0.009537
0.009897
0.009491
0.001001
0.005636
0.008268
0.009743
0.005977
0.003735
0.007738
0.003732
0.009459
0.006441
0.005849
0.006971
0.003090
0.003321
0.004947
0.009013
0.009888
0.007083
0.006582
0.006015
0.004985
0.001325
0.008453
0.006040
0.004793
0.002942
0.005057
0.006270
0.002479
0.004953
0.005761
0.003471
0.000589
0.004029
0.003213
0.006556
0.007754
0.000951
0.000288
0.007213
0.007382
0.006127
0.004184
0.000472
0.009438
0.009121
0.009474
0.009326
0.006204
0.006056
0.005341
0.001189
0.007371
0.003794
0.007219
0.002164
0.006726
0.002276
0.008424
0.009195
0.007219
0.004185
0.002666
0.007798
0.008205
0.005869
0.004354
0.005959
0.006810
0.004632
0.003172
0.004192
0.000759
0.007346
0.004654
0.000197
0.006467
0.004128
0.009513
0.002671
0.000184
0.004854
0.003850
0.007546
0.008637
0.001069
0.009699
0.005363
0.003335
0.008123
0.004558
0.000554
0.002309
0.007214
0.008342
0.000513
0.003083
0.002696
0.006462
0.009883
0.007318
0.009624
0.004075
0.008067
0.006970
0.008718
0.008254
0.003437
0.002847
0.007767
0.006097
0.003021
0.002621
0.009937
0.000567
0.001258
0.001006
0.000266
0.006612
0.004331
0.008379
0.001170
0.004875
0.000688
0.008374
0.003216
0.001191
0.001456
0.005902
0.007643
0.001339
0.003220
0.007267
0.005404
0.001288
0.004237
0.004122
0.009532
0.007663
0.006959
0.007299
0.003761
0.009970
0.009910
0.003698
0.000537
0.001169
0.004694
0.000793
0.007770
0.009015
0.009163
0.008930
0.003890
0.009841
0.007304
0.007096
0.001032
0.008750
0.002998
0.008665
0.000089
0.006209
0.005932
0.005483
0.007486
0.000169
0.009595
0.007018
0.007822
0.006554
0.004318
0.001583
0.006524
0.004228
0.005271
0.007051
0.005387
0.009955
0.007834
0.003157
0.008970
0.006996
0.002087
0.002860
0.006837
0.009381
0.009946
0.007859
0.008131
0.002945
0.006524
0.008210
0.009143
0.002456
0.003692
0.006630
0.002615
0.003287
0.003648
0.000437
0.009831
0.007956
0.002010
0.006355
0.002184
0.007271
0.003405
0.007561
0.007226
0.001239
0.000718
0.006196
0.008226
0.002795
0.009047
0.005062
0.002176
0.008993
0.002921
0.000306
0.001938
0.009435
0.008506
0.001081
0.001891
0.002198
0.007701
0.004495
0.005476
0.001349
0.004922
0.005306
0.009295
0.006922
0.001661
0.001479
0.004193
0.005057
0.009029
0.001419
0.006286
0.009737
0.007606
0.004511
0.002532
0.006652
0.009564
0.004698
0.005645
0.002485
0.004994
0.007573
0.001920
0.003500
0.008644
0.003800
0.005688
0.006345
0.008286
0.001164
0.007684
0.003208
0.006460
0.006979
0.000131
0.008111
0.008448
0.004314
0.003168
0.007478
0.005723
0.009444
0.007215
0.003329
0.003955
0.009737
0.009971
0.003519
0.004435
0.005616
0.005994
0.009419
0.003189
0.007903
0.002919
0.001834
0.001704
0.008597
0.008169
0.009980
0.009751
0.005854
0.003188
0.006212
0.002833
0.003308
0.004323
0.001281
0.007612
0.007481
0.008748
0.003335
0.006925
0.005963
0.006654
0.000880
0.005700
0.006625
0.004388
0.000135
0.002241
0.000382
0.009543
0.005420
0.008276
0.002462
0.007244
0.009969
0.001059
0.005413
0.009949
0.000811
0.001267
0.003137
0.007012
0.004090
0.006435
0.001335
0.005360
0.004047
0.008806
0.004109
0.007372
0.005731
0.000072
0.004026
0.006600
0.005762
0.000650
0.000989
0.005887
0.002881
0.001361
0.005430
0.008291
0.009627
0.007882
0.005535
0.009596
0.008932
0.000949
0.009545
0.009732
0.002205
0.002682
0.006744
0.006285
0.009107
0.008069
0.001645
0.003154
0.006875
0.005744
0.000526
0.002606
0.005806
0.004542
0.009196
0.001569
0.005182
0.000185
0.007445
0.008053
0.001536
0.002876
0.006345
0.001163
0.000758
0.001880
0.000759
0.009679
0.002819
0.000304
0.009411
0.005014
0.002976
0.006155
0.001299
0.002083
0.004225
0.002934
0.005227
0.001100
0.008668
0.005743
0.003696
0.004475
0.000285
0.002892
0.006033
0.005457
0.003068
0.003479
0.003510
0.004594
0.006344
0.009845
0.005747
0.007092
0.001725
0.006496
0.006771
0.004534
0.006790
0.006183
0.009538
0.009756
0.002338
0.000837
0.001838
0.006553
0.003761
0.007055
0.007643
0.002430
0.002798
0.001339
0.006894
0.003073
0.004221
0.002928
0.008520
0.007279
0.006396
0.002031
0.001872
0.002740
0.001876
0.007609
0.009822
0.003591
0.004105
0.006594
0.008115
0.000894
0.002776
0.007653
0.000650
0.005104
0.008479
0.002478
0.001657
0.002241
0.009524
0.009290
0.004660
0.002322
0.000628
0.001554
0.005385
0.004839
0.004472
0.003906
0.002118
0.000868
0.005926
0.003980
0.003598
0.007792
0.001589
0.003421
0.001383
0.005684
0.000014
0.009487
0.006569
0.002781
0.007140
0.007209
0.007875
0.005619
0.009677
0.009522
0.007850
0.009201
0.008812
0.002510
0.001523
0.009431
0.004054
0.006898
0.004270
0.008516
0.000804
0.006378
0.009374
0.006720
0.000358
0.002973
0.004512
0.001938
0.006383
0.005885
0.007612
0.006388
0.005372
0.004181
0.009159
0.002512
0.001390
0.007034
0.008122
0.001067
0.006556
0.005972
0.000268
0.005368
0.008472
0.001781
0.004799
0.002526
0.008669
0.009059
0.001043
0.009462
0.005437
0.000417
0.006182
0.005786
0.003380
0.000694
0.007714
0.009753
0.006569
0.005326
0.006141
0.001941
0.009497
0.005299
0.004443
0.000886
0.002333
0.002565
0.001943
0.008879
0.008527
0.002201
0.004248
0.006999
0.003972
0.009037
0.009515
0.002640
0.008096
0.000557
0.002103
0.003533
0.000964
0.008275
0.009308
0.004334
0.008960
0.007022
0.004087
0.005529
0.002348
0.000228
0.007460
0.001844
0.005517
0.001904
0.002721
0.007840
0.004459
0.004654
0.006720
0.002985
0.006845
0.000967
0.009974
0.000817
0.009994
0.009489
0.003447
0.008090
0.000046
0.005540
0.001623
0.001000
0.003815
0.000931
0.005324
0.002775
0.007943
0.009401
0.008294
0.000291
0.009619
0.005754
0.002126
0.005136
0.007648
0.004836
0.002977
0.002106
0.009480
0.009686
0.005082
0.006326
0.000654
0.005056
0.007132
0.000648
0.004544
0.000580
0.008728
0.004581
0.006110
0.000351
0.005571
0.009915
0.001272
0.000895
0.002690
0.009206
0.000297
0.000985
0.009487
0.009906
0.006729
0.001612
0.005042
0.004376
0.006439
0.008009
0.006473
0.005919
0.007695
0.001554
0.002245
0.008339
0.006600
0.009367
0.008977
0.001145
0.009937
0.007705
0.005715
0.006046
0.008046
0.001286
0.005962
0.009308
0.002172
0.008642
0.008513
0.002459
0.009617
0.008000
0.002364
0.006345
0.009602
0.007397
0.000722
0.006041
0.005405
0.007185
0.001960
0.003100
0.008729
0.004194
0.001439
0.005329
0.003561
0.000416
0.006464
0.003498
0.008111
0.002179
0.009534
0.006157
0.003455
0.005496
0.005465
0.005617
0.004138
0.003978
0.008065
0.003755
0.001978
0.000430
0.000100
0.001580
0.007816
0.000812
0.007611
0.003222
0.007987
0.009561
0.006312
0.006716
0.003755
0.007741
0.002045
0.007307
0.008148
0.008499
0.000805
0.006259
0.000677
0.000339
0.002415
0.004123
0.005825
0.007870
0.009729
0.009953
0.001848
0.007795
0.003709
0.003816
0.008215
0.003799
0.005386
0.006031
0.004601
0.002997
0.009243
0.002588
0.002558
0.005555
0.009294
0.006304
0.003296
0.001339
0.003610
0.001444
0.009827
0.004405
0.007693
0.000504
0.004734
0.000108
0.004617
0.000559
0.007968
0.004347
0.000513
0.009806
0.002142
0.004211
0.003622
0.000356
0.008000
0.008998
0.006378
0.002602
0.001996
0.005621
0.005179
0.004544
0.001176
0.004473
0.000847
0.004462
0.005802
0.004448
0.005897
0.005629
0.008843
0.003589
0.006123
0.003577
0.003687
0.000740
0.004126
0.001656
0.005077
0.004629
0.001462
0.007209
0.008830
0.005074
0.007555
0.006831
0.004072
0.003933
0.009422
0.006058
0.009544
0.004602
0.000602
0.000720
0.009065
0.001439
0.005172
0.004867
0.005877
0.001069
0.000496
0.004720
0.004648
0.006609
0.008287
0.008325
0.007339
0.002413
0.009971
0.002416
0.007032
0.001432
0.009615
0.005862
0.006496
0.007170
0.002693
0.000568
0.001102
0.002115
0.006616
0.000646
0.006707
0.007207
0.001356
0.005772
0.008636
0.006518
0.000639
0.004513
0.007576
0.001124
0.009223
0.002224
0.007723
0.007509
0.000549
0.005062
0.009912
0.000520
0.007469
0.006944
0.001943
0.007083
0.002807
0.008429
0.004253
0.005490
0.008987
0.005345
0.007595
0.005603
0.005981
0.004303
0.002811
0.007327
0.000075
0.001447
0.003844
0.000704
0.005950
0.001421
0.001818
0.005173
0.003635
0.009531
0.002683
0.004174
0.004594
0.002595
0.004685
0.002063
0.009529
0.006618
0.009136
0.002336
0.005047
0.003389
0.007816
0.004034
0.008724
0.005411
0.009627
0.004705
0.009704
0.002438
0.002032
0.009769
0.003875
0.005867
0.000472
0.009815
0.007278
0.002280
0.004989
0.000912
0.001812
0.007662
0.005077
0.006396
0.000257
0.009752
0.008448
0.009776
0.006369
0.007584
0.002112
0.001416
0.000973
0.009918
0.005440
0.009687
0.005329
0.005067
0.004392
0.005033
0.007495
0.006415
0.004802
0.001370
0.002282
0.005264
0.001185
0.009549
0.007534
0.006164
0.000462
0.009336
0.003826
0.005528
0.005732
0.004072
0.005280
0.004180
0.003849
0.001649
0.001763
0.005951
0.003055
0.002726
0.005869
0.008484
0.002413
0.001198
0.003551
0.006796
0.006221
0.001046
0.003210
0.001023
0.002406
0.005482
0.006277
0.003581
0.005031
0.003811
0.009735
0.005483
0.003147
0.003561
0.001011
0.008868
0.007624
0.006281
0.003048
0.001472
0.007920
0.004802
0.007413
0.000975
0.007518
0.003282
0.009449
0.009921
0.004470
0.003001
0.006717
0.000691
0.004037
0.009917
0.001704
0.006433
0.005399
0.007970
0.000014
0.000431
0.001781
0.009739
0.005903
0.004918
0.003300
0.006904
0.003787
0.000924
0.003186
0.006825
0.002386
0.001106
0.001626
0.009789
0.002070
0.009134
0.003071
0.001520
0.009055
0.007530
0.004510
0.005772
0.008211
0.008537
0.005689
0.009905
0.004969
0.001088
0.007875
0.004973
0.001509
0.009646
0.004712
0.007402
0.004565
0.008003
0.004307
0.008341
0.008916
0.007482
0.005166
0.001303
0.008578
0.006783
0.001091
0.000648
0.005917
0.004152
0.002158
0.004972
0.001682
0.006658
0.000744
0.009883
0.005195
0.006423
0.009788
0.000164
0.007501
0.007663
0.005127
0.009000
0.007309
0.009830
0.006402
0.001874
0.007832
0.000709
0.000216
0.006749
0.008181
0.005372
0.008041
0.006759
0.002154
0.009123
0.007397
0.008061
0.003275
0.009544
0.003033
0.004947
0.006202
0.003767
0.004830
0.001397
0.000190
0.004618
0.001551
0.007681
0.002282
0.006668
0.006681
0.009581
0.006497
0.003083
0.001455
0.004330
0.003782
0.001661
0.001079
0.001963
0.007022
0.009110
0.008711
0.009167
0.008233
0.006108
0.007228
0.001507
0.005652
0.000261
0.006444
0.001854
0.004018
0.001275
0.003241
0.004198
0.005883
0.004782
0.001879
0.008155
0.001450
0.008549
0.007736
0.007937
0.001632
0.009181
0.002267
0.005404
0.000841
0.003335
0.007357
0.007853
0.002445
0.006068
0.007020
0.000678
0.002176
0.004248
0.002175
0.007818
0.004499
0.008610
0.009663
0.008507
0.009874
0.002904
0.002705
0.005758
0.007676
0.004574
0.003912
0.009115
0.003123
0.001648
0.007052
0.004746
0.000829
0.009309
0.000150
0.001660
0.002644
0.007496
0.009503
0.005080
0.003564
0.006523
0.005747
0.005730
0.000771
0.007913
0.003549
0.005261
0.006522
0.003212
0.003768
0.006397
0.006106
0.006463
0.002154
0.003782
0.001037
0.006056
0.002897
0.004151
0.007694
0.009939
0.008886
0.008513
0.009248
0.009026
0.000172
0.001892
0.006523
0.009665
0.006962
0.000087
0.006189
0.002709
0.005807
0.006950
0.000622
0.009346
0.002211
0.007134
0.002558
0.005969
0.003531
0.008654
0.002432
0.005675
0.002435
0.003460
0.001731
0.005322
0.007600
0.009415
0.005261
0.006487
0.007928
0.004509
0.005513
0.008090
0.006391
0.002036
0.007756
0.003353
0.002112
0.003944
0.006053
0.007910
0.000894
0.006665
0.007256
0.003095
0.003799
0.009804
0.009054
0.007320
0.008457
0.001486
0.002995
0.000893
0.004936
0.004716
0.006205
0.002537
0.004132
0.001466
0.009014
0.002059
0.005965
0.004527
0.000150
0.002356
0.006552
0.007895
0.005699
0.008655
0.001839
0.001752
0.006564
0.002724
0.008407
0.003820
0.005809
0.002206
0.003623
0.004863
0.009517
0.002081
0.006339
0.002512
0.002963
0.001275
0.007218
0.009158
0.003802
0.001349
0.000623
0.002815
0.003399
0.006578
0.007332
0.003539
0.008924
0.003884
0.001434
0.004623
0.002539
0.003263
0.006365
0.009093
0.005977
0.004772
0.002913
0.001786
0.006969
0.006526
0.006638
0.006486
0.008596
0.002977
0.008987
0.001559
0.004243
0.006205
0.000717
0.008035
0.007545
0.001330
0.000850
0.000944
0.007898
0.008172
0.004472
0.006822
0.002057
0.005896
0.001445
0.004585
0.009149
0.007800
0.003678
0.005126
0.002573
0.006581
0.006901
0.009532
0.003107
0.003540
0.006017
0.001703
0.006507
0.005005
0.003253
0.000750
0.001210
0.003960
0.008775
0.008744
0.005280
0.009615
0.009678
0.003178
0.007787
0.004150
0.009990
0.009834
0.000046
0.001435
0.004419
0.009185
0.009226
0.008087
0.004310
0.001799
0.004668
0.001212
0.001330
0.007765
0.004741
0.007338
0.009458
0.001248
0.002342
0.002710
0.001988
0.003542
0.006660
0.000763
0.002286
0.001940
0.000378
0.001964
0.005109
0.008155
0.006104
0.005099
0.007989
0.006140
0.006524
0.002408
0.005324
0.005750
0.000496
0.009625
0.007539
0.005154
0.000836
0.008859
0.002919
0.005567
0.006197
0.002377
0.006806
0.008529
0.005077
0.008784
0.002071
0.001737
0.009536
0.004347
0.003668
0.009904
0.006301
0.008766
0.008059
0.002405
0.003865
0.006048
0.008535
0.000389
0.008447
0.003860
0.006129
0.008932
0.003484
0.003668
0.004086
0.004311
0.002527
0.006995
0.009868
0.008713
0.009362
0.006674
0.007242
0.004439
0.005457
0.009303
0.006167
0.004993
0.003650
0.009825
0.004897
0.009941
0.008591
0.002957
0.002347
0.002456
0.008995
0.000882
0.002835
0.007441
0.004732
0.008955
0.006374
0.008206
0.002622
0.000460
0.002517
0.005139
0.007446
0.002385
0.003852
0.006808
0.009048
0.001095
0.001247
0.004506
0.000398
0.007404
0.009489
0.004038
0.007229
0.004386
0.003979
0.005820
0.007333
0.006316
0.008266
0.006328
0.007189
0.001101
0.003769
0.001921
0.000056
0.000143
0.000127
0.002668
0.000593
0.002634
0.007797
0.008029
0.005009
0.001650
0.004837
0.004057
0.002734
0.006074
0.008553
0.003122
0.003478
0.008042
0.007150
0.000707
0.002428
0.001129
0.006517
0.009751
0.007436
0.004783
0.006079
0.004624
0.005874
0.009838
0.006535
0.005920
0.009971
0.006652
0.008578
0.000565
0.009276
0.006375
0.008584
0.004285
0.008015
0.003421
0.008332
0.000749
0.009485
0.006885
0.003862
0.002963
0.004927
0.001012
0.003661
0.007345
0.002131
0.000178
0.007096
0.009557
0.004951
0.003175
0.004181
0.000825
0.003013
0.000716
0.006735
0.002985
0.007358
0.005313
0.003539
0.006634
0.001688
0.002123
0.000919
0.009693
0.005534
0.009241
0.000442
0.005019
0.006126
0.004294
0.007972
0.001053
0.005296
0.001633
0.008389
0.007417
0.001801
0.005485
0.006974
0.006741
0.008650
0.001155
0.007556
0.001664
0.001861
0.004291
0.004638
0.009210
0.009593
0.008168
0.005844
0.001281
0.000291
0.006753
0.000974
0.005815
0.005995
0.001406
0.000833
0.002121
0.005690
0.008796
0.003164
0.000986
0.000429
0.001553
0.008393
0.002219
0.007028
0.005366
0.008951
0.005679
0.006511
0.006506
0.007332
0.008363
0.000797
0.001971
0.007573
0.000390
0.000138
0.003417
0.001661
0.000419
0.000170
0.002625
0.006224
0.006155
0.004021
0.007047
0.008266
0.009701
0.005843
0.001430
0.000687
0.006261
0.002973
0.009070
0.008471
0.009992
0.004436
0.007421
0.005670
0.000947
0.003928
0.003003
0.009300
0.004715
0.004963
0.006873
0.005095
0.005092
0.000290
0.006746
0.005501
0.000450
0.009361
0.001724
0.006595
0.003383
0.008761
0.004861
0.003084
0.004604
0.006281
0.003761
0.000865
0.009244
0.002831
0.009326
0.009236
0.007257
0.006747
0.004906
0.008195
0.000675
0.007899
0.007495
0.005380
0.002862
0.004368
0.000475
0.007944
0.004647
0.007211
0.003445
0.005087
0.006572
0.005159
0.001682
0.009945
0.003920
0.006533
0.003029
0.008514
0.002814
0.006780
0.009369
0.002058
0.009601
0.008695
0.001294
0.006858
0.005443
0.006191
0.005053
0.006108
0.004090
0.002548
0.001487
0.006942
0.006905
0.001952
0.004886
0.001553
0.009153
0.008321
0.006630
0.005725
0.003480
0.008302
0.005670
0.007391
0.004835
0.008688
0.005905
0.007638
0.005468
0.005274
0.009686
0.005069
0.003969
0.000980
0.001927
0.009402
0.007161
0.006970
0.005509
0.001251
0.009508
0.006987
0.008183
0.006413
0.008929
0.003069
0.007955
0.008082
0.001390
0.004585
0.003807
0.004860
0.002887
0.009466
0.002251
0.007712
0.008155
0.008146
0.005350
0.003623
0.003420
0.005036
0.008682
0.007379
0.006007
0.000609
0.006781
0.003168
0.007570
0.002290
0.004408
0.007077
0.009267
0.002591
0.003490
0.008196
0.005650
0.001446
0.006277
0.007030
0.006021
0.000084
0.001890
0.008898
0.009540
0.004131
0.006610
0.007695
0.002277
0.001960
0.001318
0.005687
0.006986
0.009990
0.003066
0.002993
0.000599
0.009837
0.006151
0.008159
0.002127
0.000559
0.005236
0.001394
0.003139
0.008716
0.009580
0.008779
0.000162
0.005857
0.005809
0.006173
0.005931
0.007689
0.005071
0.005472
0.001821
0.001680
0.003167
0.004088
0.003630
0.004475
0.009765
0.000617
0.004465
0.002831
0.003599
0.005054
0.002668
0.009740
0.003213
0.004785
0.000299
0.008439
0.006169
0.003428
0.007156
0.005749
0.002207
0.007308
0.001606
0.008006
0.003480
0.007527
0.005696
0.008541
0.002998
0.007506
0.000221
0.006155
0.001594
0.003842
0.000630
0.001359
0.004448
0.005084
0.004180
0.008038
0.000138
0.006838
0.007778
0.003341
0.001623
0.008066
0.001780
0.007783
0.001494
0.008926
0.003531
0.003692
0.006234
0.005127
0.001698
0.009704
0.002654
0.007383
0.008245
0.005642
0.004890
0.008456
0.001797
0.006474
0.002298
0.002417
0.007823
0.006736
0.007492
0.002004
0.004774
0.007620
0.008832
0.002552
0.000961
0.000456
0.000618
0.002732
0.008228
0.002102
0.001658
0.001759
0.005784
0.007881
0.006876
0.007472
0.007585
0.009520
0.004855
0.005830
0.005162
0.009735
0.004286
0.006950
0.006209
0.006574
0.009357
0.004032
0.003310
0.006849
0.006026
0.008074
0.004469
0.004858
0.000626
0.005420
0.005304
0.001234
0.008142
0.003532
0.003326
0.009790
0.005282
0.009100
0.007671
0.002158
0.006572
0.005256
0.001678
0.001427
0.001086
0.006830
0.001161
0.005362
0.003780
0.007360
0.001936
0.003137
0.001392
0.005237
0.009976
0.007408
0.003311
0.004445
0.002266
0.003927
0.009855
0.007560
0.005151
0.007997
0.001092
0.008467
0.007786
0.006364
0.007567
0.005457
0.008512
0.004138
0.000713
0.000190
0.005555
0.001789
0.007010
0.006706
0.007141
0.000790
0.004066
0.009068
0.003918
0.005448
0.004304
0.003893
0.002856
0.007605
0.008328
0.005113
0.001532
0.008183
0.002673
0.006673
0.006180
0.003755
0.005139
0.003966
0.000119
0.002706
0.009413
0.008621
0.006834
0.000127
0.008801
0.002389
0.001906
0.005811
0.009085
0.009038
0.006592
0.003151
0.008105
0.000509
0.008589
0.002410
0.004393
0.001446
0.000015
0.002721
0.006548
0.001537
0.000903
0.009211
0.008200
0.007073
0.002966
0.003339
0.001039
0.003076
0.006035
0.000452
0.001697
0.002870
0.000569
0.000497
0.005248
0.002465
0.006298
0.004333
0.001503
0.002890
0.007474
0.009599
0.003389
0.006064
0.002008
0.007772
0.007499
0.002014
0.000492
0.004047
0.003541
0.001386
0.003259
0.001741
0.008449
0.006215
0.005070
0.009478
0.009281
0.001106
0.009920
0.000977
0.003965
0.000489
0.001465
0.009204
0.002945
0.007753
0.003537
0.004438
0.000643
0.001012
0.004037
0.004022
0.007065
0.006035
0.001794
0.004564
0.008038
0.002276
0.008602
0.001579
0.003652
0.001860
0.003310
0.002100
0.008065
0.008370
0.001578
0.007346
0.009466
0.001498
0.008313
0.003432
0.001977
0.009768
0.002636
0.004912
0.007521
0.006163
0.009340
0.008154
0.007165
0.003376
0.002176
0.004230
0.009401
0.003960
0.008784
0.007440
0.006226
0.007386
0.009009
0.009868
0.009236
0.002319
0.001968
0.007302
0.000690
0.003536
0.004647
0.000156
0.005024
0.002961
0.003578
0.006991
0.002728
0.006203
0.001903
0.000249
0.002367
0.001243
0.008393
0.009521
0.004609
0.000569
0.003751
0.004011
0.004519
0.002536
0.001451
0.000745
0.009912
0.000460
0.000613
0.009148
0.002769
0.002571
0.006449
0.003448
0.006097
0.001097
0.003594
0.001120
0.004047
0.007162
0.008101
0.006766
0.003365
0.009994
0.007005
0.005722
0.001237
0.005398
0.005243
0.005837
0.005957
0.008985
0.009838
0.000476
0.001520
0.001288
0.001211
0.001432
0.001738
0.001814
0.000580
0.004496
0.004375
0.007019
0.007935
0.000471
0.008106
0.001529
0.001582
0.002153
0.008681
0.009673
0.008909
0.002047
0.009667
0.005913
0.007759
0.000905
0.001311
0.003002
0.006732
0.007258
0.001986
0.006569
0.007724
0.003497
0.007847
0.008925
0.004918
0.009575
0.000739
0.005488
0.004071
0.005104
0.002507
0.002006
0.005565
0.000612
0.003525
0.007136
0.002756
0.002206
0.006809
0.001664
0.004243
0.006477
0.007568
0.002002
0.007372
0.008869
0.004994
0.004103
0.006127
0.006970
0.000673
0.003851
0.000467
0.008510
0.002776
0.005375
0.008085
0.003505
0.000863
0.002157
0.008599
0.003359
0.004153
0.004163
0.003962
0.007668
0.001300
0.006707
0.009865
0.008099
0.008362
0.004108
0.004576
0.005930
0.006099
0.001947
0.004799
0.001093
0.006040
0.000926
0.008053
0.006703
0.004767
0.008510
0.005213
0.007533
0.003885
0.003298
0.001038
0.004737
0.005445
0.009627
0.008087
0.009588
0.003790
0.002049
0.007256
0.005080
0.008746
0.007121
0.003179
0.007108
0.001229
0.007744
0.003037
0.007318
0.009682
0.007826
0.008401
0.005722
0.008741
0.006454
0.002425
0.003508
0.004964
0.007629
0.001041
0.008838
0.000927
0.002070
0.003575
0.006362
0.001697
0.001662
0.005950
0.005477
0.003701
0.003207
0.000557
0.002447
0.000328
0.003726
0.009544
0.001546
0.001471
0.002582
0.008854
0.001152
0.000407
0.007255
0.006864
0.009139
0.003709
0.009280
0.002647
0.008663
0.006908
0.003678
0.007501
0.007825
0.005738
0.001077
0.004187
0.007425
0.002729
0.000138
0.002902
0.006420
0.003334
0.003449
0.008856
0.003652
0.007165
0.008400
0.005188
0.008626
0.000982
0.004042
0.009768
0.001379
0.001298
0.006632
0.000518
0.004997
0.005912
0.003155
0.003660
0.002820
0.006823
0.001162
0.000645
0.002561
0.002229
0.004823
0.009976
0.004948
0.004950
0.002878
0.001367
0.008275
0.006317
0.000223
0.001927
0.003482
0.008614
0.007105
0.002107
0.009586
0.001147
0.001875
0.000965
0.002434
0.008497
0.001473
0.007421
0.004409
0.004619
0.001081
0.007219
0.001442
0.002233
0.007854
0.003993
0.004452
0.002677
0.003970
0.009389
0.007617
0.006837
0.000757
0.005892
0.003154
0.000970
0.007808
0.006626
0.009574
0.004913
0.008723
0.009160
0.006050
0.000599
0.000125
0.008474
0.009086
0.001588
0.005895
0.003495
0.006197
0.006967
0.000714
0.007629
0.009190
0.008559
0.001622
0.003641
0.001236
0.005582
0.003031
0.008843
0.002419
0.003777
0.004735
0.005564
0.004737
0.002543
0.002189
0.004311
0.007446
0.000913
0.003471
0.003496
0.001501
0.003586
0.001970
0.000587
0.005165
0.007855
0.004072
0.001362
0.004822
0.004777
0.008981
0.004011
0.003336
0.000603
0.007643
0.004561
0.006175
0.000673
0.003404
0.008585
0.004441
0.008129
0.004148
0.009168
0.000672
0.006327
0.003479
0.008108
0.007230
0.006940
0.001604
0.008721
0.000526
0.003564
0.009298
0.005681
0.001419
0.003371
0.007033
0.006230
0.008137
0.006013
0.000241
0.001473
0.006606
0.007874
0.006024
0.002781
0.008537
0.009418
0.001366
0.002978
0.007547
0.005504
0.002145
0.008209
0.001832
0.005614
0.006317
0.009052
0.002555
0.007911
0.007773
0.003071
0.001475
0.007071
0.008742
0.002884
0.000442
0.005774
0.009104
0.008569
0.001788
0.009335
0.000042
0.008384
0.007209
0.006056
0.001165
0.005746
0.005475
0.002521
0.008714
0.003022
0.008015
0.000859
0.001231
0.009837
0.006464
0.007539
0.008888
0.009008
0.005450
0.006661
0.002079
0.006915
0.003732
0.000821
0.009789
0.004164
0.006585
0.008893
0.002733
0.008363
0.008228
0.002765
0.006746
0.005438
0.008812
0.007902
0.001184
0.004286
0.000423
0.009887
0.007298
0.008428
0.000747
0.008519
0.008265
0.007200
0.006058
0.007154
0.006208
0.001508
0.003815
0.008277
0.008413
0.007537
0.009088
0.008203
0.001701
0.005673
0.007096
0.004424
0.004036
0.005324
0.007179
0.000782
0.000762
0.005990
0.008674
0.001935
0.000277
0.009087
0.001823
0.007565
0.007515
0.002559
0.006084
0.005780
0.009750
0.002142
0.002934
0.005958
0.003640
0.006738
0.004235
0.002053
0.004275
0.003323
0.000256
0.005966
0.008986
0.007342
0.000389
0.003022
0.002666
0.007558
0.003794
0.003417
0.003549
0.002468
0.005343
0.003815
0.001554
0.007156
0.001380
0.009060
0.009705
0.007454
0.004840
0.009454
0.009586
0.007764
0.005412
0.003226
0.004502
0.009637
0.005270
0.008767
0.002960
0.005516
0.004733
0.001946
0.002858
0.005112
0.004957
0.005513
0.002671
0.008741
0.008921
0.006209
0.001209
0.004264
0.000024
0.002753
0.001419
0.001394
0.001813
0.001124
0.008839
0.006642
0.000579
0.008425
0.004406
0.005981
0.001651
0.008898
0.005618
0.006911
0.007666
0.008568
0.002427
0.002399
0.000514
0.005275
0.007501
0.005461
0.000788
0.000171
0.004202
0.009699
0.006370
0.005401
0.003962
0.006385
0.008144
0.005371
0.007769
0.009946
0.006486
0.006608
0.006589
0.007054
0.005033
0.000995
0.003035
0.006674
0.009883
0.008643
0.003585
0.007548
0.007211
0.006002
0.009937
0.007715
0.001277
0.007438
0.003176
0.002055
0.007599
0.007368
0.001754
0.003970
0.002768
0.005706
0.000355
0.000912
0.001078
0.008114
0.000858
0.007553
0.004722
0.007436
0.004608
0.009744
0.008421
0.007633
0.006418
0.008304
0.006276
0.009994
0.005852
0.003487
0.005996
0.005789
0.001202
0.007263
0.003227
0.004367
0.009309
0.000826
0.001735
0.001062
0.004786
0.004493
0.006759
0.005131
0.005395
0.007826
0.003244
0.006243
0.005380
0.007956
0.003679
0.009977
0.007700
0.002100
0.007610
0.004119
0.000404
0.003886
0.004113
0.006246
0.007363
0.000109
0.002035
0.008554
0.007362
0.005252
0.002922
0.006671
0.006068
0.004646
0.007723
0.000854
0.009129
0.004482
0.005975
0.004524
0.002308
0.009209
0.000767
0.007678
0.007165
0.004436
0.007655
0.004865
0.006526
0.005265
0.008974
0.006920
0.009141
0.003086
0.003166
0.006503
0.003185
0.005191
0.005058
0.000548
0.000443
0.007969
0.007209
0.006501
0.002616
0.004932
0.007345
0.001745
0.009404
0.003320
0.006259
0.001712
0.002529
0.007016
0.009380
0.009684
0.001452
0.007035
0.004549
0.007968
0.002300
0.003523
0.004888
0.001441
0.006600
0.008044
0.007934
0.009775
0.003235
0.002992
0.000323
0.003667
0.000961
0.007521
0.000168
0.003567
0.002453
0.007503
0.005302
0.001858
0.000823
0.001562
0.003560
0.003342
0.008568
0.002941
0.003026
0.000020
0.009966
0.007566
0.007979
0.002266
0.001089
0.002867
0.003697
0.007679
0.000911
0.001632
0.007454
0.004136
0.004614
0.007766
0.007793
0.005566
0.005288
0.007952
0.009123
0.007731
0.005455
0.004425
0.009579
0.006268
0.005977
0.003139
0.009600
0.004545
0.006070
0.002627
0.004555
0.006036
0.000192
0.002534
0.008292
0.001271
0.005391
0.001989
0.008940
0.006292
0.003611
0.006394
0.000428
0.008215
0.004160
0.008211
0.003781
0.009438
0.006163
0.002903
0.007170
0.001618
0.007318
0.006748
0.007876
0.003295
0.009877
0.007476
0.007829
0.005947
0.000103
0.002384
0.001983
0.000285
0.004908
0.000274
0.001547
0.000300
0.002254
0.000487
0.006582
0.005855
0.006871
0.007000
0.004070
0.001031
0.005211
0.007841
0.000469
0.001374
0.000744
0.007629
0.002982
0.008052
0.004377
0.000858
0.001347
0.004255
0.008324
0.009166
0.000202
0.008417
0.001551
0.002175
0.008692
0.006449
0.002439
0.000239
0.006739
0.004683
0.000716
0.003321
0.000537
0.007577
0.000321
0.004598
0.008598
0.005522
0.002438
0.009057
0.006886
0.003173
0.006686
0.009858
0.001225
0.001064
0.000716
0.002562
0.005309
0.009030
0.001729
0.005501
0.007447
0.003270
0.007665
0.006139
0.009709
0.000104
0.006368
0.006448
0.004777
0.007074
0.009759
0.005304
0.004651
0.000080
0.009892
0.003248
0.005592
0.002330
0.002306
0.002478
0.005493
0.008982
0.002336
0.006708
0.000046
0.003041
0.009260
0.005345
0.002071
0.000988
0.000845
0.009508
0.004248
0.008500
0.005646
0.003957
0.008595
0.002014
0.000405
0.003371
0.009078
0.000164
0.008665
0.003729
0.000233
0.008557
0.006967
0.005815
0.000887
0.009263
0.008283
0.006370
0.008245
0.000618
0.003077
0.008281
0.003650
0.002337
0.003626
0.005711
0.003315
0.004461
0.005218
0.007553
0.002962
0.000865
0.001510
0.001556
0.002869
0.001904
0.004918
0.001947
0.002058
0.003583
0.005665
0.002281
0.002140
0.002632
0.008086
0.003017
0.001895
0.006369
0.009377
0.000140
0.006977
0.002454
0.008412
0.000627
0.004781
0.002037
0.006327
0.008086
0.006489
0.001545
0.005639
0.009440
0.002400
0.007138
0.000997
0.005259
0.009033
0.005904
0.007195
0.001091
0.009477
0.002861
0.003362
0.001617
0.005483
0.001448
0.004624
0.007368
0.007807
0.004001
0.007499
0.004784
0.006445
0.005910
0.005400
0.001226
0.007938
0.001727
0.009302
0.004426
0.003263
0.004941
0.003867
0.005652
0.002080
0.004853
0.000911
0.001112
0.000758
0.008096
0.002193
0.000235
0.000957
0.005545
0.001842
0.006430
0.006983
0.006456
0.003798
0.004790
0.000458
0.001297
0.009564
0.006893
0.007197
0.004964
0.008109
0.005135
0.006682
0.007411
0.009551
0.009935
0.002352
0.003418
0.005587
0.004422
0.008261
0.006488
0.005524
0.009008
0.004584
0.007707
0.009233
0.005531
0.003252
0.001075
0.001962
0.000235
0.007522
0.005750
0.005015
0.007969
0.007037
0.004579
0.004862
0.004234
0.009534
0.002971
0.009359
0.006216
0.000382
0.008909
0.006150
0.002724
0.002327
0.001737
0.007135
0.000588
0.008215
0.002659
0.009586
0.002799
0.000366
0.008819
0.008321
0.003608
0.009885
0.000282
0.003833
0.007406
0.006022
0.008838
0.005375
0.003059
0.003417
0.000237
0.007283
0.002951
0.003198
0.006641
0.009157
0.003570
0.005551
0.005307
0.006283
0.007868
0.007034
0.003419
0.008446
0.005249
0.006068
0.008032
0.008039
0.006424
0.006851
0.006360
0.000031
0.006736
0.006632
0.003854
0.004142
0.002654
0.002693
0.009507
0.005703
0.006100
0.009735
0.002986
0.009041
0.002933
0.009617
0.008198
0.006492
0.005168
0.003505
0.002776
0.003036
0.000539
0.006184
0.001482
0.005779
0.002252
0.009504
0.003817
0.008665
0.006355
0.000177
0.008687
0.003090
0.006799
0.002541
0.007222
0.009443
0.005224
0.006730
0.005146
0.001324
0.006464
0.008122
0.000365
0.009387
0.007739
0.008553
0.005879
0.002907
0.002058
0.008645
0.005934
0.002587
0.004829
0.007405
0.008355
0.007071
0.006909
0.002173
0.005736
0.003264
0.002339
0.004423
0.006344
0.009128
0.006954
0.003566
0.008571
0.002178
0.000296
0.003716
0.003492
0.006751
0.001838
0.003846
0.006138
0.009567
0.002399
0.002017
0.002475
0.004447
0.000662
0.008398
0.007023
0.005480
0.005804
0.005379
0.002551
0.002712
0.007541
0.008277
0.005966
0.009871
0.002701
0.002310
0.008999
0.009645
0.005866
0.007570
0.001823
0.006152
0.001286
0.005304
0.002903
0.003114
0.009141
0.009030
0.002681
0.001540
0.001047
0.005146
0.005976
0.001699
0.003544
0.003000
0.007169
0.009338
0.008369
0.009710
0.002050
0.005910
0.007988
0.008006
0.005781
0.000688
0.000315
0.004780
0.000333
0.006172
0.002349
0.002146
0.002324
0.003625
0.007440
0.005217
0.006729
0.006581
0.004247
0.009401
0.008110
0.005284
0.004546
0.004087
0.006973
0.008080
0.007077
0.004142
0.007418
0.005445
0.003852
0.009458
0.001355
0.001840
0.007463
0.007126
0.002519
0.007769
0.001906
0.002842
0.003941
0.004246
0.004978
0.006254
0.007861
0.002418
0.001471
0.004590
0.008989
0.005708
0.003991
0.007099
0.000992
0.008527
0.001186
0.007955
0.006608
0.008252
0.002097
0.004026
0.003698
0.005939
0.003483
0.005043
0.007770
0.000947
0.002169
0.000288
0.008706
0.004066
0.003120
0.002646
0.008301
0.008087
0.008891
0.006162
0.000505
0.000362
0.000752
0.009484
0.006060
0.004733
0.006583
0.007042
0.003260
0.007758
0.004997
0.009858
0.006011
0.007084
0.003883
0.009698
0.003024
0.007357
0.004741
0.000793
0.008293
0.006901
0.001071
0.006999
0.000966
0.004181
0.009635
0.009257
0.002269
0.008526
0.005419
0.002764
0.008878
0.006161
0.002247
0.004938
0.000894
0.008820
0.001980
0.004144
0.006578
0.006968
0.004002
0.002589
0.004052
0.007875
0.002287
0.007066
0.005232
0.007018
0.007849
0.003525
0.003919
0.008911
0.000524
0.004875
0.003092
0.000160
0.004132
0.005350
0.008676
0.009541
0.008104
0.007554
0.005703
0.000351
0.002491
0.006587
0.009161
0.004462
0.000731
0.005739
0.001429
0.004723
0.008317
0.005471
0.002599
0.000604
0.002537
0.007820
0.007612
0.000386
0.001345
0.001531
0.009287
0.001860
0.006395
0.002379
0.002009
0.000527
0.007720
0.000685
0.000069
0.005824
0.008228
0.005761
0.006165
0.000720
0.002348
0.005325
0.005171
0.003070
0.001064
0.006590
0.007783
0.009371
0.002062
0.000382
0.009965
0.004589
0.008192
0.007577
0.004965
0.009527
0.009097
0.004252
0.001387
0.005493
0.006621
0.003386
0.006010
0.004341
0.004061
0.006069
0.000164
0.002289
0.001831
0.006319
0.002999
0.004169
0.001645
0.008160
0.007229
0.002699
0.004750
0.005012
0.002070
0.006802
0.005383
0.002035
0.001391
0.003575
0.009602
0.006346
0.003103
0.008699
0.000598
0.004480
0.004192
0.007210
0.007856
0.000202
0.001551
0.001917
0.006261
0.001705
0.004196
0.008082
0.008014
0.007184
0.002251
0.009649
0.005344
0.009470
0.002348
0.000095
0.004481
0.004407
0.006887
0.009855
0.006432
0.008268
0.003430
0.006034
0.004614
0.006523
0.004733
0.005202
0.001003
0.008915
0.002412
0.008849
0.009107
0.003952
0.000765
0.005369
0.005647
0.004951
0.003451
0.003662
0.002136
0.005692
0.003311
0.007470
0.005161
0.005648
0.007555
0.009632
0.000056
0.004442
0.009487
0.006478
0.002710
0.002917
0.002511
0.007313
0.009430
0.007234
0.002515
0.000433
0.006149
0.004917
0.009272
0.005256
0.008859
0.000037
0.000625
0.004507
0.004979
0.004065
0.008158
0.007104
0.009747
0.001469
0.004574
0.004908
0.007107
0.002129
0.004541
0.007153
0.006561
0.004028
0.003631
