0.004149
0.006625
0.001837
0.008708
0.006574
0.000927
0.001713
0.009772
0.000770
0.003394
0.008221
0.005963
0.009454
0.001933
0.003043
0.007250
0.009168
0.002393
0.001151
0.002323
0.003391
0.004277
0.003338
0.007293
0.003664
0.006672
0.006417
0.005274
0.007396
0.008534
0.003493
0.001545
0.005159
0.005320
0.000252
0.001733
0.006237
0.001955
0.001505
0.006997
0.005339
0.009716
0.002960
0.004793
0.001649
0.005993
0.002043
0.000817
0.008376
0.003183
0.003130
0.001767
0.007451
0.006458
0.009051
0.001114
0.003130
0.005468
0.006378
0.000526
0.004002
0.009861
0.002061
0.009151
0.005180
0.002303
0.000884
0.001417
0.004249
0.002380
0.008405
0.009577
0.002096
0.001365
0.004370
0.003736
0.007348
0.006403
0.004543
0.005724
0.009576
0.007663
0.007481
0.007027
0.004121
0.006532
0.008132
0.007242
0.002000
0.004510
0.007758
0.005992
0.004371
0.009809
0.005143
0.009541
0.002112
0.006017
0.000958
0.006351
0.008387
0.009353
0.005928
0.000484
0.000718
0.000299
0.004209
0.008056
0.006692
0.008742
0.003780
0.006268
0.006405
0.001261
0.003296
0.000526
0.007783
0.001427
0.007758
0.009773
0.005927
0.005516
0.005765
0.000298
0.005324
0.000908
0.009829
0.007427
0.006915
0.000787
0.003777
0.005302
0.000140
0.009696
0.005776
0.000848
0.009984
0.009975
0.008894
0.006676
0.008717
0.002673
0.002944
0.005122
0.003925
0.006230
0.005639
0.001708
0.007647
0.003396
0.001481
0.003574
0.008902
0.007236
0.003862
0.004226
0.008133
0.003691
0.001653
0.005048
0.004468
0.005421
0.000351
0.004598
0.005116
0.006117
0.005436
0.005101
0.006092
0.004329
0.001777
0.004809
0.006993
0.004711
0.009922
0.000917
0.000941
0.005561
0.002615
0.008578
0.008947
0.004086
0.002152
0.007849
0.001322
0.006004
0.002076
0.009445
0.009685
0.003719
0.004493
0.004152
0.009129
0.004834
0.008740
0.004246
0.000950
0.004176
0.009336
0.007032
0.008495
0.001113
0.001842
0.005488
0.005814
0.001764
0.006395
0.006744
0.007314
0.009001
0.005322
0.006262
0.003087
0.007464
0.004111
0.004399
0.003469
0.006177
0.003844
0.003153
0.009885
0.008327
0.007296
0.009015
0.003161
0.006036
0.003260
0.004101
0.000212
0.002597
0.001133
0.008697
0.003699
0.002965
0.004185
0.009503
0.004719
0.000580
0.006248
0.002033
0.009571
0.001570
0.008285
0.002658
0.009024
0.002396
0.007047
0.002493
0.008562
0.000891
0.005636
0.008448
0.009207
0.002932
0.007462
0.002368
0.008958
0.000723
0.006459
0.009159
0.003309
0.007582
0.007856
0.006999
0.000547
0.002041
0.006502
0.005256
0.002611
0.002750
0.007279
0.002182
0.004310
0.005564
0.004830
0.003334
0.007950
0.001876
0.005817
0.006512
0.002757
0.001453
0.004960
0.001964
0.004375
0.002422
0.004322
0.003333
0.003135
0.000781
0.002493
0.006434
0.008353
0.000349
0.003433
0.008891
0.002380
0.009925
0.004146
0.004981
0.002674
0.001426
0.007153
0.006974
0.006980
0.001982
0.000308
0.004930
0.003849
0.006115
0.001442
0.006596
0.007558
0.006391
0.008550
0.001934
0.008803
0.002873
0.005257
0.001938
0.003644
0.007740
0.008362
0.001998
0.008079
0.001795
0.000888
0.000459
0.001719
0.005025
0.005430
0.004383
0.006440
0.002582
0.001357
0.003420
0.004555
0.001655
0.008340
0.008394
0.007759
0.009771
0.004990
0.005318
0.006162
0.003540
0.007241
0.004966
0.006403
0.002498
0.006893
0.000047
0.000238
0.005255
0.002034
0.008307
0.007040
0.002912
0.008755
0.008749
0.007927
0.004185
0.003133
0.004367
0.006757
0.004480
0.007777
0.001312
0.006125
0.006117
0.009695
0.003884
0.005888
0.004685
0.009192
0.002051
0.008214
0.006433
0.007006
0.004617
0.008921
0.003899
0.004654
0.009149
0.009145
0.006678
0.007455
0.006185
0.009581
0.006211
0.004934
0.007508
0.000395
0.008057
0.001875
0.007142
0.002537
0.009643
0.008444
0.008651
0.005760
0.008139
0.002535
0.001648
0.002824
0.001727
0.003688
0.001038
0.008150
0.000695
0.005645
0.007071
0.004584
0.000299
0.006220
0.003729
0.006967
0.003676
0.009904
0.006548
0.009876
0.004838
0.004055
0.000272
0.002894
0.005921
0.007404
0.005421
0.005563
0.005847
0.004072
0.001323
0.003986
0.006598
0.002961
0.006800
0.008315
0.006639
0.007828
0.006465
0.007324
0.003473
0.003536
0.001908
0.003762
0.009746
0.005626
0.000729
0.003421
0.005530
0.007267
0.003298
0.000368
0.001322
0.003559
0.003252
0.007233
0.000963
0.008663
0.002796
0.006800
0.002735
0.004109
0.000787
0.009323
0.007059
0.007577
0.007637
0.003698
0.005404
0.004102
0.001022
0.008868
0.007628
0.002919
0.002630
0.007374
0.008536
0.003349
0.000795
0.004066
0.000616
0.004082
0.004424
0.001928
0.007631
0.007666
0.009151
0.008584
0.006329
0.001947
0.005384
0.009054
0.006046
0.006161
0.008377
0.003105
0.003737
0.006015
0.006793
0.009132
0.000116
0.007805
0.007999
0.007734
0.000725
0.000629
0.005108
0.009251
0.003968
0.005893
0.003317
0.004574
0.009965
0.007730
0.006492
0.007596
0.005396
0.005643
0.006180
0.001725
0.007580
0.001565
0.000779
0.003626
0.007716
0.009147
0.006722
0.001453
0.005161
0.003515
0.000585
0.005268
0.001320
0.008574
0.003002
0.002035
0.009193
0.008100
0.001286
0.003161
0.003992
0.004592
0.007725
0.003957
0.002322
0.004217
0.001553
0.007708
0.009850
0.007724
0.009424
0.007430
0.009278
0.000203
0.001057
0.006994
0.009340
0.007769
0.008437
0.004501
0.001284
0.009012
0.009758
0.002594
0.007586
0.002760
0.004619
0.006780
0.000860
0.005894
0.009931
0.004842
0.000486
0.007656
0.008789
0.002799
0.001873
0.000342
0.000507
0.001723
0.008056
0.009921
0.009144
0.007334
0.000124
0.000201
0.004328
0.009454
0.007959
0.002765
0.003954
0.009233
0.001777
0.003713
0.001827
0.009353
0.006463
0.006436
0.006133
0.007312
0.002330
0.006064
0.002154
0.002806
0.003720
0.000942
0.005595
0.005583
0.001274
0.006093
0.007297
0.009320
0.006013
0.006440
0.006654
0.006127
0.006631
0.000982
0.005581
0.004590
0.003736
0.009525
0.003822
0.005503
0.003238
0.005639
0.004856
0.009691
0.002075
0.000989
0.007003
0.004395
0.007043
0.009147
0.007191
0.000763
0.000089
0.002786
0.006337
0.001354
0.008869
0.003633
0.000674
0.004883
0.000073
0.007318
0.001010
0.006694
0.008289
0.006581
0.001284
0.002026
0.006106
0.005096
0.007519
0.009334
0.000735
0.002375
0.009025
0.002800
0.003354
0.006028
0.007185
0.000397
0.005174
0.004376
0.001150
0.005253
0.007152
0.007477
0.006597
0.006021
0.001110
0.007260
0.000904
0.001173
0.004578
0.001904
0.007857
0.002867
0.008475
0.009131
0.004883
0.004581
0.004227
0.002402
0.003916
0.004952
0.004767
0.002941
0.007742
0.008111
0.008958
0.004927
0.008498
0.004133
0.009293
0.009638
0.009376
0.006445
0.007115
0.005973
0.002467
0.008214
0.003233
0.003361
0.009377
0.007801
0.005255
0.007234
0.000669
0.003730
0.006365
0.005542
0.008301
0.000592
0.007934
0.002217
0.005535
0.002701
0.005148
0.003277
0.000812
0.004106
0.008194
0.009299
0.008229
0.007487
0.008937
0.007605
0.003933
0.006052
0.003578
0.006390
0.004266
0.006801
0.009740
0.003644
0.004603
0.004995
0.000878
0.005261
0.008715
0.007233
0.000803
0.007017
0.007815
0.008727
0.009224
0.003350
0.001428
0.004372
0.006617
0.002230
0.008468
0.004811
0.001529
0.006697
0.002299
0.000466
0.004302
0.006221
0.006508
0.007870
0.002611
0.000774
0.004671
0.002351
0.004408
0.009264
0.007337
0.005276
0.004525
0.006052
0.002509
0.005318
0.003069
0.000324
0.004045
0.002293
0.003664
0.005463
0.006654
0.000282
0.007683
0.005122
0.005083
0.009202
0.001819
0.007372
0.009658
0.006111
0.003593
0.006166
0.003980
0.006194
0.006930
0.008641
0.008535
0.001337
0.007905
0.005872
0.006603
0.002430
0.001925
0.009102
0.007738
0.004983
0.009416
0.001784
0.007266
0.003080
0.007237
0.003921
0.003352
0.004920
0.009033
0.008425
0.004122
0.000852
0.005797
0.003780
0.006953
0.009380
0.009936
0.000933
0.005574
0.006866
0.009565
0.004110
0.008193
0.007470
0.009972
0.004796
0.009889
0.001897
0.003898
0.007627
0.006870
0.003314
0.009401
0.004136
0.006384
0.006638
0.008047
0.009727
0.001558
0.007079
0.008152
0.005669
0.007922
0.003949
0.009439
0.004874
0.003329
0.009375
0.005798
0.008893
0.006240
0.005363
0.003003
0.004433
0.002832
0.002975
0.009220
0.002721
0.004862
0.003117
0.000349
0.001732
0.006421
0.009740
0.005858
0.002806
0.006377
0.003904
0.002532
0.007925
0.000984
0.000684
0.003595
0.008895
0.004623
0.003034
0.003770
0.007942
0.002409
0.009558
0.006835
0.008639
0.004920
0.009828
0.003072
0.007742
0.002803
0.002292
0.000464
0.007655
0.005399
0.000802
0.009377
0.001821
0.000542
0.005234
0.004617
0.006909
0.009129
0.007139
0.004835
0.000112
0.007813
0.008419
0.008997
0.002436
0.001453
0.002767
0.000378
0.003852
0.002325
0.007204
0.002491
0.007235
0.007032
0.005553
0.004977
0.009826
0.007835
0.005431
0.007481
0.003234
0.006223
0.006857
0.005045
0.006755
0.002092
0.009652
0.003665
0.001220
0.006791
0.008489
0.001322
0.004604
0.006908
0.000320
0.007030
0.008351
0.003077
0.007399
0.002203
0.005392
0.004603
0.004684
0.002627
0.001635
0.000237
0.007594
0.001461
0.008062
0.003024
0.008931
0.001296
0.009237
0.005789
0.006332
0.005993
0.007870
0.005983
0.009647
0.009080
0.002774
0.008136
0.000403
0.007368
0.005045
0.000712
0.004399
0.003396
0.003779
0.001797
0.005589
0.009161
0.006390
0.000273
0.001788
0.008015
0.000500
0.009371
0.009465
0.008552
0.002396
0.008397
0.009838
0.001633
0.004185
0.006170
0.007616
0.002055
0.002154
0.007263
0.001136
0.004918
0.005399
0.001528
0.002286
0.000444
0.002230
0.006675
0.003830
0.006000
0.008462
0.009409
0.005161
0.004852
0.009673
0.006939
0.002867
0.000173
0.006310
0.002333
0.008715
0.008695
0.000729
0.008553
0.000328
0.004904
0.004723
0.007934
0.006950
0.006866
0.005197
0.008075
0.001784
0.000596
0.009593
0.004060
0.001029
0.001824
0.000735
0.004849
0.007814
0.009187
0.004259
0.002975
0.004040
0.003932
0.009903
0.006897
0.004094
0.006213
0.009219
0.002809
0.004909
0.009938
0.001362
0.005227
0.004843
0.006075
0.003161
0.001792
0.002941
0.008348
0.009857
0.004715
0.008933
0.009451
0.008766
0.009953
0.001274
0.009491
0.004802
0.009078
0.008678
0.009051
0.002053
0.002718
0.002982
0.001956
0.009604
0.007067
0.008159
0.008823
0.009865
0.003067
0.008762
0.001227
0.008284
0.003604
0.007292
0.001446
0.005386
0.000233
0.009783
0.005244
0.004938
0.008716
0.004694
0.003704
0.008669
0.005959
0.003195
0.003471
0.005037
0.001873
0.002522
0.007079
0.004581
0.005494
0.009025
0.004185
0.002561
0.007184
0.003008
0.002427
0.000252
0.001770
0.003644
0.008526
0.005364
0.000935
0.009962
0.000750
0.001158
0.009745
0.005984
0.006087
0.008461
0.000678
0.009780
0.007130
0.006627
0.002975
0.000601
0.001664
0.004838
0.003113
0.008733
0.009409
0.008598
0.007759
0.003594
0.001159
0.004943
0.006592
0.003576
0.005184
0.008352
0.007209
0.003711
0.003716
0.008135
0.003672
0.004457
0.009283
0.003417
0.000441
0.005369
0.001878
0.001109
0.005150
0.008999
0.007727
0.008115
0.009590
0.009381
0.002954
0.002703
0.008114
0.002363
0.001301
0.005873
0.005947
0.002450
0.000815
0.002539
0.006015
0.005990
0.000891
0.003225
0.009691
0.004598
0.001359
0.003363
0.009044
0.000642
0.006770
0.009475
0.006002
0.008638
0.000585
0.001152
0.007637
0.008301
0.009257
0.007227
0.007682
0.002210
0.009920
0.005796
0.004563
0.001221
0.001668
0.000509
0.003660
0.002474
0.003038
0.009666
0.008454
0.003919
0.002890
0.008144
0.008507
0.004240
0.001507
0.007551
0.004872
0.008267
0.007026
0.000874
0.006905
0.007601
0.002015
0.004542
0.005902
0.001272
0.001768
0.003584
0.003472
0.001688
0.009370
0.008025
0.002899
0.001038
0.008524
0.006549
0.003502
0.001563
0.006215
0.001956
0.005472
0.009095
0.000100
0.003979
0.003335
0.001597
0.001530
0.008197
0.009854
0.008547
0.009061
0.006759
0.006148
0.001076
0.001301
0.002050
0.002338
0.003059
0.005624
0.005800
0.004737
0.004994
0.003825
0.007626
0.006022
0.002350
0.004175
0.009514
0.003902
0.000390
0.001470
0.009364
0.009475
0.001560
0.003343
0.002811
0.003147
0.004864
0.001008
0.003000
0.003410
0.000068
0.009749
0.009548
0.001134
0.001050
0.001598
0.003462
0.004099
0.007212
0.009252
0.008826
0.002206
0.003077
0.006452
0.008218
0.005417
0.000626
0.007733
0.009309
0.001006
0.009193
0.008674
0.000482
0.000753
0.002017
0.003282
0.003889
0.006871
0.004280
0.006880
0.000281
0.004338
0.006629
0.009819
0.005463
0.007669
0.001417
0.008915
0.001767
0.008619
0.008167
0.000593
0.000825
0.001244
0.007035
0.009034
0.006651
0.007651
0.006767
0.005960
0.008648
0.005959
0.004633
0.009119
0.006702
0.006640
0.002402
0.000591
0.003511
0.006672
0.007461
0.003782
0.001010
0.004090
0.003600
0.006463
0.001758
0.005007
0.005378
0.003516
0.003627
0.003545
0.004099
0.004442
0.004778
0.001134
0.003476
0.001429
0.008775
0.000242
0.007379
0.007423
0.006191
0.002012
0.006542
0.002893
0.008642
0.008934
0.003474
0.002153
0.005606
0.000935
0.005924
0.006606
0.005014
0.009515
0.003069
0.006763
0.004522
0.008437
0.000278
0.008139
0.001982
0.004367
0.002581
0.006750
0.005491
0.006046
0.008169
0.004266
0.006279
0.005548
0.001689
0.002470
0.007550
0.008221
0.005353
0.006192
0.007156
0.008817
0.008335
0.002762
0.009742
0.004259
0.009358
0.004757
0.003774
0.002427
0.001519
0.008287
0.000865
0.001787
0.006425
0.002836
0.006145
0.008996
0.009576
0.001636
0.005042
0.007746
0.005892
0.001321
0.003294
0.007571
0.003781
0.000843
0.005793
0.009124
0.007025
0.002948
0.007942
0.005360
0.005700
0.007684
0.009610
0.005058
0.002441
0.003384
0.007475
0.003950
0.001671
0.008329
0.005728
0.008086
0.001166
0.001872
0.007082
0.000742
0.003498
0.002125
0.008478
0.009380
0.003436
0.001771
0.006951
0.007207
0.002605
0.002744
0.006331
0.009620
0.005682
0.004273
0.004981
0.001382
0.001957
0.004591
0.006429
0.004388
0.007965
0.003904
0.008328
0.009625
0.002234
0.004056
0.007711
0.003389
0.005918
0.004794
0.004122
0.009406
0.006908
0.002599
0.008786
0.000344
0.004361
0.005738
0.007541
0.006956
0.008471
0.003872
0.006576
0.004153
0.008135
0.001557
0.005525
0.000092
0.006137
0.001954
0.004470
0.004102
0.005848
0.002798
0.003727
0.008072
0.006844
0.001438
0.001461
0.002763
0.006222
0.005573
0.002169
0.003130
0.008162
0.000955
0.003464
0.002523
0.006683
0.001004
0.009469
0.005154
0.004866
0.006045
0.009298
0.003001
0.007591
0.004823
0.003083
0.003728
0.006767
0.007543
0.007820
0.002616
0.000341
0.001547
0.000688
0.007176
0.002975
0.002139
0.009928
0.009187
0.007702
0.002097
0.002317
0.005864
0.003042
0.005771
0.008377
0.009715
0.006766
0.007846
0.004869
0.001632
0.003891
0.004167
0.004623
0.001482
0.008980
0.007696
0.005200
0.005747
0.005239
0.003020
0.008352
0.005570
0.004557
0.009030
0.002746
0.007522
0.001169
0.002675
0.006709
0.008861
0.004762
0.009017
0.004725
0.007794
0.004788
0.003103
0.007509
0.001554
0.000949
0.002379
0.003176
0.004829
0.006536
0.007788
0.006301
0.005515
0.005484
0.001501
0.001262
0.000723
0.004510
0.009605
0.006284
0.009057
0.008635
0.009020
0.006579
0.009794
0.001694
0.003288
0.008655
0.006446
0.002305
0.003380
0.004240
0.007083
0.006473
0.001750
0.008626
0.007412
0.004118
0.001802
0.002241
0.000654
0.009580
0.008532
0.006159
0.005065
0.000033
0.007411
0.005778
0.004533
0.007016
0.002061
0.003590
0.005651
0.001081
0.000169
0.005445
0.002765
0.003447
0.004100
0.009202
0.005742
0.007471
0.003442
0.002824
0.003944
0.005181
0.001451
0.001355
0.009289
0.003242
0.003586
0.009933
0.002823
0.002118
0.006092
0.007877
0.002141
0.003504
0.003655
0.006664
0.000520
0.005706
0.000254
0.006161
0.006777
0.000412
0.001606
0.009533
0.003849
0.005697
0.008734
0.009581
0.003167
0.002176
0.002405
0.007101
0.007347
0.003846
0.008446
0.006637
0.007078
0.002032
0.006570
0.009891
0.004141
0.002662
0.007768
0.006271
0.006156
0.001423
0.002935
0.006666
0.007119
0.003178
0.002827
0.003896
0.003581
0.004423
0.003428
0.007420
0.000120
0.002162
0.007001
0.003277
0.004328
0.009397
0.000378
0.001676
0.003243
0.008814
0.008302
0.000321
0.000846
0.004872
0.000212
0.004977
0.007524
0.007970
0.001248
0.003680
0.009382
0.004173
0.000345
0.006501
0.007342
0.003162
0.000397
0.000923
0.007575
0.003815
0.008333
0.007685
0.005968
0.005334
0.000962
0.000296
0.004731
0.001329
0.001962
0.007964
0.000143
0.000264
0.008275
0.000980
0.005126
0.008477
0.005947
0.002650
0.006447
0.007185
0.006320
0.005829
0.001359
0.006655
0.002330
0.008690
0.009807
0.002717
0.009603
0.007381
0.006522
0.007936
0.005066
0.002489
0.003270
0.006018
0.002775
0.007991
0.007337
0.004727
0.005955
0.007470
0.004981
0.004230
0.008440
0.000107
0.002707
0.004387
0.002747
0.009143
0.001573
0.009056
0.004972
0.002921
0.005711
0.007292
0.001612
0.005518
0.009999
0.001215
0.002899
0.006520
0.009141
0.007955
0.008999
0.002411
0.003973
0.001774
0.000402
0.001310
0.006491
0.006347
0.008771
0.001472
0.000577
0.007211
0.001569
0.003274
0.001598
0.004305
0.002417
0.003161
0.003362
0.007379
0.006072
0.009063
0.004671
0.007674
0.004581
0.004670
0.008879
0.007470
0.001190
0.008020
0.005426
0.000189
0.000430
0.009389
0.001954
0.000822
0.000699
0.008435
0.007159
0.009460
0.009897
0.007726
0.006671
0.001465
0.001000
0.008259
0.005761
0.003407
0.001420
0.009112
0.000787
0.007483
0.008175
0.005448
0.005157
0.002756
0.000118
0.004036
0.000227
0.001298
0.002055
0.005643
0.001477
0.002475
0.005032
0.003421
0.003287
0.005721
0.001856
0.000447
0.005181
0.001753
0.008163
0.001852
0.003208
0.009152
0.000111
0.008959
0.002559
0.001521
0.008071
0.003336
0.008993
0.006247
0.008774
0.004150
0.008993
0.008882
0.008176
0.009210
0.000180
0.000231
0.004852
0.001647
0.002696
0.009874
0.005058
0.005974
0.005595
0.006904
0.006410
0.000776
0.008647
0.004573
0.002617
0.001855
0.003725
0.002718
0.000814
0.006275
0.004229
0.008876
0.009601
0.003222
0.005122
0.008374
0.007362
0.004115
0.007256
0.005538
0.003325
0.007426
0.005758
0.008167
0.009063
0.008445
0.008041
0.004121
0.004418
0.003636
0.001025
0.000828
0.004402
0.009662
0.005391
0.007009
0.001518
0.009106
0.009717
0.002322
0.005381
0.003946
0.001198
0.004981
0.007158
0.006310
0.003356
0.004520
0.000425
0.000612
0.000058
0.003740
0.008028
0.005807
0.001907
0.007091
0.004251
0.009938
0.001212
0.008659
0.003574
0.002227
0.009478
0.007966
0.001889
0.004869
0.004975
0.003397
0.003975
0.004693
0.005709
0.009346
0.008629
0.006897
0.004327
0.005787
0.003206
0.007672
0.000307
0.003621
0.008274
0.000355
0.007351
0.006302
0.006152
0.009247
0.003393
0.000403
0.009185
0.004594
0.009052
0.002759
0.006811
0.008530
0.000725
0.008690
0.003399
0.005691
0.002087
0.007363
0.000383
0.007786
0.006709
0.009002
0.004683
0.001036
0.004788
0.007879
0.008698
0.005085
0.001500
0.006972
0.005430
0.008841
0.003274
0.001582
0.008088
0.006657
0.001975
0.007273
0.001251
0.001027
0.000032
0.008052
0.009547
0.000748
0.006743
0.002945
0.006428
0.008820
0.000309
0.006801
0.006606
0.007008
0.005803
0.001289
0.008033
0.000591
0.009158
0.006731
0.005666
0.000659
0.003703
0.001096
0.009489
0.006968
0.002668
0.007578
0.003625
0.004633
0.004851
0.004866
0.005650
0.004873
0.002918
0.005197
0.005611
0.009651
0.008132
0.002039
0.008470
0.008431
0.008830
0.005077
0.005438
0.004633
0.006356
0.003472
0.005214
0.005514
0.000203
0.000880
0.006162
0.003897
0.001966
0.005652
0.000864
0.004625
0.003229
0.004479
0.009248
0.008070
0.009334
0.004898
0.002943
0.002252
0.000095
0.008544
0.001903
0.008217
0.000583
0.000373
0.006647
0.009403
0.005440
0.002086
0.004036
0.001795
0.005548
0.009240
0.007299
0.005741
0.000120
0.003462
0.009627
0.002076
0.009103
0.000491
0.006691
0.002333
0.004960
0.005939
0.000403
0.004295
0.000837
0.003336
0.006537
0.000921
0.001880
0.008430
0.009128
0.002453
0.008793
0.005775
0.001856
0.004233
0.007851
0.005881
0.006019
0.003398
0.005121
0.003318
0.009129
0.005230
0.006770
0.008756
0.007296
0.005873
0.009237
0.003987
0.008196
0.004198
0.009916
0.008588
0.008482
0.000752
0.001924
0.005019
0.001664
0.003794
0.003449
0.000791
0.006237
0.002243
0.006556
0.008082
0.006466
0.004407
0.003964
0.002485
0.007795
0.009075
0.005793
0.006924
0.004305
0.002562
0.005680
0.001601
0.008425
0.004918
0.005578
0.006621
0.009105
0.005494
0.005210
0.007588
0.006237
0.007124
0.002607
0.007890
0.000918
0.006046
0.008672
0.007145
0.008279
0.005228
0.005227
0.004745
0.009625
0.009181
0.007219
0.007421
0.008255
0.003012
0.004345
0.002560
0.005565
0.000025
0.004152
0.003990
0.004933
0.009720
0.000611
0.004039
0.005214
0.005811
0.001626
0.001451
0.002935
0.004223
0.009332
0.003842
0.000269
0.008003
0.000987
0.008538
0.003231
0.006204
0.003282
0.002857
0.005385
0.000502
0.000277
0.003641
0.003504
0.004612
0.006191
0.009059
0.004627
0.000343
0.003049
0.009551
0.000063
0.003650
0.003589
0.005268
0.009451
0.005205
0.006709
0.002385
0.009418
0.006040
0.006218
0.009677
0.004044
0.007195
0.008215
0.007265
0.003399
0.001498
0.000122
0.008775
0.001989
0.000389
0.002415
0.005483
0.004991
0.008597
0.004542
0.009609
0.008929
0.007581
0.009159
0.008982
0.001231
0.002748
0.004250
0.000682
0.007943
0.000959
0.003057
0.007362
0.006989
0.009265
0.007039
0.001033
0.006460
0.005254
0.008288
0.009850
0.006742
0.008400
0.008624
0.008721
0.008779
0.001040
0.004204
0.003770
0.009626
0.008736
0.003378
0.008556
0.006317
0.002538
0.007538
0.007538
0.005276
0.001788
0.008210
0.003219
0.002737
0.001267
0.000581
0.009716
0.000532
0.007610
0.000749
0.006982
0.002864
0.009027
0.006832
0.009596
0.007426
0.005457
0.008317
0.006205
0.006486
0.002521
0.009965
0.006113
0.001257
0.003343
0.004669
0.007565
0.005871
0.002207
0.005102
0.001147
0.003985
0.003312
0.004356
0.006712
0.004569
0.004926
0.006428
0.005091
0.002536
0.007166
0.002073
0.005390
0.006193
0.008895
0.004985
0.003619
0.004352
0.003302
0.009814
0.000838
0.005813
0.009779
0.006941
0.007060
0.003122
0.001610
0.004625
0.008983
0.003806
0.009717
0.000130
0.007781
0.003029
0.004475
0.004493
0.007588
0.009392
0.000921
0.002679
0.001927
0.008077
0.004743
0.007307
0.004270
0.003638
0.002292
0.007879
0.007980
0.005584
0.007694
0.008808
0.001397
0.007473
0.005749
0.008447
0.000595
0.007349
0.003072
0.009568
0.001155
0.002789
0.009688
0.008926
0.005809
0.004163
0.003419
0.003397
0.003555
0.004330
0.006066
0.005472
0.002407
0.000809
0.002779
0.006667
0.004437
0.005061
0.004546
0.002417
0.000645
0.002240
0.001225
0.002032
0.009702
0.006965
0.000479
0.000297
0.004314
0.003541
0.009855
0.005459
0.006320
0.009543
0.004385
0.002128
0.003706
0.007795
0.005515
0.007251
0.002125
0.001582
0.002723
0.004522
0.002381
0.005492
0.001188
0.006808
0.000553
0.005725
0.009215
0.001188
0.007954
0.000440
0.003210
0.007657
0.007395
0.003679
0.007944
0.001708
0.007210
0.007799
0.007157
0.003530
0.007343
0.001542
0.005648
0.001049
0.009327
0.001164
0.008290
0.001451
0.002735
0.001013
0.005963
0.005106
0.006495
0.007141
0.001914
0.007038
0.002866
0.001129
0.008217
0.000820
0.001559
0.001427
0.008467
0.008943
0.005096
0.006411
0.000651
0.002306
0.004210
0.007798
0.005825
0.001553
0.009330
0.001473
0.002592
0.008657
0.002627
0.000881
0.000109
0.005352
0.001884
0.006061
0.000458
0.008369
0.003203
0.002362
0.005408
0.006059
0.003481
0.003624
0.006869
0.005029
0.005041
0.005336
0.003972
0.000137
0.001747
0.004614
0.002433
0.005947
0.002412
0.008248
0.007489
0.001742
0.009711
0.000081
0.000399
0.002338
0.000952
0.000498
0.007680
0.002827
0.006549
0.008128
0.001196
0.009742
0.000490
0.006594
0.005801
0.003960
0.000218
0.002670
0.008979
0.005250
0.007995
0.002952
0.005377
0.009732
0.007555
0.007799
0.005679
0.009957
0.006047
0.003168
0.001699
0.005758
0.003239
0.002088
0.008086
0.004181
0.002576
0.005765
0.006998
0.009115
0.003893
0.008184
0.008857
0.004372
0.004778
0.004658
0.008322
0.004987
0.007317
0.007302
0.000236
0.005313
0.000253
0.005603
0.005045
0.007798
0.003403
0.000724
0.007755
0.009440
0.003882
0.009444
0.005198
0.007110
0.001532
0.003283
0.001292
0.004099
0.009038
0.008279
0.003214
0.002931
0.006463
0.002071
0.007293
0.001241
0.006719
0.005615
0.006218
0.004037
0.002917
0.006444
0.009339
0.003160
0.002047
0.004384
0.000958
0.005440
0.005098
0.008703
0.004880
0.008969
0.008147
0.000077
0.006080
0.009670
0.003351
0.007361
0.003768
0.002389
0.005641
0.006972
0.005310
0.002104
0.009034
0.002603
0.003335
0.005753
0.008208
0.009543
0.009779
0.001125
0.005988
0.009119
0.004275
0.008025
0.003503
0.005223
0.003465
0.008591
0.003926
0.008335
0.007560
0.002073
0.008402
0.003640
0.001743
0.001753
0.001001
0.005501
0.004132
0.006631
0.002473
0.009432
0.008725
0.001507
0.002034
0.002061
0.007250
0.000242
0.001604
0.007029
0.001357
0.007582
0.006148
0.005622
0.005607
0.009641
0.000845
0.009062
0.008231
0.004761
0.007396
0.005791
0.006824
0.005799
0.009421
0.008557
0.007542
0.000422
0.004058
0.001673
0.007043
0.006521
0.001105
0.005768
0.008019
0.003129
0.007819
0.005268
0.003362
0.009413
0.002297
0.004709
0.006995
0.008435
0.000331
0.002601
0.008076
0.001166
0.001663
0.006307
0.005917
0.009049
0.002098
0.002741
0.004848
0.001519
0.001298
0.002390
0.001931
0.005346
0.004053
0.008964
0.001868
0.005148
0.004732
0.009876
0.008267
0.002551
0.005144
0.001629
0.001964
0.007432
0.006328
0.008949
0.005867
0.006649
0.001551
0.003943
0.007805
0.003204
0.000250
0.003722
0.002253
0.002339
0.006453
0.007091
0.003848
0.007741
0.009471
0.005769
0.003087
0.003524
0.004733
0.004945
0.008662
0.009455
0.004821
0.006929
0.002006
0.009955
0.008548
0.003961
0.007387
0.004876
0.002910
0.003254
0.001525
0.004451
0.007187
0.009319
0.007645
0.007427
0.003041
0.009888
0.009756
0.009484
0.006979
0.003604
0.007225
0.006450
0.009362
0.000312
0.009964
0.004095
0.005247
0.008626
0.003550
0.000067
0.005555
0.005547
0.000022
0.004103
0.009498
0.007399
0.008969
0.002408
0.000653
0.000493
0.006849
0.007829
0.009803
0.004494
0.005256
0.002844
0.004382
0.005012
0.002328
0.001361
0.008605
0.009544
0.007802
0.007968
0.009846
0.007766
0.002063
0.005093
0.006392
0.005604
0.005150
0.001948
0.001150
0.005162
0.006041
0.000648
0.002561
0.005010
0.003046
0.003204
0.005493
0.009885
0.001034
0.005296
0.004379
0.006280
0.008130
0.008750
0.001292
0.000458
0.000111
0.009887
0.009992
0.007903
0.007855
0.009838
0.005669
0.009908
0.004930
0.002061
0.005512
0.000081
0.003999
0.006652
0.005233
0.000039
0.007290
0.007784
0.005039
0.000336
0.000989
0.000532
0.000221
0.002012
0.005818
0.004590
0.008282
0.003947
0.003340
0.009564
0.004396
0.003442
0.009451
0.004387
0.001345
0.007306
0.004225
0.007003
0.007214
0.009145
0.009054
0.002726
0.009216
0.003053
0.009368
0.004449
0.003083
0.006658
0.002234
0.008112
0.006984
0.003212
0.008634
0.007196
0.005214
0.004451
0.001786
0.003496
0.008389
0.005116
0.003060
0.002784
0.008548
0.002510
0.007162
0.009883
0.009806
0.001387
0.006886
0.007020
0.000532
0.005940
0.009735
0.009738
0.008983
0.009103
0.004187
0.002066
0.005761
0.006410
0.000178
0.002746
0.009613
0.008801
0.009932
0.004827
0.003253
0.001718
0.008313
0.001641
0.006824
0.001373
0.004415
0.005372
0.003873
0.001577
0.005254
0.003679
0.002953
0.002140
0.000699
0.003475
0.008071
0.000434
0.003213
0.007054
0.009528
0.007390
0.009110
0.005289
0.003801
0.009278
0.008024
0.003413
0.008079
0.007956
0.008230
0.001331
0.009664
0.006543
0.002962
0.006488
0.007906
0.007368
0.001859
0.001780
0.008935
0.007104
0.005449
0.001888
0.009234
0.006138
0.005353
0.007305
0.006562
0.008557
0.004359
0.006090
0.005947
0.003469
0.001378
0.009737
0.002746
0.009393
0.003151
0.000825
0.007349
0.001381
0.002146
0.007013
0.007914
0.005099
0.003500
0.005821
0.002467
0.005350
0.007590
0.001402
0.002454
0.003039
0.003280
0.001688
0.009167
0.008623
0.008983
0.005729
0.007180
0.003342
0.001819
0.003127
0.006801
0.003187
0.002864
0.009537
0.002580
0.006005
0.000362
0.009919
0.007376
0.002499
0.006932
0.005290
0.007588
0.000432
0.001111
0.000054
0.005772
0.008691
0.001446
0.008215
0.001730
0.004716
0.009893
0.000897
0.003339
0.008876
0.006616
0.000518
0.002218
0.008424
0.003635
0.009008
0.001612
0.006489
0.008545
0.004182
0.002494
0.008897
0.004101
0.009859
0.001396
0.001033
0.005149
0.008973
0.001455
0.006250
0.009018
0.007216
0.004941
0.000464
0.005431
0.006660
0.005169
0.005324
0.007547
0.008498
0.004200
0.004163
0.009006
0.006408
0.002587
0.002641
0.005416
0.004189
0.009120
0.003961
0.008361
0.001614
0.002859
0.002462
0.001473
0.004244
0.003484
0.006613
0.003218
0.004929
0.002863
0.002236
0.002145
0.007793
0.002689
0.007567
0.004454
0.007849
0.002891
0.002001
0.006346
0.007081
0.006153
0.005353
0.003489
0.008730
0.007984
0.008896
0.002919
0.007104
0.002857
0.001280
0.008708
0.005706
0.003732
0.000181
0.009940
0.007206
0.006784
0.003158
0.002135
0.009636
0.005384
0.004270
0.007430
0.008063
0.001837
0.001883
0.005912
0.004718
0.003874
0.002258
0.001800
0.000027
0.007601
0.005279
0.008747
0.005585
0.004175
0.001667
0.002689
0.007022
0.002937
0.001397
0.002727
0.006658
0.001568
0.002667
0.003864
0.008342
0.005815
0.005989
0.007979
0.001199
0.000260
0.005408
0.009252
0.002087
0.007281
0.005163
0.006795
0.001155
0.007411
0.008584
0.001172
0.005012
0.003863
0.009910
0.000597
0.008028
0.001576
0.003276
0.005050
0.004503
0.004663
0.007767
0.001161
0.006221
0.000434
0.005015
0.004563
0.006239
0.001005
0.002542
0.007428
0.001254
0.007940
0.006679
0.003331
0.005221
0.001843
0.000126
0.006367
0.009244
0.008700
0.007529
0.004256
0.002564
0.007438
0.004843
0.000592
0.009005
0.008108
0.005632
0.003508
0.002771
0.003399
0.004659
0.008982
0.003823
0.009665
0.003545
0.000062
0.000669
0.006077
0.007479
0.001914
0.004017
0.004159
0.005235
0.009229
0.005991
0.005351
0.005595
0.005235
0.004051
0.003124
0.009481
0.006605
0.000562
0.004324
0.007186
0.009557
0.002432
0.002818
0.003065
0.005193
0.006207
0.007714
0.004176
0.000029
0.007379
0.007711
0.000081
0.008038
0.003788
0.007550
0.009942
0.007795
0.001709
0.005177
0.007024
0.007691
0.000527
0.002619
0.002926
0.004568
0.005733
0.002407
0.001173
0.006286
0.006721
0.008349
0.005843
0.009143
0.001167
0.008898
0.004336
0.007364
0.006612
0.008502
0.007383
0.003991
0.006213
0.007454
0.002029
0.009991
0.005004
0.001971
0.007786
0.006704
0.007137
0.004809
0.004394
0.007654
0.007418
0.007310
0.002222
0.003151
0.009707
0.003385
0.009427
0.006428
0.001734
0.005270
0.005571
0.002891
0.004168
0.009897
0.000255
0.000780
0.008399
0.007628
0.004760
0.004612
0.005082
0.006779
0.004603
0.000086
0.008739
0.002389
0.006780
0.005877
0.007188
0.001174
0.003531
0.004607
0.008474
0.005743
0.007748
0.008182
0.009118
0.007175
0.004609
0.000853
0.002445
0.000180
0.003734
0.006602
0.000078
0.003979
0.007372
0.008467
0.001607
0.002132
0.003079
0.006679
0.008901
0.007672
0.006755
0.007641
0.000061
0.003535
0.003517
0.007239
0.004699
0.007038
0.001845
0.003173
0.002781
0.009583
0.001355
0.001900
0.006758
0.005954
0.002743
0.009193
0.006124
0.006467
0.005796
0.006192
0.000445
0.003167
0.004660
0.002042
0.005290
0.007729
0.008711
0.004191
0.005402
0.005466
0.001831
0.005452
0.008990
0.005338
0.002691
0.003689
0.002376
0.004527
0.006852
0.005148
0.004110
0.008196
0.007038
0.000869
0.004150
0.009770
0.000062
0.000275
0.006237
0.005847
0.006457
0.006672
0.009005
0.001117
0.008705
0.004294
0.008836
0.007415
0.008475
0.004238
0.002881
0.000306
0.009680
0.001871
0.005634
0.002372
0.005550
0.008001
0.006888
0.002402
0.003148
0.000999
0.000599
0.000186
0.001857
0.004739
0.009946
0.001909
0.005004
0.006183
0.007747
0.001461
0.002856
0.006751
0.002568
0.001560
0.001046
0.001405
0.008966
0.009511
0.005632
0.001847
0.009807
0.005313
0.003708
0.005441
0.007674
0.009249
0.003442
0.004562
0.001651
0.006580
0.005551
0.002239
0.006756
0.007398
0.006968
0.006703
0.009297
0.001972
0.002886
0.007044
0.003424
0.005732
0.003795
0.005982
0.007282
0.004831
0.007377
0.006247
0.004342
0.003009
0.008084
0.004148
0.008312
0.001792
0.009579
0.005986
0.001041
0.003021
0.000548
0.002682
0.009591
0.006089
0.004911
0.006347
0.003487
0.001879
0.003050
0.002785
0.003842
0.005926
0.009819
0.007255
0.001657
0.003614
0.003237
0.008929
0.008435
0.000614
0.005176
0.002777
0.003613
0.003261
0.006915
0.001924
0.005043
0.006494
0.007900
0.006074
0.009505
0.008438
0.008746
0.009096
0.004527
0.003657
0.005443
0.008004
0.005526
0.008483
0.000789
0.009358
0.004409
0.000608
0.006613
0.006056
0.004212
0.009841
0.004985
0.002647
0.000455
0.000161
0.005413
0.004058
0.003412
0.002328
0.005972
0.008445
0.008813
0.003872
0.004519
0.008318
0.002310
0.003265
0.007414
0.006828
0.006912
0.002857
0.004832
0.002438
0.001341
0.005611
0.001796
0.005739
0.006209
0.008399
0.001795
0.000421
0.008240
0.006770
0.003057
0.008685
0.006922
0.008461
0.002743
0.000334
0.000789
0.008705
0.008769
0.009592
0.002577
0.003288
0.007909
0.004878
0.006543
0.005323
0.001705
0.003455
0.008171
0.006527
0.005883
0.009502
0.002138
0.007669
0.005241
0.008337
0.006068
0.007026
0.008748
0.004309
0.003797
0.001805
0.002994
0.000718
0.000266
0.005726
0.001042
0.001045
0.004431
0.009801
0.000636
0.006999
0.003089
0.008536
0.001877
0.009622
0.003859
0.003572
0.003077
0.002030
0.000099
0.008950
0.001532
0.002228
0.006619
0.006763
0.000565
0.002687
0.003789
0.009303
0.006986
0.007576
0.001108
0.009969
0.008284
0.001364
0.005695
0.009316
0.002399
0.000127
0.009117
0.003025
0.007116
0.002206
0.001561
0.008982
0.001828
0.005410
0.002555
0.004895
0.007431
0.002644
0.003845
0.008952
0.004862
0.000463
0.005715
0.005417
0.003140
0.009494
0.004720
0.000126
0.007070
0.005818
0.000095
0.005354
0.007173
0.005781
0.004670
0.009561
0.005898
0.003787
0.002587
0.003013
0.005982
0.004138
0.001996
0.007800
0.009538
0.004540
0.002695
0.006969
0.007174
0.006529
0.005921
0.002036
0.006982
0.001636
0.007443
0.000123
0.001130
0.002163
0.000239
0.008190
0.007972
0.000324
0.003544
0.005144
0.006095
0.008204
0.004706
0.001993
0.001990
0.007283
0.004996
0.007962
0.001421
0.006982
0.005762
0.000959
0.001523
0.008447
0.007918
0.008687
0.004976
0.003839
0.000723
0.001958
0.005465
0.008156
0.002071
0.006585
0.000320
0.002300
0.004775
0.008282
0.002615
0.008309
0.003426
0.008700
0.006513
0.008122
0.000692
0.008493
0.005404
0.005679
0.006455
0.006815
0.002661
0.002217
0.007764
0.004173
0.000664
0.005681
0.002860
0.005630
0.009510
0.003573
0.007578
0.004975
0.001730
0.009639
0.001560
0.002040
0.001939
0.006325
0.000321
0.004544
0.004635
0.003737
0.003244
0.001147
0.001859
0.003926
0.009630
0.007253
0.009595
0.006085
0.004068
0.002256
0.008292
0.001832
0.006419
0.008946
0.007503
0.009269
0.004576
0.007013
0.002843
0.002154
0.001988
0.004563
0.001793
0.003538
0.006593
0.003723
0.009854
0.006904
0.008257
0.004488
0.000641
0.001500
0.005625
0.002490
0.005416
0.005255
0.009733
0.005011
0.001340
0.003801
0.007257
0.009622
0.005623
0.003676
0.008569
0.003126
0.002945
0.003145
0.000139
0.005778
0.005289
0.002117
0.000341
0.007072
0.005645
0.006923
0.000795
0.005498
0.003827
0.009042
0.009977
0.004459
0.000542
0.005602
0.006939
0.005949
0.000857
0.006672
0.000960
0.002188
0.000473
0.008207
0.001810
0.006086
0.001883
0.000379
0.009202
0.004818
0.003513
0.009330
0.000596
0.008792
0.001447
0.000927
0.005864
0.007082
0.007840
0.006650
0.002580
0.001668
0.005692
0.002557
0.006116
0.006224
0.008149
0.003055
0.002173
0.008996
0.009717
0.003123
0.001184
0.000191
0.001330
0.002984
0.006267
0.003203
0.003352
0.005468
0.008011
0.006856
0.004799
0.008597
0.005648
0.006236
0.009514
0.001512
0.003317
0.007355
0.008152
0.005887
0.009013
0.003843
0.008434
0.005129
0.000067
0.006583
0.008174
0.002230
0.005580
0.007891
0.005343
0.006753
0.008072
0.006663
0.009727
0.004339
0.009856
0.003079
0.009797
0.007867
0.009925
0.004595
0.006465
0.005573
0.000831
0.005979
0.007075
0.004138
0.003334
0.005227
0.000026
0.002346
0.009060
0.008450
0.007465
0.009118
0.005033
0.005639
0.001348
0.000613
0.003531
0.006681
0.007356
0.001602
0.003345
0.007083
0.005931
0.003201
0.000163
0.005728
0.001068
0.000088
0.000323
0.007523
0.005650
0.001144
0.003502
0.002725
0.005273
0.006826
0.007942
0.005288
0.009162
0.007002
0.003738
0.006627
0.006120
0.008762
0.002267
0.007458
0.009364
0.005787
0.004139
0.006721
0.007380
0.007474
0.003804
0.003311
0.000675
0.003957
0.009028
0.001733
0.004035
0.009342
0.009246
0.009675
0.000486
0.002749
0.002400
0.005749
0.009564
0.000342
0.001037
0.008727
0.007334
0.004765
0.005354
0.003454
0.003527
0.007610
0.000912
0.002891
0.003397
0.005041
0.009602
0.000777
0.002515
0.003406
0.004078
0.003180
0.007353
0.003106
0.004903
0.001387
0.002448
0.004149
0.001062
0.002924
0.006888
0.003452
0.008662
0.006452
0.003785
0.009689
0.005179
0.001119
0.004454
0.000532
0.004564
0.007971
0.008133
0.005466
0.000862
0.001530
0.000507
0.000464
0.002297
0.003012
0.003860
0.006365
0.006181
0.001213
0.009461
0.001084
0.002590
0.001908
0.005223
0.003642
0.004822
0.002111
0.007085
0.003484
0.008553
0.000869
0.003173
0.003732
0.001978
0.007618
0.004254
0.006532
0.005589
0.002387
0.001998
0.006441
0.003907
0.002494
0.006895
0.006195
0.005496
0.000755
