0.001240
0.000170
0.008257
0.001270
0.002266
0.006128
0.003172
0.001191
0.004297
0.008820
0.001208
0.006293
0.009147
0.000944
0.001746
0.003880
0.007228
0.001008
0.009649
0.000987
0.000300
0.001281
0.006666
0.006583
0.001898
0.006862
0.000158
0.002570
0.008392
0.000829
0.002222
0.009622
0.000989
0.000479
0.000892
0.003245
0.006597
0.004054
0.004427
0.000894
0.002874
0.005625
0.007177
0.002022
0.006559
0.008913
0.005892
0.003786
0.009911
0.005541
0.004763
0.000210
0.006812
0.001429
0.006783
0.008700
0.008282
0.006931
0.001270
0.006674
0.007750
0.003482
0.006296
0.008729
0.003951
0.007177
0.001975
0.000548
0.001231
0.006391
0.001432
0.004095
0.002016
0.008598
0.006107
0.008565
0.007511
0.001998
0.002351
0.007422
0.007529
0.007105
0.007623
0.004341
0.008524
0.004406
0.003041
0.006806
0.001337
0.004301
0.003480
0.009077
0.007773
0.009766
0.007806
0.001725
0.006943
0.009771
0.002263
0.008164
0.006162
0.003684
0.002259
0.008168
0.002283
0.008356
0.006733
0.009784
0.000354
0.009075
0.007206
0.007873
0.006179
0.004829
0.002215
0.004703
0.009225
0.005246
0.001509
0.000561
0.009537
0.004979
0.009628
0.007311
0.004745
0.007434
0.009025
0.001688
0.007205
0.001288
0.009842
0.003367
0.004962
0.002102
0.001535
0.007234
0.000458
0.008258
0.007018
0.000802
0.007333
0.004225
0.008665
0.003512
0.009043
0.000880
0.008205
0.008268
0.006116
0.009705
0.008820
0.005653
0.004684
0.008448
0.002964
0.009419
0.005881
0.001990
0.001107
0.003086
0.003267
0.000950
0.006443
0.008219
0.003041
0.007967
0.005454
0.003489
0.006225
0.002472
0.004281
0.003558
0.006687
0.002946
0.007060
0.005730
0.003817
0.005265
0.003998
0.009923
0.004970
0.002818
0.005576
0.009644
0.001265
0.008530
0.009063
0.007137
0.000520
0.000171
0.000223
0.003777
0.001110
0.006655
0.001996
0.004142
0.004623
0.007440
0.007621
0.000848
0.009902
0.001902
0.004396
0.006589
0.004839
0.001456
0.002319
0.008645
0.006711
0.006307
0.008568
0.001681
0.009115
0.004144
0.001326
0.000380
0.002675
0.000389
0.007506
0.003185
0.000549
0.007719
0.006952
0.001649
0.004375
0.008939
0.005781
0.008987
0.006379
0.003402
0.009826
0.006281
0.005294
0.004222
0.002869
0.000133
0.005668
0.005178
0.008768
0.002380
0.001485
0.007336
0.004051
0.000599
0.001480
0.005367
0.000969
0.004145
0.005746
0.008466
0.007319
0.006285
0.006185
0.004271
0.007924
0.000560
0.003210
0.003705
0.009537
0.009579
0.007098
0.009363
0.005859
0.002392
0.003585
0.008719
0.002514
0.009243
0.003897
0.001282
0.001623
0.005372
0.008608
0.005664
0.005961
0.000088
0.001031
0.006920
0.004223
0.006767
0.005386
0.001542
0.003052
0.001571
0.005804
0.000976
0.002121
0.009004
0.004671
0.001658
0.008582
0.001769
0.001020
0.004442
0.004151
0.004595
0.003160
0.006655
0.003838
0.007047
0.007928
0.005451
0.002418
0.006536
0.001116
0.008369
0.006614
0.002137
0.005290
0.000837
0.008894
0.000676
0.002369
0.001946
0.002237
0.008163
0.002912
0.004347
0.007167
0.007573
0.005995
0.005750
0.009332
0.007005
0.000191
0.003483
0.001600
0.003342
0.000138
0.005429
0.000388
0.008056
0.000880
0.002797
0.004592
0.001986
0.001166
0.001206
0.004113
0.006446
0.002033
0.003007
0.007111
0.004392
0.004943
0.009338
0.002556
0.007844
0.003685
0.009713
0.005417
0.009670
0.005462
0.004749
0.006675
0.005644
0.008222
0.008265
0.008975
0.008350
0.003694
0.009353
0.006406
0.004564
0.002150
0.000997
0.006540
0.003306
0.002193
0.000653
0.009742
0.004216
0.003650
0.006853
0.008598
0.008583
0.006191
0.001153
0.006427
0.009867
0.000866
0.001844
0.009536
0.006318
0.006583
0.006211
0.001962
0.004805
0.004477
0.000937
0.003155
0.008160
0.000290
0.009551
0.002724
0.002431
0.000548
0.009254
0.005727
0.002731
0.009897
0.005469
0.006937
0.003547
0.002322
0.005535
0.002130
0.008504
0.006678
0.008547
0.008370
0.007534
0.000391
0.007907
0.003852
0.006965
0.004118
0.005804
0.001770
0.008585
0.006731
0.004915
0.006745
0.007012
0.004466
0.009460
0.009432
0.005004
0.008714
0.005159
0.007726
0.008610
0.000628
0.004662
0.002158
0.002941
0.000197
0.004277
0.001445
0.006865
0.002824
0.009805
0.004399
0.003205
0.007712
0.008241
0.000170
0.001830
0.004045
0.001930
0.000415
0.000777
0.006835
0.007151
0.007778
0.001301
0.006610
0.007211
0.006296
0.005324
0.002370
0.004021
0.003934
0.002988
0.008673
0.006082
0.005919
0.008860
0.000359
0.007354
0.005725
0.003173
0.007159
0.000124
0.006369
0.004871
0.008355
0.006528
0.006692
0.002400
0.008448
0.007097
0.003166
0.005283
0.004248
0.000945
0.006574
0.000858
0.008145
0.002870
0.006172
0.000515
0.006881
0.000106
0.003494
0.005554
0.006178
0.009403
0.004415
0.006527
0.006757
0.000140
0.009690
0.003916
0.000253
0.006058
0.008777
0.008598
0.002587
0.005469
0.000998
0.001035
0.002566
0.004154
0.006308
0.006803
0.005089
0.002882
0.007651
0.003234
0.005742
0.003823
0.003739
0.002623
0.003919
0.007223
0.008167
0.000096
0.006626
0.002582
0.006613
0.003383
0.002712
0.006303
0.007289
0.002955
0.002361
0.006066
0.001553
0.004938
0.001535
0.002541
0.005963
0.004091
0.006684
0.002271
0.000894
0.001773
0.005143
0.008535
0.004997
0.000884
0.002358
0.008726
0.003497
0.006267
0.005949
0.001665
0.006353
0.002575
0.004237
0.002966
0.005948
0.006939
0.009259
0.003237
0.009884
0.001620
0.009293
0.001437
0.006548
0.000828
0.003967
0.002511
0.004909
0.000652
0.004771
0.005793
0.002415
0.009904
0.004328
0.007402
0.000788
0.006676
0.006128
0.004276
0.002943
0.002077
0.005930
0.009286
0.004642
0.000167
0.002252
0.000590
0.007096
0.001511
0.003817
0.006980
0.003121
0.003110
0.008407
0.009658
0.003928
0.002374
0.002169
0.008827
0.003016
0.006930
0.004620
0.005421
0.006834
0.008938
0.002823
0.007612
0.005614
0.008941
0.001887
0.008547
0.001018
0.007808
0.007832
0.005650
0.007965
0.000084
0.006230
0.005062
0.001585
0.000047
0.002042
0.004696
0.003147
0.000449
0.004354
0.007065
0.002813
0.006513
0.005892
0.005820
0.003443
0.000512
0.001241
0.000277
0.009439
0.004054
0.007879
0.005053
0.002994
0.009756
0.003599
0.004002
0.007564
0.001432
0.009642
0.005529
0.001506
0.005872
0.000591
0.003081
0.005909
0.002623
0.007767
0.009046
0.003062
0.002121
0.006111
0.005865
0.008624
0.002003
0.001685
0.002067
0.002505
0.002915
0.002334
0.001945
0.006959
0.000213
0.006987
0.009943
0.009959
0.000587
0.003945
0.007523
0.002009
0.003587
0.003052
0.003505
0.009449
0.003633
0.006577
0.005357
0.006246
0.004344
0.004403
0.009298
0.006455
0.000514
0.005163
0.005079
0.002507
0.006837
0.007137
0.005003
0.009743
0.009461
0.006937
0.006702
0.009664
0.003925
0.006645
0.009623
0.004502
0.000590
0.007146
0.006500
0.004167
0.000198
0.009996
0.003616
0.003821
0.006572
0.008963
0.000067
0.000916
0.003366
0.009355
0.007361
0.003870
0.004517
0.002440
0.006367
0.001354
0.009567
0.001370
0.001097
0.009028
0.008297
0.007789
0.008692
0.002221
0.004434
0.008315
0.006713
0.005014
0.005461
0.003213
0.009171
0.005649
0.003209
0.002786
0.009460
0.009772
0.001749
0.009517
0.000688
0.005104
0.008872
0.008039
0.008964
0.003389
0.000479
0.005331
0.004734
0.000046
0.006691
0.005821
0.009064
0.004988
0.003609
0.007756
0.007199
0.008033
0.006071
0.003912
0.003047
0.001532
0.007115
0.002217
0.007171
0.000324
0.004993
0.006631
0.000096
0.006732
0.006148
0.000774
0.001837
0.005020
0.008802
0.000801
0.008399
0.009272
0.006122
0.003132
0.009308
0.002813
0.008943
0.008372
0.007790
0.002552
0.006129
0.004989
0.000585
0.002200
0.008891
0.003622
0.003722
0.006006
0.005829
0.000892
0.006320
0.000822
0.007513
0.006406
0.007545
0.003661
0.007170
0.009371
0.008671
0.005972
0.000172
0.007069
0.005244
0.006284
0.000202
0.004552
0.009086
0.009135
0.002924
0.006876
0.001687
0.009042
0.001865
0.002262
0.001242
0.000756
0.005874
0.004954
0.006752
0.001703
0.005836
0.003072
0.002516
0.003349
0.009469
0.000061
0.007000
0.006638
0.009422
0.005670
0.002611
0.009584
0.002739
0.007844
0.005868
0.002931
0.002396
0.004954
0.002066
0.005310
0.001830
0.003743
0.004352
0.003686
0.005995
0.005584
0.004432
0.001870
0.000538
0.001184
0.003563
0.006364
0.004247
0.006069
0.009702
0.003715
0.006119
0.006702
0.000354
0.005541
0.002372
0.002954
0.005125
0.005102
0.000799
0.000993
0.008023
0.003184
0.005937
0.000089
0.008484
0.007757
0.003822
0.002836
0.001443
0.009807
0.008410
0.005865
0.001677
0.008938
0.007039
0.005230
0.005301
0.001286
0.001299
0.005004
0.004991
0.007408
0.001706
0.005335
0.002949
0.004068
0.008279
0.008064
0.009160
0.009068
0.009047
0.007183
0.002252
0.004984
0.007261
0.000736
0.002741
0.001083
0.003561
0.004173
0.000890
0.001971
0.000038
0.002556
0.000909
0.007067
0.007776
0.006200
0.008343
0.009065
0.001204
0.003334
0.006473
0.002900
0.008658
0.009412
0.006958
0.006937
0.007476
0.006118
0.006005
0.006523
0.003300
0.008247
0.001507
0.000562
0.008972
0.004237
0.001634
0.002534
0.008401
0.002514
0.004495
0.008429
0.005061
0.005394
0.005496
0.002837
0.001594
0.003839
0.001901
0.002788
0.007163
0.008364
0.005678
0.005821
0.007776
0.002636
0.002758
0.005252
0.008744
0.008753
0.001775
0.002044
0.007000
0.003272
0.002596
0.005972
0.007500
0.004220
0.008496
0.005900
0.006724
0.002991
0.004329
0.001785
0.008374
0.009815
0.004612
0.009958
0.003654
0.006503
0.002746
0.000817
0.004867
0.008414
0.006628
0.002643
0.001050
0.009376
0.007885
0.009783
0.008129
0.009650
0.001827
0.005129
0.002923
0.004413
0.001102
0.000422
0.008623
0.009588
0.006313
0.005347
0.002578
0.000642
0.007122
0.000953
0.000457
0.001734
0.000911
0.004101
0.008227
0.003647
0.004908
0.003094
0.002060
0.001536
0.005726
0.003100
0.000912
0.003611
0.002883
0.009031
0.003261
0.004701
0.004161
0.006174
0.009104
0.005252
0.006586
0.007727
0.004840
0.002899
0.003074
0.007409
0.003530
0.000196
0.008351
0.003978
0.001920
0.009252
0.008069
0.000147
0.002898
0.002977
0.003231
0.004949
0.004503
0.008947
0.008039
0.005405
0.002558
0.000922
0.004436
0.005810
0.005613
0.008587
0.001983
0.004716
0.003839
0.008559
0.002443
0.008669
0.001458
0.005507
0.006078
0.004979
0.005694
0.004429
0.008946
0.007604
0.003681
0.007015
0.007741
0.006570
0.009983
0.000971
0.001518
0.004486
0.009909
0.009547
0.009881
0.002467
0.000469
0.004317
0.008266
0.006071
0.002904
0.000250
0.000788
0.006734
0.008799
0.003221
0.005403
0.000257
0.008718
0.001481
0.005226
0.004412
0.005900
0.004172
0.002016
0.009572
0.001187
0.009746
0.006141
0.001170
0.000718
0.007650
0.005646
0.000626
0.007197
0.005527
0.003083
0.007655
0.009835
0.001349
0.003727
0.002739
0.001589
0.004504
0.009462
0.000388
0.007715
0.004865
0.000635
0.006433
0.006336
0.005851
0.000845
0.002237
0.000023
0.002851
0.001808
0.001201
0.002597
0.007939
0.002361
0.003305
0.005589
0.007997
0.003922
0.002786
0.003524
0.006995
0.000441
0.003359
0.008334
0.004158
0.006087
0.009913
0.008652
0.005550
0.000301
0.006368
0.000415
0.000926
0.002801
0.006742
0.006767
0.003636
0.008969
0.006781
0.006477
0.000777
0.007971
0.009064
0.008706
0.000332
0.002370
0.004295
0.008319
0.006281
0.007071
0.001843
0.003276
0.007502
0.005192
0.001610
0.001660
0.001279
0.001524
0.000312
0.006819
0.001815
0.006670
0.007224
0.002731
0.009461
0.003966
0.009489
0.003097
0.002935
0.006269
0.009564
0.003701
0.004240
0.008629
0.002408
0.004562
0.000999
0.006693
0.002881
0.007270
0.003764
0.004714
0.000546
0.001266
0.009895
0.002147
0.002916
0.001174
0.003660
0.003219
0.007983
0.005465
0.009879
0.005207
0.008186
0.009340
0.009163
0.007675
0.002437
0.002098
0.003944
0.002002
0.005789
0.008175
0.000631
0.008187
0.002737
0.001619
0.004880
0.005608
0.008880
0.008634
0.000321
0.009416
0.009890
0.000217
0.001563
0.002806
0.001381
0.005213
0.006015
0.009354
0.000679
0.005894
0.004561
0.008855
0.005234
0.003724
0.006530
0.007661
0.005812
0.000475
0.009653
0.001601
0.008640
0.000284
0.009778
0.001377
0.001893
0.004658
0.006974
0.000773
0.003291
0.007286
0.000189
0.003181
0.007492
0.001742
0.005977
0.008863
0.006945
0.001993
0.008217
0.007614
0.007877
0.002778
0.006469
0.003111
0.006493
0.002999
0.000773
0.002305
0.003464
0.000426
0.003896
0.002104
0.000700
0.003674
0.003470
0.002583
0.008322
0.000445
0.003346
0.001613
0.007720
0.003525
0.004784
0.005213
0.005257
0.000761
0.004076
0.002202
0.002744
0.002293
0.009806
0.000621
0.005061
0.006275
0.003722
0.001554
0.009264
0.004485
0.003849
0.002729
0.004901
0.007735
0.004822
0.005590
0.001409
0.008283
0.008163
0.009721
0.008717
0.001509
0.001334
0.006438
0.005024
0.006108
0.001650
0.000280
0.006859
0.005716
0.002472
0.009594
0.007999
0.002278
0.000215
0.003061
0.008543
0.003927
0.004605
0.007808
0.008402
0.008444
0.000536
0.003303
0.006179
0.005349
0.008884
0.007578
0.003631
0.007047
0.007300
0.002349
0.008546
0.008624
0.008776
0.003570
0.004732
0.000426
0.003840
0.001591
0.006133
0.006303
0.001185
0.004132
0.008571
0.001390
0.007183
0.007114
0.005307
0.001788
0.004922
0.003709
0.000231
0.005448
0.007003
0.006400
0.000797
0.005886
0.003979
0.004418
0.002933
0.001278
0.006756
0.001479
0.009892
0.005533
0.005039
0.004624
0.005949
0.008869
0.006205
0.002082
0.005172
0.007379
0.006204
0.003743
0.008759
0.003387
0.000857
0.004066
0.005165
0.005768
0.007765
0.005386
0.001216
0.004767
0.001787
0.002003
0.000654
0.005756
0.006411
0.003577
0.007024
0.003167
0.005046
0.006916
0.008690
0.000085
0.001540
0.004639
0.008945
0.007734
0.006711
0.004117
0.005113
0.002915
0.007849
0.003872
0.006292
0.008696
0.007928
0.001457
0.004464
0.005693
0.006833
0.005670
0.000460
0.008610
0.007663
0.001104
0.004365
0.004074
0.004671
0.001389
0.007231
0.009707
0.008295
0.005921
0.009782
0.009825
0.000559
0.008727
0.007559
0.007260
0.002844
0.002673
0.000175
0.000694
0.006535
0.006457
0.009380
0.004463
0.007903
0.003844
0.000156
0.004736
0.009504
0.000606
0.003346
0.007167
0.001700
0.007702
0.001241
0.006361
0.009081
0.008462
0.006068
0.007377
0.004382
0.005850
0.007202
0.004932
0.004578
0.004761
0.002192
0.007412
0.007423
0.002357
0.008095
0.003958
0.008803
0.007475
0.008411
0.006707
0.001318
0.008557
0.001443
0.000822
0.009152
0.004779
0.007980
0.000852
0.002481
0.009211
0.007203
0.001562
0.007672
0.003271
0.008929
0.002055
0.009111
0.006130
0.006977
0.003688
0.000891
0.009159
0.001100
0.008304
0.001515
0.009185
0.002262
0.000319
0.006660
0.000673
0.007015
0.007968
0.009220
0.008448
0.008781
0.008372
0.003228
0.006760
0.009214
0.005699
0.005971
0.006417
0.007251
0.003643
0.009678
0.006180
0.005688
0.008789
0.002310
0.002665
0.002477
0.003191
0.001823
0.003567
0.001496
0.003328
0.002753
0.003748
0.003637
0.009402
0.004411
0.000652
0.007371
0.003631
0.009091
0.006151
0.002004
0.002318
0.002912
0.001218
0.008007
0.008872
0.007625
0.005259
0.002515
0.007304
0.001439
0.008193
0.006093
0.003739
0.000858
0.008560
0.006920
0.002671
0.002127
0.008406
0.005989
0.004870
0.002154
0.009616
0.004272
0.006556
0.000269
0.001643
0.000187
0.009349
0.007784
0.002180
0.001668
0.000696
0.003388
0.009665
0.009558
0.001014
0.004924
0.002073
0.008307
0.006352
0.000267
0.004400
0.000091
0.001115
0.002960
0.007001
0.003775
0.005077
0.005407
0.009755
0.009937
0.007551
0.009371
0.004210
0.004107
0.009630
0.005843
0.004284
0.008979
0.003627
0.006454
0.000647
0.004312
0.009833
0.000312
0.003870
0.000846
0.005225
0.005934
0.009144
0.001577
0.006191
0.003544
0.001658
0.007295
0.006494
0.008650
0.001071
0.001571
0.004057
0.000825
0.001509
0.001608
0.000197
0.005709
0.005705
0.009816
0.001551
0.009979
0.008795
0.005168
0.006433
0.009432
0.009470
0.006266
0.009734
0.003341
0.007102
0.004959
0.009265
0.006246
0.006527
0.005455
0.009780
0.008175
0.002750
0.006274
0.006825
0.003811
0.007836
0.000882
0.004626
0.009334
0.002480
0.004813
0.005043
0.008176
0.004629
0.006584
0.008155
0.003425
0.001752
0.004588
0.002857
0.001223
0.000854
0.002591
0.004554
0.007946
0.007540
0.003818
0.004192
0.004066
0.009264
0.003972
0.002241
0.002014
0.000247
0.009056
0.005815
0.008072
0.009928
0.000441
0.007407
0.002408
0.005244
0.002450
0.000584
0.009863
0.009024
0.008729
0.003288
0.000776
0.003317
0.006135
0.001989
0.004161
0.008715
0.006533
0.002107
0.006255
0.000351
0.006290
0.000322
0.009605
0.000262
0.002553
0.001618
0.000499
0.001609
0.007423
0.008561
0.001537
0.007854
0.005968
0.003935
0.003098
0.008407
0.004509
0.002961
0.007431
0.003237
0.006239
0.008198
0.006544
0.002374
0.000187
0.000705
0.001089
0.006709
0.002803
0.007334
0.007050
0.009082
0.007646
0.006655
0.009334
0.000198
0.008263
0.009823
0.001797
0.005686
0.008384
0.003324
0.003541
0.004351
0.007249
0.006629
0.002759
0.001758
0.009580
0.000190
0.004985
0.005819
0.008378
0.001530
0.008183
0.008554
0.002225
0.009262
0.005263
0.005018
0.006596
0.002314
0.004100
0.004241
0.008958
0.003434
0.004430
0.007222
0.003257
0.006217
0.002908
0.001641
0.009531
0.006439
0.005982
0.006780
0.003068
0.008731
0.008528
0.002648
0.008911
0.003513
0.008457
0.007289
0.005033
0.006639
0.005843
0.007248
0.005901
0.001106
0.002266
0.002497
0.003410
0.006355
0.006728
0.002368
0.009779
0.001158
0.009580
0.003036
0.007365
0.002487
0.004667
0.006896
0.008916
0.000650
0.003677
0.001984
0.009371
0.002205
0.004621
0.008282
0.005708
0.003078
0.005571
0.000741
0.009707
0.001414
0.007979
0.005608
0.002510
0.000245
0.008095
0.005910
0.006590
0.004823
0.008268
0.006369
0.005971
0.007848
0.009396
0.003336
0.000335
0.004063
0.000233
0.009241
0.004703
0.003899
0.001225
0.004074
0.006094
0.005836
0.002356
0.001802
0.008904
0.007918
0.002533
0.008611
0.009322
0.000512
0.004219
0.001832
0.000747
0.002314
0.007732
0.007327
0.007127
0.006000
0.003696
0.003098
0.003848
0.003091
0.006424
0.004173
0.007144
0.006647
0.003414
0.001847
0.000546
0.004629
0.005911
0.006630
0.000465
0.008258
0.008422
0.009359
0.006175
0.000956
0.007970
0.005497
0.001458
0.002189
0.007319
0.002195
0.004493
0.005051
0.009511
0.001621
0.001051
0.003207
0.004709
0.004889
0.006288
0.001133
0.009052
0.003432
0.007770
0.002466
0.005270
0.008306
0.007084
0.001181
0.004937
0.007539
0.009428
0.003359
0.006898
0.005604
0.004305
0.004868
0.001101
0.005752
0.007047
0.008410
0.007937
0.001541
0.003461
0.007448
0.003151
0.004502
0.000655
0.007850
0.009381
0.006933
0.008974
0.008432
0.000365
0.006744
0.000898
0.005625
0.005050
0.007972
0.006796
0.009977
0.005511
0.006224
0.003336
0.002410
0.001828
0.007631
0.007268
0.002919
0.003383
0.004315
0.001328
0.001320
0.005846
0.004779
0.008758
0.008987
0.009271
0.009403
0.006837
0.008651
0.006336
0.005811
0.007083
0.006692
0.002555
0.007971
0.002317
0.007595
0.005943
0.009103
0.007572
0.001454
0.005327
0.000908
0.003854
0.007145
0.008529
0.001122
0.000064
0.001913
0.005427
0.001382
0.003223
0.001273
0.006151
0.001981
0.000260
0.005422
0.001384
0.007087
0.004073
0.007711
0.002898
0.001157
0.004403
0.005443
0.009118
0.006710
0.003038
0.005061
0.005812
0.000611
0.006505
0.001139
0.001509
0.000359
0.008275
0.000038
0.001471
0.008328
0.001941
0.006887
0.009701
0.005154
0.008150
0.005852
0.007125
0.008400
0.001274
0.008499
0.005487
0.005337
0.006210
0.008375
0.006484
0.000613
0.003818
0.005602
0.007313
0.006847
0.000663
0.003125
0.007448
0.007158
0.004255
0.008947
0.007507
0.002529
0.008975
0.008968
0.000858
0.000916
0.005855
0.000558
0.006060
0.004005
0.006400
0.003185
0.002405
0.007664
0.001684
0.007882
0.003002
0.007885
0.006257
0.009476
0.008488
0.000075
0.005078
0.005800
0.006912
0.005731
0.008916
0.004359
0.002889
0.003171
0.003306
0.000395
0.005690
0.002282
0.009353
0.006538
0.003188
0.005208
0.007086
0.009238
0.009203
0.003486
0.002423
0.001608
0.001151
0.004097
0.009479
0.004143
0.001982
0.005736
0.003619
0.000469
0.005801
0.008687
0.006260
0.002713
0.004418
0.005176
0.007062
0.007296
0.008336
0.000369
0.007681
0.004026
0.002640
0.007035
0.000563
0.005818
0.002243
0.007639
0.005056
0.001446
0.001126
0.007469
0.003044
0.002267
0.001566
0.002523
0.006399
0.003538
0.008250
0.000018
0.003997
0.004051
0.008695
0.000257
0.006754
0.003113
0.005422
0.003816
0.000409
0.003758
0.004175
0.008080
0.007774
0.006806
0.005115
0.008328
0.002624
0.007348
0.005967
0.007670
0.008784
0.007083
0.005139
0.001828
0.009339
0.006695
0.004341
0.005739
0.000233
0.002591
0.005747
0.004220
0.006631
0.004442
0.004467
0.003385
0.007545
0.009879
0.007192
0.007943
0.003638
0.001367
0.006023
0.001412
0.008162
0.001138
0.009729
0.000786
0.008476
0.005696
0.008446
0.007259
0.002779
0.003585
0.009077
0.002118
0.000280
0.003418
0.007847
0.000503
0.005998
0.003594
0.004713
0.002630
0.008025
0.009170
0.006005
0.005570
0.009050
0.003197
0.003513
0.002687
0.004553
0.009527
0.004089
0.002716
0.000665
0.003818
0.003492
0.009130
0.009505
0.001938
0.006390
0.002284
0.005513
0.005467
0.004392
0.005783
0.008874
0.002238
0.006277
0.004873
0.005822
0.000990
0.007493
0.003847
0.000160
0.003498
0.009407
0.009200
0.006685
0.002921
0.001887
0.001238
0.002447
0.005966
0.003944
0.003102
0.009774
0.007426
0.002232
0.009279
0.009354
0.008612
0.001562
0.004866
0.004079
0.005944
0.000650
0.002953
0.008172
0.006916
0.007816
0.003994
0.007896
0.005309
0.007832
0.008046
0.008797
0.007239
0.007246
0.005482
0.000159
0.009123
0.006710
0.002596
0.005089
0.000654
0.005688
0.004863
0.008070
0.007911
0.004142
0.007423
0.006523
0.005694
0.002290
0.000601
0.001638
0.002930
0.003544
0.009801
0.009836
0.001360
0.003795
0.007732
0.006659
0.001626
0.005778
0.005456
0.008855
0.003024
0.000938
0.009005
0.002147
0.007638
0.001601
0.007226
0.008282
0.007279
0.002089
0.006352
0.005190
0.006221
0.003775
0.001712
0.001915
0.006055
0.002304
0.003543
0.008975
0.005838
0.003344
0.008810
0.007188
0.007129
0.006542
0.003847
0.008745
0.002320
0.009293
0.007601
0.005334
0.000231
0.006605
0.007471
0.007859
0.008196
0.004696
0.006141
0.005476
0.006775
0.002493
0.000666
0.002996
0.006258
0.002368
0.004901
0.002313
0.004662
0.008434
0.001288
0.000500
0.001778
0.000098
0.007678
0.008897
0.006630
0.001525
0.007642
0.008940
0.000819
0.005243
0.004274
0.001040
0.001848
0.001744
0.008889
0.000044
0.006431
0.005030
0.005510
0.003206
0.007513
0.006166
0.006191
0.003771
0.008524
0.001092
0.006074
0.003186
0.009516
0.007351
0.003675
0.001294
0.007439
0.001353
0.000191
0.004069
0.002869
0.007823
0.003009
0.003677
0.003066
0.007273
0.004707
0.004904
0.009007
0.003596
0.004938
0.005438
0.008617
0.000448
0.008633
0.006129
0.006604
0.004825
0.009890
0.005128
0.005907
0.005964
0.008303
0.005423
0.003316
0.001978
0.006708
0.000755
0.003322
0.006889
0.004814
0.006180
0.004712
0.007813
0.009847
0.007768
0.005085
0.004555
0.002672
0.004092
0.008141
0.007600
0.009520
0.006758
0.008038
0.008153
0.002887
0.004642
0.002978
0.002777
0.009760
0.008875
0.008732
0.008063
0.004299
0.002047
0.000041
0.001006
0.002792
0.003353
0.007885
0.007596
0.009523
0.002597
0.005409
0.009370
0.000365
0.000494
0.003925
0.003027
0.004577
0.002066
0.000627
0.004097
0.008814
0.008656
0.002250
0.001701
0.003298
0.005218
0.004468
0.003058
0.004093
0.003200
0.001121
0.008382
0.005237
0.001152
0.009378
0.008019
0.004495
0.007263
0.005615
0.004018
0.009850
0.001024
0.003388
0.000215
0.001509
0.007303
0.003232
0.006076
0.009360
0.003849
0.000172
0.008173
0.002505
0.002412
0.009864
0.005793
0.007620
0.004333
0.008841
0.001714
0.007522
0.009951
0.000095
0.002760
0.001103
0.009464
0.000779
0.005588
0.006727
0.006384
0.009596
0.006577
0.007399
0.002984
0.006782
0.008898
0.000287
0.000014
0.004973
0.009637
0.003853
0.005135
0.007810
0.006348
0.007537
0.007674
0.002141
0.005157
0.002007
0.000982
0.006861
0.009519
0.000933
0.006946
0.002279
0.002026
0.006410
0.003048
0.007604
0.003137
0.009422
0.007199
0.009703
0.006821
0.000183
0.006485
0.005718
0.000460
0.006488
0.000691
0.000097
0.000342
0.005817
0.007897
0.006680
0.003354
0.005572
0.008811
0.008501
0.007569
0.009783
0.005362
0.007088
0.000716
0.002309
0.009357
0.002732
0.008709
0.002405
0.000335
0.001845
0.001827
0.007524
0.001548
0.008637
0.007697
0.008023
0.004356
0.008148
0.004512
0.005037
0.008235
0.004843
0.000854
0.006132
0.001523
0.004198
0.001703
0.000334
0.002699
0.009262
0.000117
0.008051
0.006350
0.000822
0.000360
0.005707
0.003544
0.009059
0.008101
0.003869
0.000904
0.009918
0.001394
0.002443
0.008555
0.009081
0.000466
0.002911
0.007229
0.004968
0.007938
0.005463
0.009801
0.008782
0.001595
0.001324
0.002980
0.003288
0.001648
0.005669
0.002550
0.001755
0.003720
0.008889
0.002567
0.004070
0.004596
0.006101
0.003129
0.002697
0.009961
0.004024
0.002615
0.001354
0.006457
0.001170
0.000435
0.006913
0.004071
0.007654
0.001881
0.002009
0.003117
0.001682
0.000791
0.004701
0.002997
0.003761
0.007979
0.004635
0.009419
0.000529
0.006380
0.003139
0.009409
0.008938
0.007200
0.004005
0.005039
0.000329
0.006692
0.005000
0.004343
0.009297
0.006344
0.000800
0.000467
0.006769
0.007703
0.004528
0.004423
0.009575
0.006527
0.007530
0.001257
0.007308
0.002231
0.004244
0.001069
0.000210
0.008869
0.000489
0.000730
0.005249
0.003618
0.000138
0.004187
0.000818
0.004133
0.009216
0.001137
0.000824
0.004216
0.005470
0.000121
0.000560
0.006260
0.000578
0.007319
0.003963
0.005096
0.001742
0.003538
0.001623
0.009262
0.004785
0.008921
0.001493
0.009019
0.009981
0.001693
0.007888
0.000469
0.002413
0.003137
0.004077
0.002541
0.007314
0.004884
0.006663
0.006530
0.006011
0.007478
0.000746
0.001481
0.007589
0.001296
0.007731
0.008156
0.008605
0.001694
0.003252
0.000347
0.005222
0.004865
0.009599
0.009997
0.003786
0.001091
0.009016
0.003767
0.002774
0.006904
0.004226
0.005177
0.000041
0.008293
0.007708
0.007345
0.003177
0.004371
0.003875
0.009178
0.001849
0.004611
0.000659
0.009427
0.005898
0.008380
0.007584
0.004503
0.000075
0.000836
0.004840
0.005287
0.005691
0.004439
0.005284
0.009467
0.005520
0.004300
0.003233
0.008284
0.001203
0.007449
0.003461
0.001234
0.005742
0.001169
0.008569
0.008909
0.005530
0.002444
0.008087
0.007369
0.007046
0.008737
0.006796
0.002943
0.007117
0.004380
0.007436
0.007182
0.005205
0.002276
0.002469
0.000896
0.006705
0.007743
0.000363
0.002225
0.002043
0.003586
0.000509
0.003236
0.001035
0.003961
0.004461
0.006767
0.005120
0.003030
0.005676
0.000650
0.005464
0.003764
0.008008
0.002509
0.002501
0.004804
0.005443
0.009608
0.009174
0.002879
0.006790
0.004379
0.005145
0.009249
0.005265
0.001850
0.006992
0.005618
0.004065
0.009025
0.009194
0.004565
0.002261
0.000229
0.008515
0.006712
0.006987
0.003635
0.009732
0.002663
0.004275
0.005195
0.006417
0.002283
0.007695
0.008907
0.007077
0.003138
0.008515
0.006251
0.006007
0.005305
0.000631
0.001152
0.004554
0.005886
0.002992
0.001546
0.001504
0.007047
0.000571
0.000698
0.001611
0.002822
0.000917
0.000127
0.009524
0.007894
0.003752
0.009256
0.000557
0.008017
0.004451
0.006963
0.000300
0.002146
0.005871
0.007367
0.005274
0.004386
0.003618
0.001280
0.009681
0.004239
0.002422
0.004234
0.000125
0.005403
0.005770
0.001619
0.002450
0.006331
0.002307
0.004052
0.009143
0.003214
0.004168
0.008667
0.001107
0.007910
0.007923
0.001654
0.005927
0.002374
0.008607
0.006216
0.004510
0.004478
0.003583
0.009774
0.008854
0.007192
0.001054
0.008534
0.001431
0.003465
0.002769
0.001546
0.008859
0.008529
0.003155
0.001309
0.004859
0.005451
0.005351
0.004002
0.008655
0.009509
0.002669
0.009752
0.007419
0.000592
0.001406
0.003345
0.002956
0.000013
0.009552
0.007456
0.004481
0.003135
0.007230
0.003335
0.000327
0.008273
0.001869
0.001748
0.001739
0.004628
0.003284
0.000598
0.003156
0.006428
0.001897
0.008006
0.001880
0.007237
0.002008
0.000534
0.006746
0.004667
0.000286
0.004165
0.005249
0.001682
0.007500
0.008195
0.001685
0.007052
0.005651
0.006156
0.000187
0.002881
0.009481
0.000503
0.001154
0.001350
0.002241
0.002883
0.005967
0.005515
0.003471
0.009113
0.001943
0.005357
0.007119
0.003813
0.002594
0.009117
0.004337
0.009330
0.003784
0.004614
0.003495
0.009023
0.006286
0.000995
0.007218
0.007961
0.008037
0.002869
0.004117
0.008213
0.005740
0.003598
0.008707
0.006884
0.004937
0.000948
0.009757
0.000904
0.006452
0.003228
0.000018
0.008386
0.008575
0.007127
0.002198
0.001170
0.006244
0.006526
0.000500
0.000027
0.001140
0.003985
0.009040
0.007415
0.004970
0.006258
0.005376
0.003007
0.009116
0.009483
0.001220
0.004856
0.003081
0.009917
0.001740
0.008008
0.000864
0.001498
0.008902
0.007307
0.004716
0.008910
0.005692
0.003291
0.006037
0.007881
0.004451
0.002280
0.004407
0.004941
0.002298
0.005536
0.008916
0.001337
0.002952
0.003887
0.007585
0.008318
0.006884
0.006701
0.007802
0.008094
0.001558
0.000882
0.008011
0.003288
0.008880
0.008865
0.004776
0.007783
0.006172
0.009482
0.006693
0.001865
0.002773
0.002729
0.009735
0.007213
0.005000
0.004142
0.002154
0.007287
0.009669
0.001070
0.008614
0.002620
0.004947
0.006199
0.000938
0.001831
0.002901
0.008730
0.009915
0.004448
0.009602
0.007926
0.007727
0.008483
0.006791
0.002503
0.006266
0.002963
0.001984
0.002958
0.004818
0.004747
0.005677
0.004553
0.001960
0.000677
0.008686
0.004104
0.007954
0.008354
0.005165
0.006568
0.000974
0.000112
0.002768
0.001903
0.001933
0.005658
0.000633
0.001848
0.000107
0.000235
0.009764
0.007823
0.008708
0.006555
0.000326
0.004973
0.009508
0.002300
0.007922
0.004326
0.007037
0.003599
0.008869
0.008987
0.004266
0.007555
0.003091
0.002219
0.005909
0.008246
0.008778
0.006873
0.008348
0.001545
0.008766
0.000281
0.007194
0.009388
0.002119
0.007290
0.009613
0.001882
0.005113
0.008321
0.008427
0.005429
0.003295
0.007935
0.007719
0.001216
0.002261
0.004756
0.004805
0.001130
0.003743
0.009061
0.008675
0.006825
0.001280
0.004584
0.005071
0.000058
0.001457
0.003419
0.001593
0.000222
0.003690
0.008777
0.009601
0.005799
0.006067
0.009214
0.007671
0.001181
0.007536
0.006098
0.006600
0.000831
0.004033
0.004319
0.002037
0.006284
0.009065
0.006832
0.007404
0.002808
0.005893
0.006079
0.009623
0.007164
0.000663
0.004694
0.007212
0.002109
0.008103
0.008796
0.002322
0.001793
0.007573
0.001923
0.007581
0.003640
0.001137
0.005253
0.004810
0.008663
0.001351
0.001410
0.009483
0.005374
0.005720
0.001520
0.001658
0.004785
0.008343
0.009052
0.007583
0.004236
0.005131
0.007206
0.001400
0.005784
0.001900
0.008602
0.007883
0.009992
0.007398
0.000205
0.001785
0.004971
0.002118
0.009357
0.008600
0.003245
0.004609
0.003411
0.001907
0.005950
0.004811
0.001391
0.001323
0.000531
0.002901
0.002971
0.005306
0.001244
0.002023
0.002889
0.005471
0.007144
0.000095
0.006861
0.002928
0.001985
0.005463
0.000812
0.001977
0.002861
0.001007
0.003752
0.007822
0.003115
0.003109
0.006423
0.006350
0.007708
0.009823
0.008247
0.003658
0.004635
0.009628
0.004971
0.005155
0.002529
0.007933
0.000461
0.003764
0.009946
0.003340
0.009224
0.007090
0.003425
0.006085
0.000019
0.005400
0.001548
0.000821
0.007367
0.004400
0.001818
0.001119
0.002222
0.004923
0.004218
0.008634
0.001273
0.001926
0.008458
0.009510
0.005574
0.003092
0.009139
0.000546
0.008238
0.001668
0.008468
0.008689
0.005422
0.008414
0.002029
0.004646
0.005505
0.005444
0.000731
0.005513
0.000844
0.002269
0.006324
0.008200
0.006659
0.008132
0.009310
0.008871
0.003055
0.003528
0.007505
0.004318
0.005444
0.005963
0.003829
0.001019
0.009045
0.002967
0.001554
0.007283
0.004626
0.000023
0.005972
0.000047
0.008427
0.007991
0.004683
0.003931
0.003435
0.005404
0.009435
0.004268
0.007663
0.005759
0.002469
0.004322
0.003891
0.001779
0.003192
0.006936
0.005297
0.000697
0.001255
0.000741
0.006650
0.005073
0.001750
0.005695
0.008031
0.003294
0.002979
0.002656
0.003307
0.008941
0.002694
0.001733
0.006932
0.007367
0.005655
0.000367
0.002771
0.005089
0.004625
0.000434
0.000848
0.007084
0.004746
0.004730
0.008852
0.007928
0.001666
0.004149
0.008615
0.002910
0.004880
0.005265
0.007974
0.006620
0.000961
0.006005
0.009904
0.003930
0.008651
0.003211
0.002870
0.001345
0.004934
0.009792
0.008702
0.000589
0.000159
0.001472
0.005669
0.004774
0.001896
0.006507
0.001858
0.006632
0.001237
0.000710
0.004560
0.002893
0.004849
0.003175
0.005793
0.009720
0.008430
0.003767
0.006340
0.009381
0.009761
0.006244
0.003311
0.008412
0.009445
0.006171
0.009747
0.004379
0.005963
0.008449
0.004958
0.006112
0.009911
0.000627
0.000886
0.001808
0.007124
0.002733
0.008429
0.008351
0.003433
0.002989
0.001243
0.008273
0.006154
0.007026
0.007992
0.004584
0.000793
0.004332
0.003966
0.000554
0.000576
0.007267
0.008957
0.000021
0.003438
0.008704
0.004390
0.009391
0.007153
0.009338
0.005503
0.007064
0.009955
0.006378
0.008862
0.007080
0.009102
0.007291
0.005430
0.002535
0.000280
0.006663
0.000808
0.006424
0.003690
0.008790
0.001009
0.004473
0.003122
0.004964
0.005017
0.003688
0.002231
0.003974
0.003699
0.005658
0.002678
0.008079
0.005049
0.009821
0.007417
0.000552
0.006885
0.007373
0.006920
0.005747
0.004452
0.006022
0.003038
0.009872
0.008547
0.003308
0.006536
0.009345
0.009722
0.000226
0.008136
0.000731
0.004688
0.001258
0.005685
0.009695
0.004936
0.007906
0.003670
0.008625
0.003564
0.006338
0.006704
0.008603
0.006159
0.004122
0.009145
0.003044
0.001494
0.006066
0.008781
0.005937
0.002088
0.001818
0.005809
0.000635
0.005116
0.002345
0.009971
0.004838
0.002561
0.008106
0.005559
0.007239
0.009355
0.001244
0.006934
0.004291
0.009139
0.000604
0.002917
0.002703
0.006932
0.009611
0.001307
0.003090
0.003733
0.000452
0.006124
0.005217
0.006507
0.004905
0.001154
0.008585
0.006713
0.006953
0.009210
0.001830
0.009288
0.009181
0.006658
0.001848
0.007287
0.002217
0.009077
0.006642
0.003451
0.006011
0.000933
0.002591
0.006605
0.003839
0.005284
0.003537
0.003450
0.006581
0.006617
0.007173
0.007022
0.002742
0.002390
0.003530
0.007637
0.003534
0.002115
0.004350
0.000486
0.001325
0.006170
0.009764
0.000506
0.002828
0.001612
0.007783
0.005036
0.000689
0.004425
0.008477
0.006690
0.005348
0.001067
0.003296
0.009177
0.006341
0.006823
0.002628
0.002922
0.003440
0.009791
0.009934
0.006172
0.002181
0.003464
0.003809
0.005704
0.005569
0.008149
0.006180
0.006884
0.004319
0.005944
0.007380
0.007137
0.007546
0.005163
0.002173
0.008226
0.009578
0.000650
0.004916
0.004926
0.001707
0.008202
0.004104
0.008038
0.005025
0.006721
0.000960
0.008455
0.006512
0.000895
0.004627
0.008682
0.004349
0.008425
0.004386
0.009908
0.006574
0.000567
0.006793
0.000893
0.006501
0.004173
0.008021
0.004048
0.009326
0.000194
0.002273
0.008905
0.000833
0.007179
0.003831
0.002531
0.005381
0.007925
0.000569
0.000406
0.004646
0.001519
0.008851
0.001157
0.002404
0.003477
0.009830
0.006743
0.001903
0.004216
0.006651
0.008467
0.004773
0.003444
0.009350
0.001274
0.007607
0.007371
0.005311
0.006933
0.007554
0.007575
0.005838
0.008378
0.004754
0.009659
0.000908
0.000135
0.007584
0.001467
0.000531
0.002230
0.002977
0.009372
0.003377
0.005371
0.002849
0.003207
0.002114
0.004742
0.007413
0.008756
0.003209
0.002185
0.002200
0.002559
0.003449
0.009797
0.009920
0.008750
0.006730
0.007474
0.006325
0.002568
0.005852
0.001079
0.002228
0.006750
0.001205
0.009802
0.008207
0.001726
0.002031
0.001184
0.001098
0.005398
0.006545
0.003937
0.008595
0.008649
0.008669
0.006008
0.007405
0.001878
0.008183
0.009594
0.004428
0.001632
0.009391
0.004347
0.000383
0.006121
0.001822
0.006698
0.008680
0.007663
0.007767
0.000907
0.004414
0.008961
0.000709
0.002621
0.000687
0.002730
0.003795
0.001775
0.008119
0.000340
0.005702
0.006714
0.008979
0.004372
0.002721
0.006384
0.006240
0.000904
0.005978
0.000668
0.002526
0.005369
0.005005
0.002899
0.001490
0.006817
0.009586
0.000170
0.004480
0.007353
0.001067
0.008884
0.006315
0.001766
0.001505
0.006992
0.004486
0.005290
0.008757
0.002605
0.005620
0.004459
0.009308
0.004599
0.008821
0.002029
0.000982
0.005061
0.002923
0.006950
0.005718
0.005440
0.002320
0.000723
0.008328
0.003800
0.007530
0.007915
0.003960
0.002010
0.005268
0.005017
0.000894
0.001582
0.006773
0.002388
0.008564
0.001259
0.007668
0.007321
0.003853
0.003287
0.001780
0.003161
0.007876
0.000601
0.005181
0.008848
0.005652
0.008094
0.005799
0.001370
0.003533
0.008109
0.002083
0.001862
0.001908
0.009604
0.009766
0.005858
0.001614
0.005034
0.000875
0.002497
0.006606
0.007637
0.004876
0.005171
0.008886
0.002544
0.002492
0.002739
0.005821
0.004262
0.005890
0.003697
0.004853
0.001071
0.002546
0.000504
0.009154
0.008335
0.001864
0.002688
0.006443
0.003938
0.004539
0.008342
0.003541
0.004306
0.004199
0.005145
0.009329
0.005064
0.007632
0.005936
0.002701
0.002508
0.001106
0.001587
0.005042
0.003588
0.004316
0.000863
0.007840
0.000206
0.004550
0.002692
0.001266
0.007086
0.003186
0.000421
0.005421
0.005041
0.003099
0.001864
0.008968
0.007628
0.000205
0.002510
0.001933
0.004395
0.007645
0.001263
0.009449
0.005277
0.007189
0.002150
0.007775
0.008285
0.003727
0.002817
0.001873
0.008033
0.003670
0.009703
0.008228
0.008211
0.002395
0.009485
0.005297
0.005572
0.009896
0.000718
0.000612
0.002994
0.002571
0.009571
0.000622
0.002767
0.002080
0.002546
0.007152
0.009715
0.003799
0.006601
0.004992
0.000987
0.008741
0.002767
