0.006748
0.009267
0.004449
0.003803
0.000405
0.007742
0.000320
0.003854
0.009339
0.004314
0.008448
0.009573
0.001426
0.004101
0.003464
0.009012
0.008774
0.003396
0.006941
0.007050
0.009481
0.002508
0.000612
0.005262
0.005846
0.000479
0.004282
0.002391
0.001497
0.000484
0.008782
0.008235
0.009740
0.003231
0.002038
0.000145
0.000973
0.002349
0.003989
0.000312
0.006653
0.002437
0.009875
0.008068
0.006528
0.003339
0.007080
0.005302
0.006725
0.004021
0.002352
0.006206
0.006519
0.002954
0.001468
0.002365
0.003423
0.005739
0.004746
0.004910
0.006213
0.003528
0.003145
0.005953
0.006749
0.005173
0.006089
0.007712
0.007512
0.000077
0.008013
0.004165
0.002504
0.007888
0.002233
0.009023
0.001227
0.009303
0.004325
0.007942
0.003324
0.006667
0.004148
0.009833
0.009611
0.005605
0.002198
0.003034
0.001345
0.006934
0.007934
0.007548
0.000462
0.001080
0.003501
0.007201
0.006243
0.009580
0.004913
0.003755
0.009647
0.002926
0.007910
0.002151
0.000814
0.000143
0.001174
0.002031
0.009436
0.005489
0.009963
0.002760
0.002156
0.004110
0.002593
0.001767
0.009705
0.004781
0.004791
0.001050
0.001715
0.002725
0.008588
0.002167
0.003795
0.002089
0.009358
0.000038
0.001668
0.004271
0.003783
0.001315
0.007187
0.001692
0.003457
0.007991
0.001825
0.004621
0.000022
0.001261
0.000110
0.009974
0.004010
0.002256
0.004084
0.006593
0.004013
0.003790
0.001374
0.008794
0.004830
0.003079
0.001520
0.003418
0.005236
0.005305
0.005496
0.004594
0.005333
0.007155
0.008856
0.009106
0.008460
0.006043
0.000798
0.001916
0.004034
0.002613
0.006527
0.004046
0.003864
0.006627
0.004020
0.007864
0.008873
0.008095
0.004457
0.002886
0.001885
0.005821
0.001680
0.006705
0.008889
0.003190
0.000122
0.004125
0.008485
0.005609
0.008710
0.003818
0.002763
0.007565
0.002923
0.001223
0.003608
0.003712
0.003130
0.007632
0.006315
0.009647
0.001678
0.000178
0.006273
0.005688
0.008032
0.005146
0.003783
0.002489
0.008022
0.005657
0.008300
0.009692
0.002362
0.007189
0.002882
0.002474
0.001314
0.001367
0.008073
0.000024
0.005174
0.000837
0.007579
0.008088
0.002050
0.001187
0.001799
0.005170
0.008809
0.008104
0.004816
0.000487
0.008272
0.001090
0.006165
0.006305
0.006226
0.009938
0.008784
0.004248
0.005595
0.007084
0.003940
0.007948
0.004272
0.006812
0.000422
0.005577
0.008168
0.008485
0.005590
0.003343
0.009312
0.003169
0.001431
0.001362
0.004346
0.003220
0.006521
0.003155
0.001324
0.001337
0.003632
0.009587
0.002417
0.009787
0.005892
0.008633
0.009725
0.004676
0.002881
0.005321
0.001759
0.006811
0.003268
0.006022
0.003623
0.003680
0.001598
0.001791
0.002165
0.007179
0.005124
0.001477
0.000348
0.006545
0.002828
0.004684
0.009755
0.009340
0.007829
0.001079
0.000677
0.001461
0.000666
0.003084
0.001248
0.006548
0.001718
0.000973
0.001223
0.004589
0.006284
0.002972
0.001400
0.009542
0.008984
0.005012
0.003223
0.000582
0.006793
0.005378
0.007751
0.001917
0.006845
0.008089
0.008452
0.009663
0.002772
0.008207
0.009003
0.000601
0.009277
0.009670
0.002052
0.009933
0.002754
0.003290
0.006481
0.004462
0.004254
0.007694
0.009040
0.000538
0.000667
0.000440
0.000080
0.009641
0.005442
0.003293
0.000223
0.002235
0.008661
0.007964
0.004142
0.005505
0.006052
0.002594
0.005168
0.008815
0.000801
0.004171
0.009406
0.000078
0.003841
0.001458
0.000011
0.006585
0.004739
0.006482
0.001046
0.008983
0.004176
0.000087
0.009511
0.004833
0.000517
0.009581
0.004474
0.005949
0.002874
0.004687
0.008174
0.001534
0.002651
0.002316
0.007029
0.008693
0.004900
0.002198
0.007508
0.005691
0.006359
0.006914
0.005759
0.000199
0.008362
0.005760
0.006774
0.003101
0.002242
0.007810
0.002084
0.006408
0.007887
0.001594
0.001241
0.008394
0.001175
0.005705
0.004342
0.004039
0.000392
0.002516
0.005563
0.003033
0.004822
0.002592
0.001726
0.009712
0.004780
0.009224
0.005403
0.001138
0.006138
0.001162
0.001327
0.004500
0.006913
0.008091
0.007592
0.009145
0.005902
0.009665
0.005553
0.003789
0.001260
0.006785
0.002183
0.002425
0.002490
0.006515
0.006454
0.002872
0.009021
0.002016
0.005894
0.003843
0.004598
0.007610
0.003555
0.009368
0.006834
0.008947
0.000506
0.002971
0.000110
0.001823
0.007462
0.007012
0.009905
0.005053
0.006157
0.005806
0.004719
0.001711
0.009586
0.005968
0.008486
0.001768
0.008383
0.000975
0.008274
0.004837
0.003837
0.007295
0.006843
0.009721
0.001138
0.001442
0.007331
0.004683
0.000810
0.004164
0.003630
0.001306
0.007126
0.003730
0.003119
0.004587
0.000742
0.003024
0.009630
0.006890
0.008820
0.004349
0.008590
0.008406
0.000317
0.007076
0.000174
0.008691
0.008041
0.008438
0.003528
0.001878
0.005733
0.000371
0.001599
0.006861
0.001803
0.008920
0.001543
0.002602
0.003084
0.005164
0.003898
0.000209
0.008883
0.007007
0.004786
0.009616
0.000030
0.004417
0.006505
0.008840
0.008756
0.005096
0.007246
0.009063
0.002172
0.007410
0.007753
0.000213
0.005848
0.001281
0.002081
0.001580
0.001642
0.003670
0.008431
0.003434
0.002590
0.009965
0.006026
0.005663
0.005128
0.009914
0.005863
0.004012
0.006921
0.000649
0.003627
0.006941
0.005056
0.000133
0.005781
0.003811
0.005219
0.003027
0.002874
0.007381
0.000437
0.000627
0.007584
0.006275
0.001898
0.009655
0.007845
0.003530
0.003325
0.006277
0.006954
0.005904
0.006242
0.002981
0.001568
0.001370
0.002895
0.007421
0.005372
0.009806
0.008060
0.008989
0.006747
0.003116
0.009112
0.002528
0.006917
0.004331
0.005546
0.009781
0.001711
0.005973
0.000409
0.009285
0.002248
0.002297
0.008939
0.000093
0.005817
0.002264
0.006360
0.002771
0.008159
0.002602
0.005742
0.009717
0.003961
0.008626
0.007137
0.009323
0.008432
0.005197
0.008312
0.005179
0.008303
0.007424
0.007697
0.005220
0.001755
0.003243
0.005001
0.003456
0.009205
0.005400
0.002741
0.001453
0.007687
0.001680
0.001537
0.003504
0.003934
0.007887
0.006265
0.002093
0.000488
0.002007
0.001809
0.004440
0.000633
0.008937
0.003763
0.009055
0.004134
0.002075
0.004234
0.002437
0.009489
0.001931
0.007647
0.001243
0.005164
0.002648
0.004689
0.004369
0.008038
0.007420
0.005812
0.005725
0.009090
0.007339
0.009219
0.003024
0.005225
0.005484
0.005106
0.005704
0.007481
0.006906
0.000143
0.008104
0.005842
0.003896
0.007159
0.009966
0.005961
0.001393
0.002403
0.005449
0.003314
0.000049
0.006683
0.008468
0.002688
0.001372
0.002837
0.000726
0.008782
0.008639
0.006441
0.007871
0.005978
0.005661
0.000895
0.001204
0.001145
0.005991
0.006897
0.008616
0.002897
0.007030
0.006720
0.008730
0.000926
0.003880
0.008696
0.006877
0.005263
0.001099
0.002326
0.008567
0.001138
0.008999
0.007035
0.003816
0.000371
0.009862
0.004531
0.009142
0.008501
0.000973
0.007014
0.004479
0.006623
0.007899
0.005673
0.007758
0.003890
0.002570
0.006374
0.006777
0.009590
0.003094
0.005507
0.000517
0.006964
0.004203
0.007384
0.002227
0.005291
0.009700
0.000794
0.006420
0.008699
0.007819
0.000235
0.009060
0.007680
0.004757
0.008202
0.006181
0.005719
0.005216
0.000661
0.002342
0.003115
0.006323
0.000100
0.006995
0.008883
0.006465
0.003772
0.008474
0.009549
0.009269
0.008981
0.006513
0.003472
0.006364
0.008730
0.008753
0.006064
0.009513
0.005173
0.004763
0.007332
0.005398
0.003823
0.005012
0.000155
0.002025
0.001194
0.005864
0.007231
0.001844
0.008196
0.000346
0.008158
0.008287
0.007330
0.007041
0.004751
0.001102
0.005515
0.004300
0.000371
0.004496
0.000813
0.003833
0.000860
0.009533
0.002587
0.006915
0.009046
0.007750
0.001678
0.006378
0.003148
0.005491
0.001390
0.003292
0.007506
0.002573
0.009146
0.004737
0.004408
0.007342
0.005073
0.002565
0.005629
0.002403
0.009596
0.000380
0.003496
0.005111
0.004671
0.003857
0.009597
0.005474
0.007680
0.000457
0.005006
0.000267
0.007362
0.004052
0.008007
0.009030
0.000430
0.001154
0.004521
0.001810
0.004437
0.002027
0.004373
0.003583
0.006754
0.008771
0.000925
0.001827
0.001336
0.006544
0.004220
0.000933
0.006915
0.007706
0.006034
0.001585
0.001563
0.005631
0.007049
0.009234
0.006078
0.002055
0.009490
0.003440
0.006097
0.007497
0.002470
0.006517
0.008641
0.006981
0.008317
0.003078
0.008998
0.002690
0.006650
0.005752
0.001462
0.007566
0.007569
0.002788
0.004110
0.001789
0.003710
0.001025
0.009486
0.009734
0.002600
0.001049
0.005366
0.009639
0.000282
0.001444
0.001694
0.009763
0.004874
0.007781
0.007260
0.007334
0.004299
0.005901
0.004315
0.002616
0.008968
0.003313
0.005296
0.005619
0.009055
0.006748
0.003185
0.006624
0.009526
0.007285
0.008403
0.003236
0.008300
0.007889
0.002971
0.000900
0.008927
0.008326
0.000539
0.009200
0.009760
0.002223
0.008962
0.004634
0.009994
0.006222
0.001968
0.004293
0.002123
0.006273
0.006898
0.001091
0.009576
0.002195
0.006700
0.008631
0.008932
0.009875
0.005255
0.008458
0.007160
0.003658
0.001694
0.005459
0.001547
0.004655
0.006349
0.000474
0.002981
0.006878
0.009664
0.002741
0.009090
0.008626
0.007365
0.009084
0.004848
0.009323
0.003377
0.006961
0.005597
0.000276
0.008043
0.005173
0.002460
0.004743
0.003804
0.001393
0.004618
0.009049
0.009841
0.001778
0.002707
0.001535
0.007227
0.004243
0.006179
0.003576
0.004707
0.009150
0.000454
0.004371
0.001891
0.009534
0.002998
0.009245
0.008619
0.007836
0.008568
0.001996
0.004798
0.004165
0.002261
0.002840
0.009328
0.004711
0.007574
0.003132
0.006094
0.002192
0.002180
0.005935
0.003959
0.004877
0.007459
0.001186
0.009110
0.003639
0.004753
0.003818
0.002788
0.005196
0.008179
0.004669
0.004731
0.001177
0.003914
0.003349
0.009003
0.002482
0.005335
0.003801
0.006637
0.007586
0.006631
0.005965
0.002298
0.004205
0.009087
0.008382
0.006386
0.001267
0.004317
0.000346
0.006134
0.001776
0.001522
0.005244
0.005404
0.006265
0.009051
0.008183
0.001461
0.007230
0.002852
0.006182
0.008397
0.006756
0.009521
0.007400
0.009229
0.004856
0.001201
0.005866
0.002443
0.007822
0.001831
0.004731
0.002026
0.000918
0.003112
0.008402
0.002174
0.007419
0.008738
0.008298
0.009185
0.000260
0.003542
0.004590
0.006514
0.002593
0.002773
0.007965
0.009813
0.005614
0.004147
0.008210
0.002371
0.003668
0.005610
0.001599
0.008514
0.006801
0.007455
0.000957
0.004623
0.009276
0.005678
0.006639
0.000194
0.008780
0.005041
0.002358
0.006199
0.003779
0.000656
0.005384
0.004029
0.004188
0.009964
0.000543
0.006771
0.002736
0.008499
0.006585
0.008341
0.002646
0.004795
0.000711
0.006304
0.000405
0.002300
0.004818
0.007196
0.009745
0.005765
0.001819
0.009021
0.001443
0.008448
0.009205
0.000223
0.003489
0.001563
0.006412
0.007258
0.002210
0.001796
0.001287
0.006388
0.001760
0.001820
0.003159
0.004486
0.000319
0.009734
0.002827
0.002954
0.004529
0.003528
0.009248
0.004924
0.005818
0.004067
0.002120
0.005564
0.009822
0.003929
0.004585
0.001265
0.002376
0.003790
0.001477
0.005855
0.005344
0.007879
0.003113
0.007544
0.009665
0.004390
0.003931
0.001425
0.006200
0.007080
0.005901
0.006508
0.006814
0.008718
0.009453
0.001342
0.002246
0.008701
0.006256
0.008054
0.002767
0.008366
0.003618
0.002589
0.002295
0.008193
0.003844
0.004661
0.001984
0.005311
0.000517
0.007317
0.003191
0.003619
0.004861
0.002856
0.007999
0.008782
0.004272
0.004199
0.005863
0.000173
0.000707
0.002677
0.008881
0.000159
0.004009
0.001127
0.008850
0.000265
0.009171
0.001618
0.008622
0.002789
0.004197
0.000917
0.000983
0.008031
0.005568
0.002956
0.003343
0.006075
0.000274
0.006523
0.009684
0.005125
0.009370
0.007683
0.003907
0.003641
0.001882
0.009759
0.003804
0.002578
0.002436
0.002685
0.002728
0.006435
0.003802
0.001578
0.006690
0.002974
0.003186
0.005312
0.005753
0.007373
0.006218
0.006726
0.005404
0.001786
0.009672
0.008736
0.007851
0.009936
0.005260
0.007535
0.005060
0.004629
0.005218
0.008957
0.008260
0.007090
0.008716
0.002064
0.009658
0.001152
0.004740
0.002386
0.007577
0.008532
0.003954
0.004268
0.001505
0.007130
0.009569
0.007249
0.004502
0.005788
0.003974
0.009896
0.007564
0.003646
0.008632
0.005415
0.003582
0.003892
0.002950
0.008632
0.008511
0.008159
0.007589
0.006771
0.005249
0.006306
0.008826
0.004907
0.007448
0.003565
0.007283
0.005025
0.002097
0.001237
0.009283
0.003592
0.008357
0.008852
0.000841
0.002859
0.004640
0.004805
0.002755
0.002204
0.008442
0.001387
0.007609
0.002024
0.005269
0.000559
0.000656
0.003780
0.008708
0.008235
0.000551
0.003957
0.004541
0.009367
0.008854
0.001989
0.002932
0.006137
0.007005
0.005019
0.007364
0.006288
0.008601
0.005721
0.005140
0.009432
0.008570
0.009770
0.004238
0.001325
0.001974
0.002679
0.002702
0.009573
0.004693
0.007961
0.000132
0.005339
0.001741
0.008831
0.003575
0.002282
0.002787
0.008106
0.001648
0.001641
0.000095
0.004570
0.007768
0.007090
0.009579
0.005132
0.003378
0.008180
0.000853
0.008508
0.007612
0.009413
0.008278
0.001849
0.000737
0.000252
0.004519
0.003429
0.009814
0.009202
0.001390
0.009937
0.004542
0.003120
0.008767
0.008106
0.005392
0.001555
0.006212
0.007030
0.003186
0.006298
0.001600
0.000954
0.003388
0.001179
0.006076
0.006755
0.009349
0.006919
0.005263
0.006961
0.006331
0.003541
0.008800
0.007059
0.003782
0.003319
0.000488
0.003597
0.002521
0.001867
0.003534
0.007053
0.004977
0.002301
0.005159
0.000369
0.003846
0.001371
0.007389
0.007021
0.007659
0.008980
0.007965
0.001047
0.000159
0.004041
0.007792
0.009497
0.000960
0.003055
0.006458
0.007282
0.006585
0.005258
0.004340
0.000368
0.008567
0.004818
0.003954
0.001088
0.006675
0.007478
0.008131
0.001652
0.009769
0.003290
0.002012
0.003614
0.004651
0.009391
0.000636
0.002310
0.008371
0.008591
0.003347
0.008519
0.002633
0.001139
0.008017
0.003583
0.004183
0.004475
0.000864
0.000769
0.009723
0.005195
0.001127
0.008291
0.000012
0.005071
0.009369
0.006677
0.002549
0.007500
0.008320
0.002317
0.000790
0.000331
0.005922
0.005431
0.009712
0.006548
0.007731
0.008083
0.005139
0.001078
0.006602
0.007762
0.002207
0.004619
0.001344
0.006380
0.009084
0.002199
0.007139
0.008807
0.007383
0.008256
0.007098
0.007386
0.003326
0.006467
0.004063
0.005865
0.003967
0.002383
0.008172
0.004746
0.002704
0.004094
0.000177
0.002416
0.000642
0.007898
0.000499
0.005771
0.008966
0.007091
0.003532
0.001173
0.001709
0.004867
0.007543
0.000793
0.007055
0.004682
0.009590
0.004439
0.002937
0.006687
0.001825
0.006254
0.003154
0.005878
0.002119
0.007110
0.008251
0.000291
0.001857
0.000955
0.004375
0.002024
0.003361
0.005007
0.009912
0.003849
0.000778
0.008879
0.000940
0.004300
0.000052
0.002639
0.009157
0.007584
0.003422
0.006212
0.002266
0.003012
0.000651
0.005193
0.009689
0.002466
0.001447
0.002843
0.008334
0.003556
0.009943
0.006584
0.003837
0.001800
0.007529
0.008202
0.003814
0.000890
0.003209
0.003727
0.004729
0.003977
0.002605
0.005659
0.008267
0.002647
0.008288
0.007424
0.000231
0.001710
0.003636
0.002487
0.004712
0.004277
0.007671
0.004401
0.006733
0.009108
0.007234
0.005066
0.002664
0.007177
0.001651
0.006490
0.008967
0.009170
0.004693
0.002781
0.000059
0.007892
0.006497
0.004778
0.001869
0.009093
0.000437
0.000136
0.001739
0.008716
0.007550
0.001961
0.000426
0.001186
0.004438
0.005128
0.005452
0.002108
0.009518
0.002185
0.001216
0.006752
0.007241
0.003870
0.003929
0.008882
0.000360
0.002895
0.008051
0.005043
0.005666
0.008101
0.002935
0.002164
0.002879
0.004793
0.001256
0.003307
0.004919
0.002986
0.002022
0.002469
0.004936
0.002438
0.003645
0.009364
0.007555
0.009087
0.001472
0.007074
0.001272
0.002679
0.003825
0.008503
0.006538
0.007744
0.007385
0.006889
0.000639
0.005436
0.001932
0.006295
0.003537
0.004856
0.008449
0.006406
0.009639
0.009695
0.009702
0.004559
0.002681
0.001724
0.007018
0.007607
0.004152
0.000662
0.006971
0.001708
0.009739
0.008433
0.008771
0.001011
0.001112
0.002597
0.009504
0.007640
0.000340
0.006889
0.004529
0.000970
0.002325
0.006450
0.007255
0.005852
0.001306
0.005704
0.002258
0.000946
0.005399
0.001960
0.005494
0.008069
0.003674
0.002512
0.005676
0.007816
0.003164
0.002647
0.009514
0.002903
0.001079
0.008285
0.003905
0.002181
0.000882
0.003409
0.009811
0.001212
0.000298
0.004340
0.002172
0.002614
0.000790
0.009417
0.008456
0.002086
0.005120
0.000713
0.003022
0.000519
0.002663
0.008506
0.008578
0.006328
0.001018
0.004254
0.004144
0.004172
0.006891
0.003658
0.007066
0.007960
0.001943
0.000971
0.000141
0.002815
0.004370
0.009942
0.004017
0.004658
0.004282
0.006179
0.007262
0.005062
0.005596
0.005718
0.007138
0.000716
0.006421
0.000160
0.001225
0.009075
0.008656
0.009794
0.005402
0.009664
0.004048
0.009536
0.003836
0.000939
0.003195
0.000902
0.008889
0.005128
0.001863
0.009020
0.007933
0.006222
0.008963
0.001951
0.000881
0.003245
0.008120
0.008133
0.008297
0.003715
0.003851
0.005435
0.004422
0.000272
0.005584
0.005637
0.009337
0.004240
0.005430
0.004739
0.003905
0.009468
0.004275
0.007731
0.000407
0.007460
0.008623
0.009286
0.002588
0.000486
0.008307
0.000521
0.006698
0.007269
0.002461
0.007569
0.000514
0.000581
0.005702
0.008801
0.004287
0.009542
0.004236
0.008698
0.009804
0.009810
0.004335
0.009141
0.004051
0.009755
0.003879
0.007945
0.009223
0.008145
0.005676
0.009620
0.005605
0.004299
0.008906
0.008182
0.004775
0.007213
0.008693
0.001474
0.004483
0.001155
0.009032
0.004987
0.001726
0.004734
0.003788
0.006002
0.004276
0.008013
0.004700
0.004080
0.007823
0.009025
0.003221
0.001874
0.008780
0.007090
0.009809
0.008004
0.005235
0.005485
0.007624
0.000839
0.009775
0.006531
0.009012
0.004550
0.003744
0.007705
0.006013
0.008216
0.008850
0.005046
0.003203
0.000576
0.009770
0.006981
0.006568
0.004046
0.004994
0.001269
0.008116
0.002818
0.000294
0.001337
0.004682
0.009064
0.008417
0.004491
0.007068
0.003651
0.009966
0.004692
0.004481
0.009741
0.001223
0.003492
0.004291
0.004956
0.001197
0.000305
0.003173
0.000047
0.005340
0.006366
0.000613
0.005110
0.003347
0.007171
0.009146
0.008331
0.008430
0.007262
0.001149
0.008714
0.008589
0.005821
0.007778
0.007006
0.000312
0.004846
0.000657
0.000278
0.009528
0.005127
0.000019
0.000751
0.008610
0.004300
0.005697
0.009797
0.004595
0.008860
0.009834
0.009925
0.005226
0.000447
0.005036
0.008562
0.007608
0.004182
0.006894
0.006038
0.001444
0.008032
0.004752
0.000033
0.003853
0.002530
0.007029
0.004155
0.007366
0.007676
0.004423
0.006894
0.002803
0.004432
0.007635
0.001413
0.008723
0.003332
0.001210
0.003318
0.002192
0.001044
0.003243
0.007408
0.001481
0.008268
0.005971
0.009079
0.002450
0.002864
0.005117
0.003884
0.000896
0.009859
0.003908
0.004740
0.002389
0.000936
0.008885
0.009745
0.008602
0.003308
0.006639
0.001405
0.007730
0.004274
0.002808
0.006453
0.007596
0.004008
0.009760
0.009778
0.005042
0.003003
0.007186
0.006513
0.001272
0.003157
0.005593
0.003712
0.006011
0.000710
0.007586
0.006898
0.000569
0.001494
0.001637
0.002948
0.002421
0.000522
0.002693
0.001023
0.003819
0.009322
0.002418
0.001550
0.003596
0.005216
0.007992
0.001192
0.009214
0.007753
0.000970
0.004257
0.000756
0.008147
0.000770
0.002018
0.001304
0.006353
0.005720
0.007305
0.007053
0.003306
0.004202
0.007613
0.004790
0.005830
0.000561
0.007201
0.006341
0.003244
0.008213
0.000161
0.002566
0.000631
0.001700
0.006152
0.005838
0.009683
0.007333
0.005052
0.007436
0.008294
0.009299
0.008182
0.006441
0.000069
0.000200
0.007734
0.006412
0.005909
0.005039
0.003465
0.009206
0.009232
0.001078
0.003996
0.005061
0.001629
0.001196
0.001402
0.004863
0.009400
0.001553
0.007419
0.000031
0.003244
0.003571
0.005859
0.002926
0.000904
0.000911
0.000362
0.009188
0.000210
0.008534
0.005628
0.000270
0.008723
0.003363
0.006672
0.004633
0.008392
0.000137
0.003838
0.007623
0.001205
0.007824
0.002685
0.002824
0.009010
0.004077
0.007677
0.008410
0.005620
0.005096
0.008432
0.008854
0.008657
0.004291
0.001780
0.009551
0.005192
0.002132
0.008739
0.005393
0.000666
0.004367
0.005652
0.009380
0.007720
0.002324
0.004012
0.006112
0.002451
0.007841
0.003736
0.003647
0.005665
0.006410
0.006461
0.004675
0.000487
0.004138
0.003085
0.006097
0.009225
0.001517
0.004951
0.007882
0.005798
0.006721
0.007433
0.000990
0.008844
0.006171
0.006373
0.009500
0.000539
0.002025
0.008880
0.008249
0.004340
0.002892
0.004361
0.006781
0.000732
0.008087
0.000427
0.006387
0.004497
0.006878
0.001062
0.004975
0.001016
0.004137
0.001072
0.000241
0.005644
0.006013
0.008112
0.001442
0.002735
0.005545
0.002423
0.001579
0.001716
0.008786
0.001079
0.002245
0.000811
0.009948
0.000494
0.005141
0.002840
0.004846
0.001922
0.003562
0.002933
0.002339
0.009939
0.007420
0.009207
0.001001
0.002395
0.000223
0.005128
0.003457
0.000454
0.000773
0.009460
0.008557
0.002205
0.002195
0.004102
0.004618
0.003764
0.005808
0.003404
0.004832
0.008043
0.004205
0.004780
0.008528
0.009336
0.007610
0.003374
0.001258
0.001173
0.006297
0.003587
0.001112
0.003717
0.002794
0.002103
0.006102
0.003007
0.007221
0.009549
0.003452
0.007984
0.009010
0.002008
0.000189
0.001205
0.006100
0.004797
0.004959
0.001908
0.008191
0.009781
0.009941
0.002397
0.004561
0.008469
0.001733
0.002171
0.001842
0.002981
0.003334
0.008129
0.006558
0.004436
0.001846
0.009342
0.006528
0.007938
0.002350
0.003749
0.007488
0.005791
0.001733
0.006497
0.007790
0.001912
0.007692
0.003890
0.006700
0.002651
0.005787
0.004891
0.002432
0.005728
0.007277
0.006983
0.004197
0.009001
0.009144
0.006030
0.001982
0.002478
0.004159
0.008530
0.006904
0.005995
0.007872
0.003432
0.003933
0.000222
0.007171
0.001421
0.006003
0.008895
0.007909
0.003793
0.000807
0.005601
0.007673
0.007497
0.008242
0.003460
0.002387
0.000673
0.009179
0.009655
0.007646
0.003376
0.008655
0.006790
0.009395
0.000637
0.009258
0.003554
0.009157
0.006161
0.009539
0.007029
0.009583
0.003472
0.007241
0.006755
0.004883
0.003245
0.005649
0.002792
0.007028
0.006446
0.008383
0.004701
0.003943
0.006624
0.008151
0.006320
0.007288
0.007330
0.005975
0.004934
0.000705
0.004631
0.001724
0.000101
0.005258
0.000982
0.003645
0.004415
0.007133
0.003184
0.001444
0.006716
0.006646
0.008676
0.003471
0.001530
0.001921
0.009110
0.004312
0.008939
0.005557
0.002694
0.003640
0.009489
0.009309
0.001791
0.005810
0.006597
0.009111
0.001785
0.001530
0.009806
0.006405
0.003244
0.009897
0.001663
0.004215
0.003542
0.006068
0.001348
0.006716
0.007502
0.008055
0.003362
0.006178
0.001526
0.004882
0.008088
0.000636
0.009183
0.007027
0.006183
0.001878
0.000667
0.005672
0.001187
0.002448
0.001482
0.007773
0.001558
0.003256
0.009293
0.001364
0.009652
0.002537
0.001261
0.001314
0.006743
0.004793
0.007372
0.008081
0.001509
0.004874
0.006136
0.004861
0.001052
0.007652
0.009732
0.009130
0.008278
0.008916
0.006157
0.004461
0.000794
0.006814
0.000133
0.001970
0.009252
0.001605
0.009733
0.000811
0.004852
0.009027
0.002165
0.004503
0.001564
0.003416
0.005808
0.008297
0.008199
0.003180
0.006378
0.009698
0.008044
0.002514
0.004559
0.009086
0.000166
0.004291
0.008216
0.008434
0.003207
0.004374
0.002895
0.003991
0.001188
0.003019
0.005951
0.000440
0.004614
0.005684
0.001241
0.009456
0.004711
0.003396
0.003959
0.006265
0.006802
0.009757
0.004562
0.005002
0.002937
0.000939
0.004700
0.000982
0.003443
0.009249
0.000068
0.003599
0.003540
0.008274
0.002033
0.006738
0.002648
0.004918
0.000728
0.003826
0.007927
0.006669
0.004257
0.002541
0.002353
0.005488
0.001997
0.007055
0.008874
0.005946
0.003320
0.005676
0.005703
0.007872
0.000678
0.008630
0.008801
0.005368
0.009602
0.002244
0.004617
0.009660
0.005833
0.008147
0.007934
0.007856
0.004885
0.000582
0.002774
0.005603
0.004398
0.000701
0.002272
0.008645
0.003232
0.004615
0.004133
0.005218
0.001670
0.003007
0.001164
0.004980
0.008672
0.006857
0.002851
0.009340
0.005488
0.001652
0.004708
0.005089
0.003887
0.009314
0.004749
0.009710
0.007461
0.002683
0.007566
0.002346
0.003255
0.000340
0.007939
0.007643
0.001030
0.000211
0.006289
0.004252
0.004816
0.000422
0.009460
0.006476
0.003418
0.000624
0.001456
0.002091
0.007472
0.004297
0.001431
0.002959
0.005940
0.006129
0.008038
0.009816
0.005443
0.002787
0.009526
0.002904
0.005460
0.007091
0.005240
0.008705
0.007421
0.003178
0.006349
0.008441
0.003379
0.002638
0.002693
0.008185
0.003049
0.002153
0.004661
0.006458
0.002768
0.006107
0.008538
0.000239
0.000404
0.009959
0.003188
0.006334
0.006088
0.001227
0.006150
0.001531
0.004004
0.005676
0.004425
0.009454
0.002767
0.009655
0.008160
0.000188
0.002833
0.004509
0.008619
0.006202
0.007136
0.001313
0.004387
0.000186
0.003456
0.009038
0.006633
0.006213
0.005144
0.005172
0.006442
0.005538
0.005131
0.009620
0.001872
0.001219
0.000847
0.008012
0.002740
0.004841
0.003688
0.007154
0.004295
0.006445
0.006809
0.002455
0.006623
0.009632
0.006954
0.005242
0.005834
0.004090
0.006545
0.000221
0.004266
0.009991
0.009249
0.000899
0.006204
0.004393
0.006061
0.002646
0.009921
0.001192
0.002266
0.001793
0.002401
0.003103
0.009795
0.005130
0.007934
0.003483
0.002285
0.002229
0.009917
0.009084
0.004674
0.006540
0.008716
0.001628
0.001783
0.004550
0.005708
0.008318
0.004761
0.009964
0.008308
0.004009
0.000862
0.004512
0.008393
0.006913
0.007148
0.008314
0.008095
0.009405
0.000107
0.000496
0.002508
0.009892
0.005616
0.000442
0.003375
0.007891
0.002662
0.003292
0.006975
0.007326
0.009822
0.005691
0.008944
0.001605
0.000240
0.004652
0.009913
0.004991
0.004615
0.008221
0.008990
0.005468
0.002733
0.007383
0.002381
0.009871
0.005697
0.000476
0.009276
0.005794
0.000962
0.001784
0.005687
0.006568
0.002216
0.009052
0.004459
0.004868
0.002344
0.001434
0.002194
0.002166
0.007115
0.001138
0.003761
0.007345
0.005779
0.003674
0.002336
0.000394
0.001895
0.001327
0.005852
0.004618
0.008700
0.008223
0.004489
0.004397
0.008689
0.003765
0.000191
0.009641
0.005539
0.005868
0.006209
0.007746
0.004919
0.000669
0.002613
0.007253
0.002093
0.004797
0.009410
0.009198
0.005925
0.003171
0.006543
0.001704
0.006835
0.008869
0.002088
0.008720
0.000196
0.007931
0.003338
0.008886
0.006154
0.007817
0.003282
0.004843
0.001582
0.003464
0.004483
0.007111
0.009321
0.000693
0.004857
0.004241
0.001351
0.007460
0.001494
0.003434
0.002258
0.000904
0.002632
0.008172
0.004065
0.009165
0.009866
0.000900
0.008034
0.001955
0.009610
0.008220
0.009875
0.002948
0.007106
0.006029
0.000765
0.000388
0.000871
0.002337
0.003842
0.005345
0.009438
0.003163
0.006028
0.004295
0.007394
0.007369
0.001755
0.008878
0.000803
0.004003
0.009771
0.003425
0.002175
0.003836
0.002590
0.002041
0.004726
0.000624
0.003986
0.004335
0.008834
0.003861
0.007273
0.005939
0.009880
0.008028
0.006318
0.000752
0.000364
0.000159
0.006087
0.009792
0.003312
0.002114
0.004087
0.000706
0.009473
0.005833
0.009574
0.000276
0.009825
0.009345
0.003691
0.002000
0.003181
0.006271
0.004032
0.007897
0.006885
0.008008
0.002233
0.005719
0.001869
0.009496
0.001658
0.001749
0.007523
0.007966
0.002491
0.007878
0.008115
0.008567
0.007670
0.001427
0.000681
0.001757
0.002123
0.000154
0.007580
0.001698
0.000420
0.007405
0.001043
0.004102
0.009396
0.004214
0.000372
0.003427
0.002112
0.007247
0.001435
0.004334
0.002966
0.003294
0.003830
0.004614
0.005033
0.001353
0.002580
0.007513
0.009221
0.000695
0.006081
0.006891
0.002112
0.006752
0.008638
0.004226
0.006896
0.006218
0.005913
0.007307
0.003623
0.006946
0.001408
0.003019
0.001161
0.001771
0.006436
0.003262
0.009008
0.007861
0.007586
0.001974
0.001155
0.001416
0.006578
0.006178
0.002759
0.009148
0.003691
0.001980
0.009833
0.009762
0.008861
0.001945
0.006514
0.007498
0.006160
0.003410
0.003716
0.002074
0.000717
0.007330
0.009010
0.002116
0.000348
0.000170
0.003876
0.006774
0.003422
0.002885
0.004636
0.001009
0.004849
0.005780
0.002415
0.001427
0.001958
0.005164
0.000574
0.005639
0.007134
0.000407
0.005401
0.005995
0.002342
0.001915
0.003493
0.008492
0.005315
0.007200
0.000566
0.006022
0.004529
0.009565
0.008128
0.004867
0.009725
0.002004
0.001642
0.003148
0.004879
0.006267
0.004147
0.009717
0.002048
0.006552
0.001144
0.003996
0.001716
0.001708
0.009625
0.008840
0.002106
0.005026
0.004835
0.004437
0.006931
0.008318
0.002930
0.002246
0.005518
0.003485
0.008259
0.000047
0.003051
0.006387
0.004904
0.002776
0.008381
0.006536
0.005914
0.003260
0.002804
0.000061
0.002977
0.004841
0.006602
0.004111
0.008827
0.008308
0.005810
0.008452
0.007148
0.007905
0.003479
0.001983
0.002343
0.000410
0.000301
0.005262
0.002646
0.005809
0.008738
0.000905
0.005846
0.001788
0.007281
0.000750
0.004555
0.005662
0.007276
0.000469
0.008912
0.000080
0.000519
0.001890
0.004911
0.007111
0.005991
0.003739
0.005419
0.001801
0.002191
0.002567
0.009696
0.005660
0.004540
0.002039
0.006060
0.004831
0.007291
0.008696
0.000640
0.006029
0.009591
0.006475
0.007807
0.006872
0.007215
0.002362
0.002535
0.004492
0.002820
0.001447
0.004561
0.003329
0.003327
0.009463
0.000441
0.009308
0.003201
0.005850
0.001108
0.005383
0.008407
0.000805
0.001042
0.002947
0.002834
0.007092
0.007768
0.000125
0.005788
0.008397
0.006144
0.005379
0.004873
0.003951
0.002251
0.002088
0.006303
0.004776
0.006570
0.009114
0.006213
0.001131
0.002443
0.009529
0.000594
0.002874
0.008837
0.003785
0.008714
0.009935
0.009158
0.007120
0.000740
0.000200
0.000067
0.003563
0.007282
0.007825
0.003678
0.003071
0.006222
0.009812
0.008439
0.001095
0.003764
0.000690
0.003173
0.000067
0.005456
0.009733
0.009171
0.001669
0.000864
0.001614
0.001198
0.001448
0.004478
0.000035
0.005223
0.003192
0.009960
0.004381
0.000312
0.000699
0.004572
0.000369
0.004253
0.001854
0.008184
0.007921
0.004915
0.004406
0.007734
0.003354
0.005491
0.001498
0.004034
0.008654
0.001555
0.009481
0.008387
0.000726
0.001149
0.009241
0.002330
0.002337
0.000689
0.006799
0.002362
0.005903
0.009981
0.002321
0.000284
0.000293
0.003011
0.004846
0.000652
0.007254
0.006690
0.008825
0.005175
0.001605
0.003231
0.002909
0.004949
0.008712
0.004397
0.008973
0.007366
0.005942
0.008454
0.005753
0.006658
0.009593
0.004994
0.008978
0.001930
0.005673
0.005777
0.004282
0.001576
0.005757
0.006593
0.001850
0.006040
0.009594
0.006685
0.006681
0.006848
0.003375
0.005507
0.002023
0.004970
0.008728
0.004922
0.009908
0.007440
0.009308
0.008881
0.004806
0.005250
0.007335
0.000558
0.001907
0.006928
0.005542
0.000885
0.008847
0.001215
0.006652
0.003129
0.002781
0.002409
0.009712
0.004620
0.008439
0.009306
0.001306
0.005120
0.006153
0.004671
0.000627
0.008166
0.009631
0.009345
0.003088
0.009539
0.006785
0.002396
0.008420
0.001590
0.007636
0.005755
0.002139
0.009533
0.002683
0.007671
0.000418
0.001530
0.008876
0.007060
0.004649
0.001656
0.009459
0.004361
0.006267
0.007897
0.003667
0.007563
0.003017
0.009810
0.002233
0.003634
0.007976
0.001864
0.002979
0.001064
0.001403
0.009754
0.003450
0.009814
0.001344
0.001086
0.005569
0.003473
0.000619
0.008241
0.001143
0.001027
0.009762
0.000019
0.008077
0.004411
0.001666
0.007536
0.008762
0.007922
0.005434
0.002429
0.005485
0.008441
0.002239
0.007708
0.002075
0.000216
0.009563
0.005044
0.001270
0.000966
0.004798
0.004710
0.000780
0.006132
0.005786
0.006338
0.009594
0.006395
0.004580
0.000737
0.007413
0.004341
0.000747
0.005490
0.008742
0.002402
0.003026
0.007504
0.000325
0.008449
0.009923
0.005800
0.006890
0.002162
0.003508
0.008955
0.002368
0.003071
0.004000
0.003628
0.004027
0.008787
0.008328
0.004796
0.004919
0.004114
0.001135
0.004513
0.000510
0.005705
0.005240
0.007912
0.000046
0.005977
0.003402
0.008778
0.008369
0.006418
0.006282
0.008684
0.004867
0.006205
0.004483
0.001757
0.008358
0.007981
0.000713
0.000725
0.001052
0.004702
0.004343
0.005069
0.003490
0.002671
0.009855
0.008398
0.006775
0.000990
0.002911
0.007275
0.006685
0.008142
0.005187
0.006721
0.004119
0.008579
0.005499
0.002488
0.004997
0.001781
0.001172
0.009854
0.007977
0.005645
0.001611
0.006334
0.003626
0.002314
0.007050
0.004669
0.007006
0.001393
0.009728
0.000495
0.004054
0.009583
0.008884
0.000830
0.000573
0.001795
0.008095
0.007248
0.009927
0.003282
0.003969
0.004046
0.001861
0.009458
0.006523
0.006848
0.001239
0.007685
0.006702
0.009206
0.003330
0.008303
0.005540
0.006946
0.000616
0.002590
0.001615
0.007612
0.003973
0.001342
0.008098
0.008017
0.000925
0.006982
0.008837
0.001488
0.008767
0.006931
0.008726
0.008694
0.000213
0.002694
0.002739
0.002064
0.002152
0.009253
0.008902
0.003381
0.006937
0.005604
0.002587
0.000267
0.003906
0.008117
0.007203
0.004513
0.000707
0.008807
0.002125
0.004670
0.000149
0.000223
0.002686
0.001064
0.007194
0.001523
0.002542
0.005961
0.008444
0.001268
0.004655
0.008647
0.003952
0.007384
0.000712
0.006094
0.006637
0.009604
0.009465
0.003574
0.005207
0.002051
0.003831
0.009104
0.000168
0.001034
0.003616
0.000865
0.009831
0.005731
0.005524
0.009971
0.005944
0.008201
0.001035
0.003138
0.009714
0.003567
0.009089
0.008158
0.004826
0.003744
0.006806
0.008768
0.001128
0.007507
0.004862
0.007755
0.007111
0.004327
0.001329
0.002318
0.006368
0.005149
0.001422
0.006526
0.006173
0.005028
0.007381
0.006004
0.000759
0.002906
0.005975
0.006693
0.001107
0.007000
0.009821
0.000821
0.000568
0.008911
0.008969
0.005383
0.002655
0.005774
0.004151
0.003773
0.003281
0.009003
0.001527
0.000392
0.003329
0.002846
0.002700
0.009688
0.007985
0.004111
0.006214
0.004158
0.009129
0.003595
0.000163
0.009879
0.006491
0.006128
0.006572
0.007588
0.003128
0.006393
0.008398
0.003685
0.005304
0.007367
0.009058
0.007949
0.003141
0.003209
0.001721
0.006412
0.002212
0.003239
0.006794
0.005531
0.006075
0.009484
0.005219
0.004060
0.003595
0.001433
0.008208
0.002725
0.005018
0.008361
0.002603
0.001509
0.004489
0.009165
0.009086
0.007606
0.005559
0.007484
0.001292
0.000862
0.004851
0.000350
0.008801
0.007982
0.003549
0.000522
0.004394
0.005751
0.003751
0.001188
0.001282
0.009816
0.000672
0.006491
0.003876
0.004257
0.007914
0.002084
0.006972
0.002932
0.000446
0.009565
0.004431
0.004924
0.008731
0.003517
0.002531
0.004289
0.001002
0.003813
0.005142
0.005843
0.004153
0.003943
0.003825
0.007692
0.004455
0.008209
0.003443
0.008196
0.009387
0.004716
0.008012
0.000059
0.001207
0.001888
0.004306
0.009111
0.003963
0.001278
0.002043
0.004398
0.000843
0.006464
0.009313
0.009564
0.009972
0.001843
0.003853
0.000973
0.005646
0.008985
0.006806
0.009789
0.002928
0.000631
0.007481
0.007373
0.008830
0.000924
0.005570
0.008217
0.005630
0.003582
0.008266
0.006827
0.005460
0.002572
0.005938
0.009413
0.003840
0.007971
0.003811
0.004673
0.004436
0.003124
0.004237
0.004407
0.004957
0.008080
0.005371
0.000603
0.007065
0.002177
0.000392
0.009983
0.002798
0.007863
0.007357
0.001629
0.008777
0.002926
0.009836
0.004407
0.006498
0.008102
0.001234
0.001959
0.000674
0.007162
0.001371
0.004504
0.005134
0.005172
0.009167
0.009559
0.008286
0.003404
0.003966
0.003243
0.001484
0.009327
0.003836
0.008539
0.001504
0.004218
0.008522
0.004293
0.002081
0.005879
0.005912
0.000859
0.008795
0.005748
0.005256
0.005294
0.003850
0.006480
0.007242
0.004514
0.003642
0.008604
0.009008
0.008765
0.003776
0.008175
0.008325
0.002062
0.001579
0.002291
0.005295
0.003052
0.001618
0.009122
0.001591
0.003113
0.003340
0.000113
0.007395
0.005412
0.005982
0.003307
0.006260
0.004777
0.009045
0.001516
0.000071
0.002895
0.007986
0.007303
0.007399
0.001627
0.005907
0.006407
0.000393
0.009673
0.004582
0.008707
0.001735
0.006150
0.000998
0.007020
0.009193
0.002607
0.006142
0.000784
0.005709
0.009472
0.000887
0.003104
0.004884
0.006859
0.006401
0.001144
0.001636
0.005446
0.002650
0.001697
0.008331
0.000636
0.008990
0.005729
0.002253
0.004897
0.002136
0.002636
0.004569
0.006708
0.001343
0.006294
0.002859
0.002332
0.003314
0.002051
0.004928
0.009446
0.002825
0.000637
0.008918
0.003701
0.003732
0.003802
0.000560
0.000133
0.004936
0.002186
0.005569
0.007576
0.003872
0.003900
0.008202
0.002862
0.009619
0.000455
0.007749
0.001756
0.003081
0.002318
0.008454
0.004414
0.008602
0.001313
0.006736
0.001917
0.003354
0.001664
0.001363
0.006169
0.002292
0.000281
0.009860
0.006014
0.004074
0.000420
0.006137
0.009000
0.002596
0.001706
0.006576
0.006459
0.005596
0.004778
0.009311
0.005215
0.005223
0.007060
0.006961
0.008294
0.009368
0.005415
0.002708
0.007970
0.006718
0.009434
0.009877
0.000072
0.001098
0.001240
0.006231
0.003380
0.001511
0.006091
0.009383
0.005575
0.006502
0.005520
0.004575
0.009088
0.007216
0.001151
0.005546
0.002812
0.005919
0.004857
0.008018
0.001141
0.001917
0.004979
0.009425
0.001285
0.000394
0.002133
0.009245
0.007102
0.001567
0.009121
0.007164
0.002655
0.000361
0.003395
0.006025
0.001862
0.009476
0.005409
0.007427
0.005978
0.000929
0.002002
0.005066
0.008135
0.003143
0.000612
0.000947
0.009051
0.005460
0.008955
0.000193
0.007367
0.003934
0.009608
0.008641
0.004318
0.001741
0.007886
0.001420
0.003298
0.007007
0.008574
0.005943
0.007358
0.001969
0.001968
0.009210
0.001446
0.007367
0.006638
0.007414
0.008285
0.008630
0.002480
0.006420
0.001773
0.003082
0.007358
0.000824
0.008532
0.006313
0.001007
0.005899
0.000247
0.000615
0.004540
0.004555
0.002345
0.002425
0.005965
0.005633
0.009422
0.004539
0.001576
0.006780
0.006499
0.003535
0.005991
0.007934
0.000901
0.002629
0.005348
0.009177
0.001259
0.007818
0.005597
0.003021
0.000900
0.002955
0.003835
0.009422
0.009258
0.004832
0.005320
0.009495
0.005437
0.009850
0.004050
0.007772
0.002275
0.000015
0.003405
0.001697
0.004544
