0.000299
0.002700
0.000058
0.004788
0.000471
0.009174
0.005599
0.004694
0.008939
0.009395
0.001106
0.001950
0.001065
0.000584
0.002641
0.000944
0.005962
0.002979
0.007174
0.006725
0.005464
0.000060
0.006297
0.007447
0.008110
0.001543
0.005083
0.009341
0.007791
0.001302
0.009866
0.008080
0.003992
0.009914
0.002868
0.004453
0.009088
0.008457
0.009137
0.008027
0.007852
0.000242
0.009967
0.008907
0.000817
0.002608
0.009841
0.006769
0.005577
0.007014
0.003493
0.001041
0.007064
0.009780
0.008478
0.005174
0.001323
0.003560
0.004515
0.009104
0.004852
0.004381
0.007184
0.008834
0.004295
0.000052
0.003286
0.003383
0.008499
0.002423
0.001410
0.006351
0.002655
0.001377
0.005257
0.003462
0.003976
0.005098
0.000231
0.009542
0.002112
0.003714
0.000583
0.009166
0.003494
0.009050
0.004340
0.004806
0.002611
0.008845
0.003910
0.007453
0.003226
0.001094
0.006286
0.007511
0.001135
0.009563
0.000894
0.009624
0.001985
0.002295
0.005974
0.004630
0.003662
0.001232
0.008082
0.007628
0.006320
0.008303
0.007170
0.008422
0.002017
0.007743
0.007588
0.005501
0.006793
0.001928
0.000307
0.009394
0.000772
0.004207
0.006847
0.003988
0.005291
0.003133
0.001499
0.006416
0.002696
0.002384
0.006040
0.004671
0.004668
0.002014
0.009292
0.008320
0.003236
0.007374
0.005948
0.009545
0.005677
0.003118
0.007967
0.007684
0.000860
0.005555
0.003185
0.007644
0.007472
0.003482
0.007038
0.008235
0.007679
0.003884
0.002223
0.002969
0.007008
0.003712
0.009375
0.009694
0.006086
0.005415
0.004365
0.000754
0.007419
0.003656
0.009064
0.000654
0.001030
0.005012
0.000200
0.006698
0.008119
0.008157
0.004382
0.008970
0.003712
0.007557
0.006613
0.001184
0.001038
0.003651
0.009409
0.008707
0.007525
0.001632
0.001676
0.004533
0.005334
0.001051
0.004227
0.001420
0.006456
0.008581
0.002164
0.003874
0.002238
0.001228
0.004519
0.003258
0.006230
0.004708
0.009946
0.004350
0.002865
0.004327
0.003319
0.006567
0.001884
0.009923
0.007741
0.002912
0.003574
0.007150
0.001619
0.001099
0.008771
0.003285
0.005622
0.004105
0.004326
0.009839
0.005515
0.000781
0.008420
0.007670
0.004646
0.000658
0.008888
0.009154
0.003906
0.005118
0.003863
0.003851
0.009458
0.006718
0.008169
0.002777
0.003285
0.000052
0.002699
0.001026
0.002955
0.006263
0.008165
0.004564
0.007352
0.006937
0.007839
0.002975
0.001042
0.002164
0.002813
0.006548
0.002936
0.001234
0.004217
0.007572
0.001881
0.003105
0.006726
0.005777
0.008213
0.000589
0.009618
0.007670
0.007297
0.007787
0.000447
0.000582
0.007829
0.003137
0.001597
0.000784
0.009390
0.009752
0.005338
0.006742
0.006689
0.003176
0.009707
0.007721
0.005331
0.002520
0.004269
0.008257
0.003744
0.008476
0.005828
0.005615
0.001581
0.002554
0.001392
0.009784
0.003133
0.001011
0.007455
0.000430
0.008788
0.007892
0.001002
0.006617
0.001029
0.002589
0.007391
0.000418
0.002341
0.002729
0.007150
0.009020
0.005895
0.006857
0.006742
0.001226
0.009367
0.001011
0.009472
0.003111
0.009477
0.005301
0.008716
0.001058
0.007845
0.000109
0.000842
0.000978
0.001110
0.008286
0.001398
0.009887
0.006178
0.002389
0.006505
0.007197
0.004968
0.003896
0.007605
0.007299
0.006615
0.004755
0.006320
0.002510
0.001612
0.003061
0.003726
0.000980
0.004062
0.003198
0.004081
0.003539
0.008489
0.002797
0.004586
0.006334
0.002896
0.005418
0.007302
0.003995
0.003705
0.008689
0.003883
0.009873
0.001079
0.000387
0.007070
0.006037
0.004273
0.004675
0.003336
0.000888
0.009420
0.009646
0.003388
0.001033
0.002708
0.007103
0.002002
0.006760
0.000301
0.006073
0.000298
0.008780
0.008860
0.004875
0.005114
0.001755
0.000293
0.002415
0.005741
0.003988
0.001105
0.009613
0.003861
0.002174
0.009991
0.000930
0.008201
0.004264
0.005595
0.001537
0.005141
0.005015
0.001183
0.008519
0.006038
0.003881
0.005622
0.008030
0.000641
0.005914
0.004103
0.000929
0.004694
0.002963
0.005793
0.009798
0.004708
0.006076
0.002213
0.000449
0.000064
0.003307
0.000062
0.003915
0.005471
0.000053
0.004835
0.003672
0.004306
0.000430
0.005199
0.009437
0.005435
0.006373
0.007956
0.001473
0.000254
0.003579
0.009493
0.000884
0.009483
0.003596
0.001803
0.004176
0.006549
0.007586
0.003974
0.001257
0.003663
0.006177
0.001696
0.003717
0.009474
0.001748
0.007622
0.004945
0.001790
0.002457
0.008607
0.006086
0.002877
0.003806
0.005524
0.008303
0.000179
0.003480
0.009766
0.000423
0.007049
0.009259
0.001297
0.006532
0.002855
0.003090
0.000708
0.009394
0.000676
0.004672
0.000651
0.004329
0.000849
0.002337
0.008036
0.000323
0.004074
0.005658
0.005258
0.005855
0.008105
0.003865
0.001941
0.000983
0.007662
0.007455
0.009275
0.007831
0.000936
0.009041
0.008244
0.007975
0.008300
0.009530
0.004507
0.001155
0.002620
0.005205
0.000549
0.003287
0.009867
0.001190
0.007606
0.000715
0.003517
0.005642
0.001028
0.007582
0.001300
0.006276
0.003436
0.009396
0.000142
0.005368
0.000378
0.007794
0.002823
0.009644
0.005624
0.003748
0.008685
0.003868
0.001723
0.006985
0.003398
0.006220
0.008131
0.006009
0.001424
0.008670
0.009285
0.001291
0.009851
0.006891
0.001996
0.003368
0.002533
0.003014
0.000949
0.003824
0.009281
0.004375
0.003220
0.009413
0.009733
0.003588
0.007206
0.002556
0.003232
0.002830
0.006294
0.001917
0.006688
0.008007
0.008892
0.000087
0.004227
0.007023
0.006085
0.005641
0.005693
0.005371
0.006922
0.005544
0.002262
0.008908
0.008901
0.004785
0.001922
0.009840
0.008599
0.001203
0.004216
0.001818
0.000615
0.003949
0.005396
0.007812
0.006494
0.008618
0.000642
0.002788
0.000535
0.007320
0.000795
0.009417
0.007397
0.005012
0.006440
0.003482
0.000653
0.002133
0.008842
0.007564
0.007667
0.001104
0.006472
0.006568
0.005879
0.008384
0.006409
0.004478
0.009577
0.000625
0.006287
0.000193
0.004563
0.001683
0.007994
0.001058
0.000301
0.008626
0.003836
0.000827
0.005946
0.004621
0.000244
0.003343
0.009623
0.006674
0.006815
0.000276
0.008798
0.005657
0.007830
0.006465
0.006751
0.004302
0.003033
0.002630
0.002687
0.009432
0.007099
0.002264
0.000056
0.003385
0.002447
0.004610
0.005058
0.000441
0.005657
0.005350
0.009057
0.009483
0.006166
0.005003
0.004105
0.006400
0.008336
0.003728
0.003074
0.005151
0.003994
0.001872
0.000807
0.001824
0.008327
0.007549
0.006117
0.001360
0.000179
0.008793
0.000792
0.007267
0.001058
0.000838
0.000653
0.003494
0.005438
0.005701
0.003925
0.001095
0.001051
0.002982
0.000579
0.007207
0.007975
0.004674
0.003607
0.006311
0.008391
0.006672
0.001462
0.002385
0.008534
0.002259
0.004200
0.006861
0.009798
0.000316
0.008211
0.009967
0.009100
0.008993
0.007234
0.000157
0.009821
0.007877
0.003641
0.005259
0.003578
0.007557
0.006344
0.004619
0.000539
0.006913
0.001826
0.008504
0.001587
0.005423
0.004815
0.009968
0.002094
0.006267
0.002354
0.000628
0.008516
0.006543
0.007478
0.008314
0.006849
0.005689
0.008281
0.005949
0.004682
0.005515
0.006096
0.004503
0.003392
0.009728
0.009751
0.006960
0.007284
0.006096
0.001579
0.007813
0.003009
0.003394
0.006317
0.004585
0.008807
0.001133
0.004553
0.000901
0.007390
0.006897
0.001519
0.005906
0.003440
0.008987
0.004220
0.000289
0.004677
0.002502
0.006228
0.009348
0.008007
0.002325
0.003851
0.001399
0.002052
0.003602
0.008350
0.009327
0.009688
0.009919
0.007140
0.002696
0.003313
0.003457
0.007272
0.002120
0.004580
0.001825
0.003011
0.001969
0.008712
0.004520
0.007865
0.002152
0.003508
0.002086
0.002432
0.008174
0.004577
0.008650
0.007523
0.002584
0.000975
0.001374
0.003974
0.003017
0.004966
0.002323
0.002344
0.004654
0.002242
0.009474
0.007340
0.005545
0.002931
0.004612
0.007655
0.007500
0.006427
0.000666
0.009460
0.005139
0.005177
0.007325
0.007282
0.008675
0.009401
0.009703
0.006849
0.003978
0.008353
0.004372
0.006552
0.009318
0.005735
0.000526
0.002335
0.000701
0.002839
0.004669
0.005345
0.005071
0.004143
0.002685
0.000616
0.007064
0.007287
0.008261
0.004564
0.003714
0.008917
0.004023
0.008843
0.004094
0.001348
0.006125
0.002768
0.000749
0.005828
0.009607
0.004717
0.004182
0.003979
0.001269
0.003500
0.009704
0.001785
0.005825
0.000405
0.004615
0.000494
0.005740
0.009676
0.004627
0.008415
0.000291
0.001691
0.005702
0.008542
0.006245
0.009406
0.007459
0.000268
0.008249
0.001553
0.001606
0.004374
0.004311
0.002345
0.000202
0.003918
0.007052
0.004374
0.007887
0.008312
0.007864
0.007592
0.000097
0.003689
0.007987
0.004702
0.004173
0.003727
0.004377
0.008790
0.002142
0.004658
0.000481
0.007834
0.003201
0.006715
0.007240
0.000660
0.006973
0.005489
0.002203
0.008570
0.009853
0.006504
0.000915
0.000055
0.000422
0.007957
0.004419
0.008299
0.006269
0.002283
0.005891
0.006356
0.005962
0.003878
0.001058
0.000135
0.007595
0.005425
0.008915
0.009727
0.000084
0.009386
0.007561
0.003274
0.006101
0.004801
0.003924
0.003075
0.000290
0.006116
0.001645
0.000143
0.002620
0.002550
0.000188
0.003032
0.000507
0.004597
0.001332
0.006766
0.006870
0.007213
0.003123
0.002832
0.001091
0.004171
0.002957
0.008676
0.009586
0.001872
0.008404
0.009659
0.001258
0.005965
0.002934
0.007350
0.000767
0.006847
0.000424
0.001047
0.002964
0.002059
0.001180
0.005574
0.004599
0.001358
0.008597
0.005096
0.005945
0.009918
0.001862
0.002816
0.007131
0.004975
0.005638
0.008212
0.009135
0.008585
0.006889
0.008721
0.000457
0.005293
0.008380
0.001706
0.001258
0.001314
0.009045
0.002015
0.008151
0.009459
0.003051
0.001115
0.001519
0.004221
0.006679
0.006107
0.005569
0.005276
0.001203
0.001514
0.005194
0.003056
0.004319
0.002326
0.008020
0.009947
0.000538
0.007156
0.008532
0.007417
0.005877
0.008980
0.002710
0.004257
0.000685
0.003958
0.005561
0.009720
0.005963
0.003713
0.009180
0.009004
0.004818
0.000698
0.003225
0.001497
0.006796
0.008784
0.006764
0.007989
0.000298
0.001958
0.001045
0.004607
0.004274
0.009055
0.004554
0.004802
0.006211
0.003087
0.002219
0.002088
0.002066
0.004919
0.006335
0.002742
0.008867
0.001897
0.002462
0.004830
0.005599
0.001642
0.003835
0.000417
0.002330
0.007050
0.001905
0.009116
0.005834
0.008658
0.007105
0.006121
0.000616
0.008140
0.000729
0.004880
0.007195
0.005273
0.009672
0.003406
0.008350
0.001892
0.005484
0.000416
0.006801
0.001819
0.003148
0.005668
0.003706
0.005600
0.000499
0.009295
0.007232
0.004323
0.009703
0.009552
0.001373
0.001607
0.008668
0.007197
0.000266
0.005774
0.003318
0.000872
0.003913
0.004036
0.005742
0.001108
0.009299
0.005415
0.004504
0.007649
0.007296
0.009978
0.008055
0.004097
0.001798
0.001203
0.009756
0.005494
0.006793
0.000254
0.004789
0.004025
0.004567
0.004491
0.003577
0.005930
0.006089
0.002245
0.003127
0.006345
0.008009
0.006435
0.007207
0.001922
0.000471
0.002949
0.003021
0.009760
0.008353
0.007515
0.007409
0.005650
0.007494
0.005465
0.009737
0.009281
0.006658
0.009492
0.004775
0.003450
0.009737
0.009554
0.007465
0.004304
0.004045
0.001042
0.000234
0.000134
0.003278
0.003351
0.006468
0.001286
0.009776
0.003675
0.003199
0.000247
0.006614
0.006209
0.009997
0.004967
0.003724
0.007407
0.000617
0.001218
0.002871
0.000354
0.000499
0.009519
0.009836
0.005264
0.002969
0.009573
0.004818
0.000435
0.003877
0.008853
0.001467
0.004101
0.008977
0.004734
0.007442
0.005445
0.006011
0.007218
0.009110
0.009199
0.007455
0.005724
0.005409
0.007452
0.000691
0.009123
0.004859
0.001299
0.000341
0.007720
0.001643
0.000830
0.007239
0.001479
0.006084
0.000208
0.001052
0.000902
0.000633
0.004919
0.009745
0.002089
0.009010
0.008722
0.006814
0.006452
0.004167
0.002825
0.003670
0.003277
0.002024
0.001125
0.008991
0.007423
0.008567
0.009672
0.006545
0.003426
0.000971
0.006876
0.001146
0.002603
0.007697
0.008375
0.004072
0.003781
0.008573
0.005114
0.004673
0.009196
0.000033
0.004418
0.001285
0.009032
0.003139
0.008089
0.005484
0.007296
0.000914
0.009144
0.000573
0.002928
0.000269
0.009554
0.000350
0.008826
0.009226
0.006886
0.002252
0.000196
0.003762
0.003388
0.002790
0.001459
0.001762
0.006852
0.005229
0.000335
0.001966
0.009892
0.009521
0.001988
0.004310
0.000806
0.001021
0.007440
0.008886
0.006495
0.004736
0.009789
0.005640
0.005299
0.002717
0.005899
0.004852
0.003057
0.004725
0.004078
0.009932
0.006967
0.004264
0.003694
0.000354
0.007044
0.005143
0.002107
0.003896
0.000372
0.002432
0.005851
0.000265
0.001953
0.007830
0.004565
0.002750
0.008840
0.002004
0.001635
0.005335
0.006730
0.001424
0.000975
0.002029
0.004131
0.006864
0.006871
0.007178
0.001588
0.000949
0.007110
0.008545
0.005203
0.000805
0.008889
0.002247
0.005938
0.000996
0.006133
0.006300
0.003418
0.001984
0.006555
0.005361
0.009804
0.001120
0.008100
0.008644
0.003114
0.009725
0.003979
0.009835
0.001150
0.004944
0.001864
0.005271
0.001808
0.008725
0.002449
0.003386
0.009663
0.009549
0.001931
0.004867
0.000354
0.000820
0.007104
0.006282
0.001806
0.003237
0.002582
0.005213
0.005211
0.009127
0.000574
0.005014
0.000247
0.008665
0.003658
0.003351
0.008390
0.007627
0.003186
0.009530
0.002571
0.005040
0.004800
0.004369
0.003764
0.007239
0.007745
0.003428
0.006788
0.009666
0.008284
0.007132
0.000486
0.005388
0.003414
0.002282
0.008615
0.005987
0.007485
0.003825
0.005114
0.008050
0.008829
0.005351
0.006714
0.002487
0.008693
0.005104
0.000114
0.001879
0.004634
0.002675
0.006908
0.009424
0.007034
0.000672
0.006663
0.004779
0.004090
0.003452
0.004445
0.002375
0.000584
0.004921
0.007753
0.003988
0.007193
0.006367
0.009965
0.004678
0.000192
0.005079
0.002728
0.009012
0.000430
0.009432
0.001499
0.009112
0.004536
0.001604
0.000991
0.009160
0.004269
0.007889
0.008584
0.001303
0.008552
0.005247
0.006072
0.002642
0.008689
0.000516
0.005006
0.009263
0.005427
0.002759
0.003251
0.002620
0.009116
0.003216
0.007288
0.009299
0.008285
0.000015
0.008311
0.008704
0.009437
0.009800
0.007817
0.003973
0.001403
0.008798
0.003133
0.005662
0.006687
0.001717
0.006955
0.005239
0.006955
0.003027
0.007870
0.005644
0.003533
0.002877
0.004907
0.008950
0.005626
0.008148
0.001569
0.004742
0.001364
0.008847
0.004041
0.009639
0.008853
0.002352
0.008343
0.008290
0.002151
0.006160
0.002263
0.003545
0.004958
0.005386
0.009197
0.001644
0.007093
0.006152
0.006873
0.004048
0.009169
0.004744
0.009682
0.002702
0.007610
0.004589
0.001652
0.003236
0.002737
0.003211
0.007969
0.004091
0.002059
0.002009
0.003729
0.000911
0.004351
0.002072
0.009191
0.006493
0.008222
0.001454
0.000037
0.003180
0.006830
0.009225
0.004814
0.003923
0.005377
0.001687
0.007961
0.004546
0.006421
0.007643
0.007238
0.004031
0.002232
0.008880
0.007258
0.004958
0.002091
0.005226
0.009039
0.004140
0.007226
0.002768
0.005041
0.001577
0.004830
0.004232
0.008059
0.003053
0.005676
0.008087
0.006223
0.002506
0.007311
0.001037
0.006419
0.002688
0.002714
0.004380
0.007224
0.009125
0.002024
0.004462
0.003156
0.004245
0.003342
0.000414
0.009193
0.005424
0.005630
0.008232
0.009554
0.002856
0.001000
0.004595
0.004423
0.005821
0.008817
0.002482
0.008863
0.004493
0.000568
0.005086
0.006989
0.007870
0.006113
0.003408
0.000558
0.008817
0.007778
0.007772
0.007942
0.009792
0.002234
0.001098
0.004037
0.005567
0.001502
0.003230
0.000991
0.007123
0.001462
0.000544
0.009969
0.002453
0.005129
0.004391
0.008263
0.003946
0.006863
0.007126
0.008429
0.007422
0.002212
0.005417
0.005291
0.008315
0.008815
0.005839
0.007131
0.006593
0.003611
0.005073
0.006385
0.005835
0.006161
0.000422
0.001402
0.007653
0.003642
0.002383
0.004776
0.005095
0.002917
0.004745
0.007537
0.008036
0.009126
0.005800
0.001983
0.005989
0.002927
0.000411
0.003411
0.005129
0.005819
0.008692
0.003443
0.004634
0.004531
0.000574
0.001227
0.008132
0.005637
0.007602
0.003968
0.001799
0.008014
0.005360
0.009442
0.001656
0.007732
0.004218
0.006741
0.000650
0.008953
0.004278
0.008676
0.008079
0.000079
0.000659
0.004068
0.002995
0.001060
0.007468
0.008114
0.006869
0.006160
0.001557
0.001503
0.000691
0.002122
0.002720
0.008813
0.007749
0.000322
0.002781
0.009537
0.008326
0.008130
0.008979
0.009972
0.005863
0.003198
0.006713
0.006503
0.002150
0.000991
0.005179
0.000229
0.001060
0.005827
0.004287
0.004045
0.006877
0.001755
0.002159
0.003746
0.007906
0.003706
0.005238
0.008587
0.005818
0.007948
0.007400
0.003567
0.008260
0.000181
0.003104
0.006586
0.008301
0.002084
0.006558
0.004164
0.005271
0.003271
0.000667
0.007412
0.004252
0.005836
0.007631
0.005302
0.001663
0.001918
0.009337
0.008530
0.003664
0.001496
0.002276
0.001569
0.005193
0.007504
0.000156
0.001011
0.005452
0.007546
0.004568
0.003712
0.007717
0.007662
0.000298
0.006019
0.009736
0.006845
0.000183
0.005007
0.000116
0.000840
0.002419
0.004358
0.006666
0.000050
0.009650
0.008318
0.001958
0.008987
0.006848
0.005612
0.000484
0.009114
0.007171
0.005666
0.006618
0.007318
0.006667
0.002070
0.004864
0.001235
0.005772
0.002581
0.008887
0.006060
0.008590
0.008623
0.002905
0.008763
0.003630
0.003011
0.009593
0.006040
0.007359
0.006259
0.006080
0.007009
0.004578
0.008028
0.005997
0.001426
0.003641
0.006470
0.000540
0.000812
0.002137
0.007147
0.008119
0.008794
0.009207
0.002983
0.000029
0.004979
0.005555
0.008906
0.001039
0.004145
0.007530
0.003934
0.002908
0.001160
0.006935
0.002502
0.007190
0.004294
0.008751
0.003270
0.001304
0.003328
0.001298
0.007290
0.004744
0.004929
0.003761
0.005274
0.005731
0.005887
0.002421
0.003850
0.004681
0.001628
0.006823
0.004701
0.006597
0.002378
0.003607
0.007626
0.006513
0.001137
0.001560
0.009411
0.002287
0.008485
0.001913
0.009466
0.002780
0.000664
0.002736
0.004073
0.003982
0.004024
0.001364
0.008716
0.008943
0.005115
0.003990
0.004673
0.001002
0.006401
0.008513
0.005673
0.008019
0.005337
0.000374
0.004617
0.007705
0.003971
0.002243
0.004218
0.005097
0.003793
0.003630
0.007374
0.002278
0.005533
0.006840
0.005047
0.006186
0.009566
0.009111
0.000169
0.003590
0.000475
0.008875
0.002533
0.005579
0.002865
0.007196
0.006571
0.009256
0.005710
0.002245
0.007275
0.001047
0.002608
0.001891
0.008742
0.006569
0.004124
0.002960
0.001667
0.007907
0.006580
0.009031
0.000185
0.002112
0.005871
0.005222
0.008289
0.005437
0.004333
0.008447
0.009018
0.004798
0.007322
0.001551
0.000377
0.000187
0.008737
0.006938
0.009432
0.004447
0.009173
0.006707
0.005484
0.001781
0.008588
0.004225
0.008340
0.002712
0.007175
0.009997
0.000619
0.003755
0.009028
0.000794
0.005857
0.004899
0.006006
0.004146
0.000336
0.000339
0.002593
0.009344
0.005126
0.009905
0.000894
0.005493
0.000092
0.009622
0.002432
0.009514
0.004068
0.001605
0.006221
0.009542
0.003376
0.004809
0.003767
0.001716
0.007511
0.000942
0.001713
0.008120
0.004687
0.000741
0.008904
0.000544
0.005630
0.004909
0.004679
0.005957
0.005238
0.007262
0.005300
0.000364
0.007167
0.006185
0.005848
0.007249
0.005806
0.008269
0.006763
0.009865
0.009864
0.002983
0.009407
0.003240
0.007782
0.003174
0.004946
0.005293
0.004106
0.006649
0.003414
0.008783
0.007381
0.002317
0.009316
0.003011
0.007217
0.003995
0.008958
0.002454
0.001257
0.004258
0.002809
0.008414
0.000443
0.008646
0.005663
0.006239
0.006916
0.002426
0.006104
0.006780
0.005399
0.005511
0.000019
0.003181
0.008674
0.004955
0.008465
0.002780
0.001604
0.001878
0.001563
0.008975
0.004186
0.000879
0.001986
0.001402
0.004865
0.000944
0.003847
0.006112
0.005193
0.006645
0.004527
0.005626
0.005292
0.000190
0.001865
0.002207
0.002605
0.007959
0.008977
0.007994
0.003470
0.008986
0.001175
0.002144
0.003941
0.009630
0.004914
0.005536
0.001509
0.006467
0.004511
0.005684
0.007337
0.006488
0.007076
0.002201
0.007422
0.000923
0.008303
0.002615
0.007558
0.002830
0.008230
0.002850
0.003010
0.000095
0.005048
0.005605
0.008044
0.004025
0.003599
0.001514
0.003011
0.004764
0.003648
0.006942
0.004395
0.008552
0.002478
0.005893
0.005020
0.006979
0.001577
0.002356
0.003467
0.008644
0.004548
0.000889
0.009557
0.002851
0.003493
0.007115
0.005671
0.001723
0.009955
0.008671
0.001809
0.005003
0.004276
0.009843
0.009018
0.007865
0.001357
0.002029
0.002629
0.004995
0.008961
0.007014
0.003547
0.001440
0.002907
0.008557
0.008409
0.004474
0.000913
0.001876
0.003118
0.005451
0.002754
0.002674
0.008292
0.006237
0.009779
0.003963
0.007951
0.009735
0.002634
0.009749
0.004738
0.006899
0.009592
0.003756
0.004764
0.000949
0.005775
0.007383
0.005934
0.004737
0.004396
0.009471
0.006166
0.007293
0.008027
0.004575
0.001767
0.008930
0.006441
0.004874
0.004381
0.009185
0.007539
0.002673
0.005422
0.007318
0.006626
0.003373
0.007053
0.009250
0.003123
0.001791
0.006149
0.002715
0.005537
0.000913
0.003654
0.001312
0.008285
0.009578
0.006039
0.002682
0.009048
0.002205
0.009964
0.007076
0.006770
0.001731
0.006006
0.003211
0.006595
0.000387
0.002396
0.004134
0.003050
0.007809
0.001452
0.009666
0.001182
0.008495
0.008916
0.004294
0.000286
0.005065
0.006999
0.005813
0.005968
0.000653
0.007115
0.004253
0.000231
0.003154
0.006925
0.009269
0.005349
0.006889
0.006345
0.002119
0.008610
0.002351
0.005321
0.005206
0.002728
0.007707
0.009330
0.005768
0.005515
0.000782
0.005435
0.006687
0.009267
0.004351
0.000981
0.009542
0.009406
0.007970
0.005355
0.005374
0.008613
0.002470
0.009617
0.008834
0.005613
0.006542
0.008103
0.000962
0.003431
0.004448
0.003071
0.002041
0.006789
0.008382
0.007237
0.009507
0.006089
0.006567
0.005275
0.001604
0.007339
0.000710
0.008281
0.006606
0.005050
0.009252
0.006148
0.004456
0.007223
0.001503
0.009820
0.005836
0.003962
0.009437
0.004670
0.009565
0.005978
0.002773
0.000528
0.009399
0.007211
0.003589
0.001440
0.004000
0.001971
0.008667
0.003506
0.008050
0.005235
0.008771
0.009644
0.002574
0.009471
0.007925
0.009169
0.004521
0.007177
0.005317
0.008968
0.004400
0.006810
0.008787
0.000236
0.000772
0.008224
0.004897
0.000337
0.004202
0.007660
0.000855
0.003601
0.004871
0.004434
0.005031
0.008861
0.006395
0.003699
0.002367
0.004445
0.008923
0.001138
0.004089
0.001497
0.000609
0.002014
0.000666
0.005120
0.009181
0.005973
0.004088
0.003581
0.002783
0.002875
0.003808
0.003544
0.001099
0.008694
0.003872
0.005291
0.006354
0.004716
0.008882
0.001225
0.009140
0.003913
0.000086
0.005535
0.007601
0.002443
0.009970
0.006525
0.003571
0.004059
0.008012
0.004170
0.006062
0.008668
0.009280
0.005243
0.004641
0.003367
0.008814
0.007414
0.006232
0.002622
0.000958
0.007321
0.001316
0.004820
0.002612
0.007661
0.009526
0.001494
0.008876
0.008667
0.005397
0.008952
0.004202
0.002998
0.001395
0.004172
0.009513
0.004956
0.008221
0.007524
0.009115
0.004283
0.006192
0.008395
0.009516
0.000833
0.001762
0.008331
0.008237
0.007985
0.000953
0.009186
0.005306
0.002259
0.004005
0.007908
0.009910
0.003532
0.009392
0.008786
0.002199
0.004789
0.007738
0.006391
0.007777
0.009123
0.000563
0.007289
0.004079
0.008774
0.004814
0.003194
0.003057
0.001006
0.001589
0.002573
0.001830
0.003342
0.000904
0.000067
0.001327
0.001847
0.009242
0.006623
0.004096
0.003248
0.004531
0.004006
0.006770
0.003922
0.002792
0.008958
0.008701
0.000530
0.005349
0.006478
0.009642
0.005902
0.003767
0.003721
0.004675
0.008571
0.006905
0.007722
0.009567
0.008485
0.000295
0.001397
0.001826
0.001190
0.001454
0.003143
0.003027
0.000696
0.009755
0.007113
0.003934
0.004286
0.001119
0.000704
0.008198
0.003901
0.009652
0.006900
0.004421
0.005001
0.003377
0.004063
0.000902
0.007134
0.007774
0.005567
0.005706
0.004679
0.003290
0.005273
0.003164
0.003575
0.006660
0.004980
0.004755
0.008104
0.008113
0.007771
0.008790
0.007868
0.004884
0.002724
0.002154
0.005994
0.003417
0.000353
0.009885
0.003069
0.007242
0.004305
0.008060
0.000620
0.008358
0.008952
0.007744
0.006132
0.004519
0.003450
0.000812
0.007799
0.008713
0.003966
0.001374
0.005373
0.008936
0.006118
0.003477
0.007049
0.003890
0.002267
0.004918
0.008764
0.004981
0.007062
0.004758
0.008388
0.007405
0.004642
0.001457
0.004647
0.008937
0.009507
0.005257
0.007295
0.008459
0.003001
0.003428
0.002978
0.006441
0.004230
0.000777
0.005154
0.008185
0.002141
0.000527
0.007121
0.008249
0.003993
0.004170
0.002139
0.006250
0.009078
0.000903
0.001231
0.006140
0.005650
0.009609
0.003545
0.000292
0.001066
0.008182
0.009219
0.000573
0.003439
0.006515
0.009022
0.006430
0.009933
0.002000
0.002871
0.004162
0.002767
0.008015
0.002348
0.004898
0.008532
0.009459
0.003147
0.002525
0.003629
0.005276
0.008766
0.002707
0.006168
0.009986
0.008837
0.001818
0.009595
0.002382
0.002100
0.000662
0.000564
0.001320
0.001225
0.003993
0.007825
0.000247
0.000424
0.007757
0.002237
0.003285
0.001920
0.004994
0.001300
0.004257
0.009882
0.009822
0.003716
0.003029
0.002347
0.007336
0.008295
0.001113
0.000043
0.004463
0.001099
0.008870
0.006271
0.000695
0.001252
0.008362
0.001346
0.001806
0.009671
0.002561
0.005790
0.007496
0.002798
0.006204
0.005254
0.005025
0.009479
0.007163
0.000019
0.000779
0.001421
0.009892
0.000601
0.005127
0.002921
0.002939
0.002463
0.001216
0.004042
0.002496
0.005669
0.005131
0.001366
0.001940
0.005816
0.002608
0.000302
0.007152
0.004405
0.009964
0.009704
0.000194
0.007460
0.002502
0.006388
0.002713
0.007517
0.005867
0.009866
0.007526
0.006636
0.001287
0.007418
0.007227
0.006404
0.000339
0.000165
0.008857
0.001545
0.004197
0.001354
0.007204
0.009318
0.002710
0.009135
0.005134
0.005308
0.009427
0.002286
0.009703
0.009390
0.001990
0.009887
0.006850
0.004481
0.006275
0.009553
0.001998
0.002142
0.009419
0.009514
0.008767
0.000707
0.006932
0.005994
0.007101
0.007262
0.006149
0.005959
0.008797
0.000346
0.007302
0.006001
0.009654
0.000012
0.005136
0.004787
0.005310
0.004563
0.007063
0.005013
0.003953
0.009043
0.004900
0.000803
0.003524
0.001175
0.000356
0.005512
0.003307
0.009766
0.005027
0.002074
0.000473
0.001959
0.008059
0.007564
0.009211
0.004208
0.003522
0.008007
0.004544
0.000824
0.004008
0.004198
0.000826
0.009134
0.008975
0.006126
0.003697
0.006038
0.001139
0.007640
0.005081
0.006029
0.008434
0.008595
0.007194
0.008780
0.004107
0.000501
0.008546
0.009124
0.002566
0.009009
0.001083
0.000624
0.006572
0.000294
0.004822
0.000094
0.008291
0.009356
0.000909
0.002300
0.003554
0.001725
0.001434
0.002529
0.007841
0.005121
0.008557
0.008970
0.002762
0.003638
0.004999
0.001196
0.002233
0.002193
0.009966
0.006331
0.002684
0.008512
0.005455
0.005240
0.007520
0.006528
0.005855
0.004092
0.006812
0.000677
0.004177
0.005103
0.000033
0.005075
0.007393
0.003577
0.006790
0.008817
0.006096
0.004631
0.003939
0.004653
0.003601
0.006690
0.008281
0.008590
0.007876
0.000515
0.000783
0.007842
0.006835
0.003457
0.006353
0.002290
0.008688
0.003873
0.008808
0.004542
0.007956
0.005620
0.005210
0.002132
0.000724
0.005233
0.007198
0.008107
0.008800
0.003988
0.006924
0.004895
0.008609
0.000862
0.009538
0.002210
0.007543
0.007820
0.000800
0.005419
0.008324
0.001573
0.003260
0.005160
0.005020
0.009603
0.007440
0.003708
0.003477
0.006249
0.008241
0.001433
0.001869
0.003450
0.003555
0.002582
0.008673
0.000753
0.000689
0.007472
0.004731
0.007603
0.002368
0.003341
0.008455
0.001906
0.005541
0.005998
0.009716
0.006331
0.001416
0.008040
0.007894
0.004667
0.003200
0.002914
0.004270
0.000640
0.006613
0.007737
0.006879
0.004853
0.009159
0.008738
0.008293
0.002714
0.001320
0.006966
0.003457
0.001999
0.004438
0.008179
0.009592
0.006796
0.001519
0.008047
0.008693
0.007050
0.004045
0.008409
0.003381
0.005451
0.006449
0.001275
0.000117
0.009639
0.004180
0.004377
0.000280
0.000792
0.002114
0.007149
0.005635
0.001274
0.005887
0.003928
0.003978
0.007197
0.000894
0.007426
0.009186
0.005323
0.005604
0.008778
0.002119
0.007113
0.006825
0.000812
0.004163
0.000869
0.009210
0.007534
0.006310
0.005659
0.008799
0.006418
0.005299
0.002979
0.000795
0.005569
0.003761
0.002899
0.002717
0.009386
0.004163
0.008594
0.003315
0.008131
0.005791
0.004199
0.005557
0.004977
0.009512
0.001161
0.003755
0.001631
0.008264
0.000580
0.002432
0.002427
0.001439
0.001642
0.009951
0.007740
0.007292
0.008751
0.004157
0.002590
0.001729
0.004943
0.008149
0.005480
0.007832
0.000866
0.004866
0.001995
0.009451
0.008171
0.000126
0.005242
0.002370
0.005673
0.000219
0.001882
0.006824
0.003964
0.003502
0.005088
0.004534
0.005925
0.007505
0.005964
0.007557
0.007457
0.003703
0.004849
0.006207
0.007851
0.007429
0.007927
0.002793
0.005578
0.003407
0.000625
0.006434
0.008263
0.002610
0.005885
0.006435
0.002726
0.001126
0.008795
0.008389
0.001335
0.000676
0.005213
0.005289
0.004169
0.000301
0.009814
0.000093
0.007796
0.005777
0.007640
0.005252
0.009470
0.002489
0.001460
0.007321
0.009908
0.009376
0.000114
0.005486
0.002783
0.000730
0.001920
0.001047
0.003330
0.007795
0.007471
0.006046
0.008911
0.006266
0.004435
0.000247
0.006932
0.009638
0.005526
0.001101
0.009929
0.005340
0.001184
0.007725
0.001117
0.008815
0.002977
0.000587
0.001303
0.004427
0.007898
0.001211
0.003803
0.008003
0.006687
0.006576
0.008722
0.008597
0.007613
0.002052
0.006392
0.005084
0.008088
0.005304
0.001350
0.002523
0.005541
0.008272
0.002162
0.001067
0.009363
0.002091
0.006397
0.000547
0.009806
0.007503
0.009351
0.002783
0.008081
0.000655
0.007200
0.005979
0.001856
0.001002
0.003981
0.008534
0.007569
0.002704
0.007131
0.005181
0.004746
0.003523
0.000265
0.002834
0.008817
0.001605
0.005347
0.004358
0.009867
0.007499
0.005415
0.009229
0.009580
0.001811
0.009766
0.009385
0.009305
0.009118
0.002168
0.007385
0.009763
0.009358
0.003364
0.001619
0.000360
0.007336
0.000152
0.007919
0.000040
0.007273
0.003100
0.004775
0.000797
0.003355
0.007599
0.009604
0.004950
0.002946
0.003962
0.004817
0.000445
0.009367
0.004046
0.000024
0.001178
0.003812
0.009400
0.000483
0.002930
0.001568
0.007859
0.002693
0.000926
0.001223
0.004302
0.001276
0.008549
0.004444
0.009185
0.008578
0.001717
0.002285
0.003354
0.002504
0.005630
0.000952
0.002108
0.000580
0.003888
0.006060
0.005387
0.004323
0.005427
0.009423
0.004337
0.006595
0.003235
0.003737
0.007068
0.006155
0.005295
0.004927
0.008838
0.006211
0.006140
0.003140
0.007477
0.004689
0.007574
0.006662
0.003267
0.009281
0.008937
0.006611
0.001785
0.004567
0.007553
0.003883
0.005137
0.001441
0.009934
0.000524
0.005754
0.005361
0.009937
0.000092
0.001956
0.003172
0.003819
0.009014
0.009317
0.009104
0.003941
0.008155
0.005315
0.000081
0.001295
0.002792
0.004760
0.008858
0.009443
0.008017
0.008139
0.008380
0.004628
0.009914
0.002947
0.002181
0.003798
0.008074
0.003612
0.003731
0.008587
0.009356
0.009082
0.008524
0.009438
0.001038
0.001695
0.003256
0.000052
0.001013
0.002360
0.003983
0.009158
0.007665
0.004055
0.000453
0.000457
0.008805
0.009301
0.009890
0.006822
0.007441
0.008270
0.001450
0.007355
0.001217
0.003621
0.001153
0.009281
0.007223
0.004874
0.007868
0.006579
0.003956
0.006392
0.006017
0.004984
0.008077
0.009263
0.005026
0.009080
0.001624
0.008999
0.008238
0.009279
0.003054
0.008680
0.009725
0.001858
0.007982
0.009616
0.008670
0.005422
0.007886
0.000120
0.002777
0.009093
0.003730
0.003920
0.008374
0.000953
0.008784
0.006242
0.007522
0.002740
0.002634
0.003539
0.007714
0.000711
0.002802
0.002740
0.009781
0.004416
0.001739
0.008018
0.003694
0.004783
0.006699
0.003420
0.006632
0.004680
0.003035
0.005302
0.000103
0.000921
0.005412
0.002870
0.000014
0.009132
0.006780
0.008378
0.000085
0.005564
0.004620
0.007597
0.008295
0.007244
0.001136
0.006009
0.007945
0.003929
0.008739
0.007725
0.008334
0.000478
0.005744
0.002029
0.005252
0.002442
0.005439
0.001883
0.007113
0.008464
0.007175
0.007205
0.009375
0.002587
0.000075
0.009380
0.001719
0.006845
0.007758
0.001794
0.002409
0.002378
0.009382
0.000704
0.009612
0.000518
0.006703
0.007557
0.004437
0.005441
0.005282
0.002772
0.005910
0.001026
0.004790
0.001161
0.003458
0.000229
0.003035
0.000571
0.008683
0.000210
0.007766
0.008058
0.002787
0.007832
0.007438
0.004496
0.004677
0.005196
0.006281
0.007076
0.007564
0.005663
0.007770
0.007176
0.006171
0.004473
0.004733
0.000608
0.009904
0.000015
0.003370
0.005814
0.001031
0.008150
0.006966
0.004479
0.008369
0.009990
0.005040
0.007052
0.000201
0.002807
0.005110
0.002978
0.000638
0.002547
0.007464
0.005305
0.007733
0.003745
0.002381
0.005297
0.009398
0.000152
0.002473
0.005569
0.004615
0.007196
0.006167
0.004519
0.007201
0.009527
0.000333
0.008222
0.007677
0.007289
0.002701
0.006046
0.007279
0.007731
0.003097
0.007470
0.000538
0.008197
0.000448
0.001166
0.000744
0.007902
0.006461
0.008467
0.001647
0.008833
0.003764
0.001045
0.008975
0.006226
0.006604
0.003589
0.003422
0.002771
0.008098
0.000623
0.002298
0.008421
0.008835
0.009965
0.005710
0.001536
0.006010
0.002989
0.009258
0.009098
0.000459
0.009786
0.007295
0.000897
0.000952
0.008029
0.008789
0.007403
0.006496
0.000437
0.006236
0.000260
0.001472
0.005211
0.006476
0.008066
0.008790
0.009888
0.000837
0.006888
0.000512
0.003125
0.005310
0.009337
0.003090
0.001020
0.000873
0.009091
0.003999
0.000131
0.008188
0.004448
0.009907
0.005483
0.005335
0.000859
0.003512
0.004125
0.008253
0.009999
0.004551
0.004489
0.000258
0.006013
0.009690
0.006725
0.004079
0.008480
0.006613
0.004907
0.005368
0.007115
0.008022
0.000678
0.006452
0.001113
0.001688
0.007315
0.000203
0.005677
0.007437
0.008382
0.000125
0.007344
0.003865
0.005451
0.008193
0.007367
0.009565
0.006446
0.007366
0.004117
0.000936
0.007614
0.000130
0.000626
0.004339
0.004200
0.009096
0.000952
0.009097
0.004464
0.008057
0.007119
0.005133
0.004509
0.008221
0.006810
0.001824
0.008415
0.002487
0.009251
0.006796
0.002603
0.006595
0.000661
0.008044
0.004789
0.008018
0.007609
0.001235
0.005384
0.001726
0.002160
0.002999
0.001846
0.002776
0.007328
0.006036
0.001872
0.008270
0.005132
0.006326
0.006327
0.002251
0.001459
0.000836
0.000473
0.008259
0.002651
0.008877
0.000747
0.001902
0.005673
0.003340
0.008487
0.006324
0.001383
0.003276
0.004343
0.008982
0.004500
0.009717
0.000708
0.006651
0.002715
0.002544
0.009417
0.000043
0.008570
0.001289
0.008303
0.003702
0.007605
0.004630
0.005944
0.009054
0.005457
0.006406
0.007313
0.008097
0.005283
0.008050
0.009989
0.000957
0.001390
0.008476
0.007271
0.002763
0.001752
0.001614
0.001745
0.006242
0.001331
0.002443
0.002893
0.004036
0.004978
0.002310
0.004069
0.003548
0.003589
0.002373
0.007240
0.001194
0.006993
0.003184
0.000248
0.002450
0.009580
0.007552
0.000547
0.004863
0.005602
0.000536
0.005810
0.006982
0.009003
0.003081
0.009735
0.000755
0.004685
0.001480
0.006987
0.006006
0.003913
0.009871
0.000043
0.008881
0.002181
0.004102
0.002429
0.005760
0.006465
0.009659
0.006944
0.003458
0.002843
0.007183
0.005897
0.002423
0.004735
0.006434
0.007276
0.000337
0.006961
0.003086
0.007308
0.005964
0.006158
0.007043
0.006708
0.000843
0.008513
0.003696
0.006840
0.002426
0.003566
0.006872
0.001307
0.005737
0.000974
0.003726
0.001497
0.007429
0.003385
0.008431
0.000887
0.006217
0.005614
0.006774
0.008630
0.000349
0.003209
0.005906
0.000675
0.000169
0.008983
0.007974
0.006123
0.005141
0.005017
0.002831
0.005974
0.003530
0.006517
0.002814
0.005945
0.000083
0.009676
0.007242
0.005810
0.000651
0.000968
0.007297
0.008070
0.004342
0.005728
0.008947
0.000560
0.001342
0.005721
0.009180
0.001681
0.008920
0.005086
0.002347
0.009079
0.004069
0.000320
0.005202
0.009200
0.005327
0.008023
0.005174
0.008847
0.004540
0.007978
0.004792
0.004613
0.007654
0.002034
0.000423
0.008295
0.002992
0.007710
0.006364
0.007324
0.003438
0.005311
0.007874
0.004770
0.001032
0.007054
0.006441
0.009942
0.002140
0.008778
0.009022
0.006199
0.009088
0.004224
0.005399
0.004415
0.002247
0.000573
0.003262
0.006777
0.008541
0.008044
0.001391
0.006195
0.000078
0.001804
0.004490
0.003060
0.009504
0.000854
0.000384
0.002942
0.006156
0.008248
0.007702
0.007178
0.005302
0.004143
0.007120
0.007432
0.002921
0.006142
0.003632
0.002009
0.000366
0.009021
0.006415
0.002603
0.009584
0.009667
0.009370
0.008125
0.007711
0.000761
0.004321
0.007779
0.002554
0.008800
0.000839
0.002058
0.009645
0.001214
0.004990
0.005800
0.009452
0.002692
0.002978
0.004754
0.006825
0.000099
0.002187
0.009736
0.006231
0.005809
0.001746
0.006586
0.004829
0.008150
0.009179
0.004414
0.007817
0.008549
0.002539
0.005528
0.009299
0.006850
0.003307
0.001854
0.005650
0.004136
0.003902
0.005295
0.005340
0.008881
0.001095
0.004793
0.001573
0.004064
0.009537
0.008388
0.004152
0.001724
0.008124
0.000383
0.007523
0.009860
0.006959
0.002352
0.008010
0.006138
0.006756
0.005827
0.004686
0.009285
0.001355
0.003986
0.006135
0.004652
0.005830
0.001785
0.008778
0.009721
0.007070
0.004119
0.008603
0.008155
0.008901
0.000176
0.002219
0.008439
0.008554
0.006361
0.000163
0.006678
0.006734
0.007675
0.006538
0.003692
0.000027
0.004548
0.009820
0.006773
0.000375
0.004506
0.006058
0.001720
0.008482
0.002193
0.006362
0.004312
0.003968
0.005140
0.004033
0.001038
0.009249
0.002636
0.009183
0.008151
0.002802
0.001402
0.006589
0.001356
0.007753
0.006742
0.008024
0.004487
0.004417
0.004562
0.008169
0.004434
0.009100
0.007989
0.001207
0.009465
0.002496
0.007255
0.001185
0.000978
0.009438
0.007537
0.005280
0.003405
0.002678
0.009303
0.004433
0.001927
0.001940
0.003616
0.000078
0.004732
0.005008
0.006657
0.006077
0.002761
0.003399
0.004102
0.007238
0.007806
0.008654
0.005407
0.002241
0.007754
0.003396
0.003438
0.007219
0.005882
0.000693
0.008394
0.006850
0.000131
0.005932
0.002130
0.003526
0.008599
