0.000492
0.007399
0.001333
0.007480
0.006476
0.003850
0.008473
0.007318
0.001999
0.005626
0.008382
0.006249
0.000070
0.007076
0.003322
0.002966
0.001930
0.000978
0.001624
0.004321
0.008182
0.001754
0.001790
0.007256
0.007178
0.008199
0.009000
0.002045
0.002149
0.008532
0.009294
0.002631
0.005931
0.000627
0.000111
0.002406
0.004467
0.008573
0.009715
0.006456
0.004199
0.008097
0.002705
0.004259
0.005173
0.006016
0.007215
0.007092
0.006984
0.008829
0.001414
0.005166
0.000584
0.003193
0.002422
0.007751
0.001392
0.001422
0.009787
0.003530
0.009944
0.009080
0.006151
0.005875
0.009697
0.006251
0.008271
0.004164
0.004825
0.007986
0.000620
0.009014
0.006083
0.003315
0.003273
0.001256
0.009322
0.000488
0.008338
0.006306
0.009307
0.009741
0.001472
0.009881
0.002935
0.003884
0.007632
0.004316
0.005296
0.007419
0.007836
0.005240
0.006499
0.003987
0.001115
0.006196
0.000239
0.009377
0.000360
0.005053
0.007363
0.000971
0.004067
0.003446
0.004276
0.007329
0.004691
0.003597
0.007807
0.003029
0.009893
0.007114
0.002770
0.001364
0.006995
0.005695
0.005238
0.004627
0.000011
0.000534
0.002046
0.007838
0.005764
0.008535
0.001825
0.006869
0.004731
0.002054
0.006246
0.005081
0.007097
0.003609
0.006042
0.001164
0.007044
0.000318
0.008483
0.001735
0.003905
0.006290
0.004754
0.003798
0.003404
0.007515
0.005152
0.000399
0.003210
0.000390
0.005016
0.003211
0.000914
0.007052
0.001049
0.006668
0.005587
0.002864
0.003538
0.000317
0.004907
0.009774
0.005388
0.002004
0.003383
0.001430
0.003158
0.000427
0.001738
0.001641
0.002152
0.005632
0.007921
0.006897
0.009420
0.001325
0.004412
0.004572
0.001715
0.007612
0.004953
0.006721
0.000823
0.005857
0.003773
0.001861
0.002525
0.009350
0.004715
0.006053
0.009657
0.009613
0.005827
0.005046
0.001617
0.009200
0.006466
0.004765
0.009617
0.008193
0.006395
0.001769
0.003826
0.004316
0.008656
0.003246
0.005632
0.003068
0.007808
0.007337
0.000679
0.002761
0.004058
0.001492
0.008608
0.007822
0.003343
0.001133
0.007172
0.008048
0.007176
0.006829
0.007661
0.003003
0.001875
0.009268
0.002203
0.008331
0.004032
0.001819
0.006524
0.000428
0.003578
0.000350
0.004734
0.002234
0.003586
0.000366
0.005291
0.001394
0.007693
0.005960
0.004145
0.001751
0.007442
0.002753
0.009563
0.000785
0.003876
0.006735
0.008824
0.001053
0.003564
0.006485
0.004046
0.005429
0.005753
0.006238
0.003759
0.009775
0.008047
0.000283
0.000203
0.001625
0.000623
0.004927
0.003849
0.004199
0.005283
0.009130
0.005583
0.002976
0.005091
0.009719
0.004717
0.002533
0.002472
0.004280
0.003308
0.006338
0.001015
0.002132
0.007381
0.004569
0.008607
0.001426
0.009988
0.004360
0.007654
0.003747
0.004135
0.005702
0.004020
0.004327
0.007317
0.004633
0.009244
0.001166
0.008822
0.004527
0.000296
0.004405
0.007493
0.005377
0.004124
0.002211
0.007900
0.006586
0.006481
0.001208
0.002924
0.007486
0.003330
0.000305
0.002055
0.001937
0.001721
0.002042
0.006287
0.009366
0.005779
0.000421
0.005067
0.009789
0.004738
0.002384
0.004422
0.003983
0.003540
0.003244
0.008500
0.003826
0.007639
0.005993
0.009192
0.001763
0.008194
0.007092
0.008339
0.004675
0.008290
0.001262
0.002160
0.001620
0.001557
0.004205
0.003547
0.003268
0.006237
0.009824
0.002634
0.002016
0.000245
0.007691
0.001805
0.004974
0.000075
0.006217
0.008946
0.003605
0.009451
0.007446
0.007421
0.007090
0.003439
0.006613
0.008843
0.001633
0.003705
0.007182
0.006297
0.001995
0.008434
0.008448
0.003606
0.009981
0.002653
0.007143
0.003250
0.008880
0.006967
0.005874
0.000896
0.007203
0.003566
0.002691
0.002176
0.003631
0.008898
0.001122
0.007226
0.008349
0.008558
0.004647
0.005439
0.001998
0.001260
0.004282
0.003620
0.004955
0.001464
0.009908
0.006940
0.009888
0.008355
0.000546
0.009870
0.001008
0.007679
0.003120
0.009878
0.004646
0.008984
0.000774
0.001849
0.002549
0.003454
0.004015
0.006170
0.002352
0.005127
0.003396
0.000701
0.003686
0.008033
0.006130
0.005673
0.009282
0.000412
0.009283
0.004237
0.001866
0.009191
0.001177
0.001755
0.007546
0.001712
0.001624
0.008545
0.009381
0.004734
0.008422
0.004027
0.003718
0.009186
0.005865
0.006257
0.002640
0.009870
0.002427
0.004982
0.004997
0.005813
0.005673
0.008673
0.003846
0.001803
0.004346
0.003128
0.002205
0.003629
0.007355
0.004061
0.002820
0.008522
0.005806
0.000367
0.000234
0.007420
0.008901
0.009605
0.002154
0.007323
0.003631
0.005862
0.006509
0.009487
0.002118
0.009140
0.009357
0.004535
0.004122
0.004354
0.000349
0.009784
0.003027
0.004184
0.001587
0.007362
0.007302
0.003782
0.000991
0.004657
0.007833
0.003801
0.003179
0.003638
0.004158
0.003403
0.001058
0.003059
0.003007
0.003202
0.000383
0.006628
0.009054
0.006882
0.006115
0.001172
0.006021
0.005472
0.005698
0.000143
0.009816
0.006036
0.009917
0.002842
0.000221
0.001504
0.000204
0.007513
0.005276
0.001186
0.002170
0.003109
0.004977
0.005339
0.006737
0.009125
0.008732
0.007786
0.002184
0.001739
0.000988
0.002557
0.008357
0.000042
0.009429
0.004472
0.001204
0.005450
0.009934
0.006891
0.005583
0.009749
0.002927
0.005501
0.002591
0.003138
0.006995
0.002786
0.000651
0.002271
0.003961
0.002811
0.005370
0.008929
0.008141
0.002108
0.008054
0.006872
0.009883
0.000238
0.008601
0.000871
0.002785
0.006958
0.000903
0.002213
0.001430
0.002097
0.007654
0.001364
0.008978
0.003237
0.001113
0.001906
0.008727
0.003695
0.005034
0.005722
0.006470
0.005675
0.007984
0.000432
0.008476
0.003354
0.009350
0.006617
0.005452
0.007404
0.003489
0.005335
0.007632
0.002090
0.006196
0.000417
0.009038
0.007089
0.002620
0.000468
0.009176
0.000274
0.001822
0.008155
0.003501
0.002926
0.000061
0.002228
0.006610
0.005084
0.007941
0.003081
0.000759
0.005924
0.003502
0.009226
0.009268
0.002853
0.005842
0.004720
0.000257
0.009321
0.000055
0.007879
0.001412
0.006241
0.008286
0.000450
0.003330
0.000906
0.000908
0.002507
0.001170
0.002720
0.000661
0.004661
0.005636
0.000712
0.006879
0.002246
0.005786
0.004819
0.005316
0.006536
0.000744
0.008809
0.005761
0.000012
0.001662
0.001604
0.004722
0.001909
0.000925
0.004766
0.009778
0.002327
0.001007
0.008064
0.002766
0.004328
0.008960
0.003664
0.006824
0.000130
0.006375
0.007475
0.004781
0.002010
0.008177
0.001660
0.004246
0.003963
0.006469
0.009553
0.000499
0.007203
0.008362
0.006250
0.007205
0.000023
0.007844
0.001927
0.001922
0.008759
0.006684
0.001700
0.001086
0.007681
0.009754
0.003842
0.002009
0.008714
0.007497
0.008823
0.008834
0.003871
0.006298
0.003615
0.005872
0.004475
0.005265
0.000118
0.008429
0.001735
0.009661
0.008918
0.008928
0.008022
0.005168
0.006133
0.008035
0.003013
0.008050
0.009947
0.001772
0.004734
0.001647
0.002848
0.002415
0.001401
0.006681
0.004413
0.000114
0.004177
0.003236
0.008938
0.008039
0.009524
0.002554
0.003910
0.003999
0.007809
0.004018
0.002428
0.009533
0.003679
0.001346
0.008461
0.001701
0.006505
0.004594
0.009726
0.009507
0.002644
0.009674
0.001279
0.007368
0.001321
0.004117
0.009772
0.002711
0.000798
0.004185
0.002816
0.004965
0.007411
0.001754
0.003004
0.006935
0.004298
0.006905
0.000934
0.002106
0.000923
0.003353
0.001640
0.004592
0.004689
0.000100
0.006283
0.001193
0.004684
0.006009
0.000700
0.007318
0.005683
0.001970
0.004686
0.006993
0.006077
0.004458
0.009695
0.006865
0.008633
0.002510
0.001830
0.006045
0.004254
0.004824
0.002980
0.008542
0.001729
0.003904
0.000648
0.002642
0.007247
0.002278
0.007224
0.001935
0.002368
0.003506
0.003118
0.007042
0.009506
0.003809
0.004361
0.005188
0.005769
0.009037
0.002182
0.001846
0.003495
0.001876
0.008701
0.002128
0.004376
0.000531
0.008163
0.008620
0.005346
0.001143
0.007162
0.007065
0.005037
0.007800
0.009696
0.002283
0.000078
0.006920
0.004208
0.002436
0.000426
0.007317
0.009468
0.009922
0.001126
0.003829
0.005110
0.006885
0.002866
0.007282
0.008720
0.006351
0.009148
0.007421
0.008469
0.003524
0.007942
0.006632
0.002144
0.003288
0.007765
0.009296
0.000352
0.002801
0.007096
0.000049
0.005075
0.007164
0.006959
0.009273
0.009589
0.007375
0.006590
0.009057
0.007297
0.007706
0.002886
0.002407
0.004590
0.005742
0.009678
0.003311
0.002093
0.008826
0.000732
0.000562
0.002350
0.008664
0.007184
0.004484
0.001952
0.004949
0.003780
0.002294
0.007741
0.000876
0.002333
0.002815
0.008030
0.009281
0.002088
0.007619
0.006656
0.008668
0.006676
0.003953
0.006374
0.009552
0.006350
0.000964
0.005294
0.006028
0.004265
0.007377
0.004854
0.004987
0.007929
0.007194
0.003651
0.005113
0.001678
0.005592
0.000062
0.005448
0.007876
0.007793
0.006314
0.000209
0.000608
0.004344
0.009480
0.002686
0.001963
0.006136
0.001354
0.008629
0.000089
0.007718
0.008181
0.006429
0.008672
0.003475
0.002457
0.002937
0.000852
0.007301
0.007914
0.008771
0.004495
0.001565
0.003883
0.006163
0.007147
0.003936
0.001611
0.005023
0.001728
0.007915
0.005222
0.002326
0.002259
0.004703
0.005002
0.004212
0.000839
0.006346
0.002841
0.000918
0.004064
0.001022
0.007336
0.002737
0.004487
0.009783
0.005664
0.005329
0.007084
0.003578
0.004099
0.001579
0.005132
0.007973
0.007732
0.002279
0.001908
0.009333
0.007293
0.003626
0.007248
0.002515
0.005942
0.009497
0.007208
0.000944
0.003709
0.008037
0.007281
0.006540
0.008944
0.001345
0.007552
0.006281
0.004071
0.002039
0.006064
0.009725
0.007357
0.003148
0.003303
0.001456
0.004717
0.008426
0.009419
0.002448
0.000705
0.001327
0.001781
0.007988
0.004943
0.009019
0.000503
0.000886
0.008517
0.007701
0.001820
0.002226
0.005738
0.009091
0.008756
0.004682
0.000435
0.006308
0.000963
0.004497
0.008337
0.007017
0.004222
0.005694
0.000165
0.007515
0.007141
0.004872
0.005941
0.006560
0.007310
0.006636
0.007877
0.009081
0.004625
0.002820
0.008101
0.005118
0.003696
0.006618
0.002819
0.005506
0.008834
0.008547
0.004597
0.007590
0.003229
0.005022
0.003898
0.004182
0.009509
0.002235
0.001200
0.003731
0.007920
0.001355
0.001247
0.005060
0.006216
0.007178
0.001620
0.003526
0.003814
0.009487
0.002608
0.008429
0.002307
0.000708
0.003547
0.005993
0.007316
0.006356
0.001499
0.006150
0.004902
0.006086
0.003740
0.008122
0.001108
0.007628
0.002304
0.000617
0.009853
0.003494
0.004338
0.007773
0.004838
0.005574
0.002833
0.001055
0.002752
0.004443
0.004571
0.006557
0.003930
0.007169
0.004985
0.006227
0.007867
0.008522
0.002220
0.005183
0.004878
0.003708
0.001332
0.009770
0.009784
0.005062
0.007892
0.000892
0.002690
0.000196
0.001498
0.002543
0.003680
0.005826
0.000316
0.008508
0.001401
0.003139
0.009553
0.004143
0.007573
0.004124
0.000700
0.001503
0.001293
0.005675
0.007719
0.009150
0.004197
0.009929
0.004332
0.009065
0.003637
0.005655
0.008835
0.003421
0.000717
0.006726
0.004303
0.003396
0.006912
0.005791
0.005929
0.000592
0.001617
0.006235
0.009091
0.003008
0.009365
0.008644
0.007141
0.006937
0.002768
0.007830
0.008430
0.004051
0.003505
0.006149
0.003200
0.007692
0.006078
0.007523
0.006757
0.009705
0.003177
0.005592
0.003127
0.003884
0.002318
0.007420
0.007270
0.009220
0.003211
0.003200
0.009803
0.004819
0.009425
0.008893
0.007817
0.008790
0.007537
0.004958
0.005727
0.000305
0.002788
0.004157
0.004345
0.006283
0.000306
0.007535
0.003976
0.006374
0.005058
0.000733
0.006079
0.008225
0.006314
0.009196
0.002109
0.008622
0.006616
0.009369
0.007843
0.009818
0.002569
0.007646
0.004636
0.001994
0.006539
0.002453
0.000784
0.004076
0.007400
0.006501
0.004370
0.000189
0.000658
0.008706
0.006462
0.000954
0.006241
0.000438
0.007318
0.001299
0.001161
0.003397
0.009514
0.007465
0.002594
0.001623
0.006087
0.009200
0.000992
0.003930
0.009017
0.003551
0.001575
0.003653
0.005536
0.008104
0.006096
0.006310
0.002180
0.003497
0.002811
0.006540
0.003675
0.003459
0.005246
0.000137
0.004403
0.001487
0.000565
0.001720
0.002776
0.001716
0.005108
0.002290
0.009171
0.007691
0.003903
0.005258
0.006891
0.004886
0.009178
0.005908
0.008427
0.000753
0.009552
0.003963
0.008848
0.005648
0.000272
0.001028
0.009135
0.003073
0.007558
0.002810
0.006522
0.002804
0.002938
0.000924
0.004281
0.003493
0.002635
0.007047
0.005199
0.007732
0.009327
0.004370
0.005423
0.003231
0.009618
0.002314
0.008106
0.008795
0.008212
0.006533
0.009539
0.007764
0.000496
0.008386
0.003412
0.000758
0.009404
0.002547
0.003821
0.006962
0.005347
0.000343
0.009756
0.008275
0.001258
0.004038
0.001768
0.003883
0.001085
0.006957
0.001615
0.000412
0.001326
0.007028
0.003633
0.000944
0.009333
0.001739
0.009729
0.007545
0.008262
0.009268
0.005309
0.008748
0.007654
0.008711
0.009496
0.007058
0.001258
0.003318
0.004021
0.006596
0.003651
0.003777
0.004870
0.004899
0.007804
0.006628
0.008771
0.008879
0.003585
0.000386
0.009281
0.004901
0.007404
0.002914
0.005835
0.006737
0.004643
0.005564
0.004282
0.002905
0.004832
0.009582
0.001653
0.002487
0.008293
0.001150
0.009535
0.009541
0.004457
0.003556
0.006137
0.008099
0.007323
0.001007
0.002997
0.005127
0.007625
0.001769
0.004006
0.001210
0.002145
0.003287
0.006101
0.009539
0.006191
0.001936
0.006276
0.000834
0.007490
0.000559
0.003729
0.002322
0.000140
0.005373
0.004799
0.008423
0.006512
0.004334
0.007965
0.000970
0.007880
0.004101
0.009058
0.005203
0.005099
0.002056
0.000330
0.002724
0.003814
0.004326
0.003924
0.005949
0.007603
0.000024
0.005488
0.003795
0.001950
0.001764
0.004619
0.009430
0.002313
0.008338
0.001752
0.002443
0.003711
0.006541
0.000867
0.000224
0.000875
0.008821
0.001183
0.008745
0.002922
0.000242
0.003948
0.008011
0.002288
0.004268
0.000735
0.006092
0.008583
0.004648
0.002041
0.006187
0.004663
0.007519
0.009971
0.006603
0.009273
0.004590
0.006033
0.001586
0.002929
0.007775
0.004020
0.006630
0.004316
0.004876
0.006843
0.005182
0.003697
0.008017
0.003927
0.006610
0.008248
0.007865
0.004621
0.000536
0.002133
0.005345
0.006618
0.000717
0.009984
0.008649
0.006893
0.004646
0.006167
0.006864
0.001249
0.005441
0.001455
0.007272
0.007017
0.004373
0.005047
0.001037
0.001003
0.009354
0.005903
0.007836
0.004536
0.009590
0.005853
0.008453
0.006200
0.004101
0.006318
0.000821
0.004627
0.008442
0.006156
0.001245
0.009148
0.006140
0.009884
0.006041
0.000786
0.006051
0.002906
0.002026
0.001492
0.004351
0.009288
0.008499
0.008714
0.004335
0.009526
0.009707
0.003689
0.005429
0.007543
0.008215
0.005019
0.003396
0.006668
0.001219
0.007487
0.002986
0.002030
0.002114
0.001428
0.008176
0.003349
0.000576
0.004316
0.003233
0.006607
0.005093
0.009274
0.009503
0.007108
0.000766
0.003854
0.006396
0.009254
0.002568
0.000731
0.008780
0.002274
0.004411
0.004209
0.009807
0.002625
0.009218
0.003203
0.009283
0.000437
0.000690
0.002270
0.002456
0.002794
0.003687
0.000632
0.006133
0.004254
0.004938
0.009355
0.000861
0.000031
0.008629
0.000364
0.007129
0.009385
0.004208
0.003525
0.008639
0.006766
0.004247
0.007419
0.009030
0.008647
0.001628
0.008838
0.001273
0.000846
0.002041
0.000556
0.001272
0.002720
0.002815
0.003719
0.005504
0.006493
0.004341
0.001637
0.000746
0.009269
0.000992
0.001597
0.009290
0.009611
0.001952
0.006419
0.008996
0.006150
0.009934
0.007636
0.002916
0.004181
0.005055
0.001946
0.002828
0.006673
0.000784
0.004091
0.007509
0.002815
0.004637
0.008771
0.005525
0.007442
0.002490
0.001029
0.003935
0.006821
0.002655
0.004672
0.006090
0.003637
0.006259
0.005380
0.003249
0.008201
0.001799
0.002245
0.004351
0.001734
0.009871
0.007257
0.005905
0.004926
0.009193
0.008723
0.001599
0.009967
0.002814
0.009098
0.002782
0.007441
0.007870
0.008297
0.004884
0.000359
0.009316
0.008809
0.007170
0.001971
0.003481
0.003260
0.005598
0.009730
0.008630
0.008837
0.007930
0.000429
0.001082
0.002281
0.002153
0.000953
0.009528
0.008047
0.005869
0.008721
0.006771
0.007458
0.008688
0.009575
0.006556
0.001470
0.007017
0.004426
0.009757
0.001901
0.004775
0.009073
0.000710
0.001945
0.001044
0.004181
0.005195
0.006632
0.003910
0.003825
0.005469
0.001841
0.004244
0.006541
0.004112
0.006386
0.007484
0.003640
0.004434
0.003353
0.002360
0.001204
0.000810
0.001048
0.000780
0.007356
0.002508
0.007787
0.001782
0.002265
0.009677
0.006547
0.001338
0.000387
0.008482
0.002371
0.004557
0.003676
0.008994
0.008458
0.007491
0.004463
0.000298
0.001735
0.001004
0.004400
0.008111
0.008478
0.008030
0.002545
0.001831
0.000390
0.003739
0.002631
0.001428
0.004509
0.009978
0.003926
0.002295
0.001759
0.006181
0.001972
0.008296
0.007509
0.002349
0.006778
0.009870
0.006897
0.000455
0.008864
0.005354
0.007936
0.003327
0.005643
0.009660
0.004321
0.000043
0.007771
0.002799
0.008063
0.000316
0.004620
0.008443
0.004045
0.007241
0.009861
0.008543
0.007218
0.003788
0.000839
0.008968
0.009959
0.002801
0.007264
0.007468
0.005140
0.004042
0.007338
0.002037
0.004487
0.006201
0.007381
0.002423
0.009518
0.003024
0.002083
0.003839
0.003058
0.009844
0.006628
0.001121
0.000160
0.001247
0.009554
0.004194
0.008478
0.009415
0.002738
0.005697
0.003203
0.003566
0.004665
0.003162
0.006357
0.001929
0.000630
0.001498
0.005961
0.007958
0.003525
0.000448
0.004159
0.000906
0.002861
0.003677
0.003920
0.004934
0.007506
0.006968
0.004778
0.004134
0.008079
0.004927
0.005371
0.007633
0.009111
0.003849
0.007048
0.001849
0.009536
0.000251
0.005405
0.004201
0.003404
0.001762
0.006120
0.004023
0.003250
0.002081
0.001981
0.006765
0.002520
0.006130
0.007661
0.005370
0.009797
0.001581
0.000304
0.007303
0.008539
0.005071
0.001437
0.006618
0.009989
0.006798
0.004251
0.009100
0.000647
0.001299
0.000949
0.000183
0.001541
0.006344
0.004374
0.004934
0.008096
0.000494
0.008948
0.001346
0.002566
0.000929
0.008101
0.005075
0.007049
0.005762
0.000446
0.006846
0.007333
0.000740
0.004149
0.005872
0.005801
0.005575
0.002490
0.005790
0.002373
0.006731
0.004890
0.003010
0.008020
0.005828
0.003183
0.009551
0.002172
0.007548
0.004485
0.000269
0.008032
0.003432
0.001605
0.000598
0.004351
0.009696
0.005663
0.001400
0.005458
0.006099
0.008235
0.002790
0.006829
0.002384
0.008652
0.002630
0.007950
0.001142
0.008409
0.000323
0.007863
0.003299
0.003323
0.005883
0.009117
0.006496
0.005434
0.001290
0.004044
0.009909
0.001548
0.002076
0.003341
0.003143
0.002664
0.007682
0.002839
0.008317
0.009071
0.008287
0.004416
0.007307
0.001077
0.001245
0.009681
0.009719
0.003865
0.007630
0.000862
0.002274
0.007943
0.008715
0.005563
0.001266
0.004598
0.004680
0.007752
0.000032
0.005960
0.001796
0.009931
0.007498
0.003862
0.003272
0.000642
0.006516
0.000954
0.003471
0.004834
0.000025
0.001758
0.009240
0.007321
0.002825
0.000485
0.007002
0.002544
0.004340
0.004633
0.003396
0.006604
0.002575
0.002111
0.002167
0.003831
0.006700
0.006837
0.001583
0.006722
0.002797
0.003369
0.006653
0.000296
0.007221
0.009915
0.000927
0.003737
0.000868
0.004388
0.008560
0.000883
0.006136
0.007800
0.008194
0.008951
0.008275
0.005197
0.001495
0.002615
0.009819
0.004881
0.009209
0.002395
0.006983
0.001376
0.006216
0.003682
0.008204
0.007789
0.000404
0.001001
0.001157
0.007047
0.001287
0.008368
0.006962
0.002204
0.002105
0.007820
0.006582
0.000665
0.008693
0.002718
0.008455
0.006887
0.001669
0.006731
0.002084
0.003154
0.009336
0.001903
0.008025
0.008545
0.004288
0.005007
0.009911
0.000503
0.008680
0.008115
0.008282
0.009074
0.009106
0.009429
0.006121
0.000393
0.007797
0.003083
0.002587
0.009892
0.000902
0.009159
0.000557
0.009585
0.001877
0.009002
0.006472
0.003536
0.005733
0.008546
0.006679
0.005069
0.000449
0.004704
0.003614
0.004726
0.009701
0.003525
0.005220
0.008381
0.001640
0.003502
0.007455
0.000746
0.002931
0.003576
0.001129
0.000728
0.006648
0.003706
0.000620
0.007541
0.002865
0.001167
0.007126
0.004732
0.000170
0.003598
0.008258
0.005893
0.002144
0.004937
0.000962
0.002583
0.009631
0.004566
0.007300
0.009333
0.008081
0.002520
0.007714
0.009711
0.006011
0.005169
0.000457
0.008932
0.008734
0.001576
0.009650
0.005383
0.005272
0.000271
0.002924
0.008127
0.001428
0.000050
0.002860
0.001587
0.003638
0.001117
0.007470
0.005773
0.006045
0.008422
0.008346
0.005676
0.002987
0.005646
0.005008
0.001068
0.008156
0.002722
0.000779
0.004167
0.007880
0.001226
0.003099
0.006615
0.002792
0.002750
0.001998
0.008055
0.003010
0.004911
0.006182
0.004428
0.004951
0.009032
0.006005
0.008580
0.000149
0.003475
0.004353
0.006184
0.001897
0.002699
0.001859
0.004874
0.008335
0.006858
0.005932
0.006491
0.009569
0.006701
0.000658
0.007450
0.007917
0.003747
0.004065
0.000710
0.006487
0.006052
0.008754
0.009487
0.000964
0.004936
0.003915
0.005905
0.003968
0.009910
0.004485
0.004107
0.003385
0.008827
0.000291
0.005272
0.001526
0.002140
0.000146
0.009851
0.008988
0.006069
0.006341
0.008557
0.002770
0.006989
0.006007
0.000687
0.000736
0.000071
0.001387
0.007213
0.006113
0.000141
0.006700
0.007067
0.005067
0.000615
0.002972
0.009025
0.000525
0.007447
0.003132
0.003900
0.006274
0.003412
0.009163
0.007790
0.005542
0.009299
0.007641
0.004530
0.005368
0.003982
0.003087
0.008128
0.000971
0.009084
0.008805
0.001697
0.009145
0.000191
0.008900
0.005258
0.000322
0.005599
0.002325
0.005379
0.006204
0.005287
0.004403
0.006719
0.002734
0.007525
0.000619
0.008997
0.000937
0.009772
0.006787
0.006470
0.009071
0.004428
0.001000
0.004439
0.008400
0.004076
0.002566
0.009361
0.003160
0.001371
0.001058
0.002305
0.001552
0.009947
0.007553
0.001864
0.005547
0.009868
0.007232
0.001751
0.005155
0.001636
0.008460
0.007879
0.009151
0.009069
0.006876
0.000088
0.008841
0.003663
0.006548
0.007912
0.008081
0.007537
0.002351
0.006480
0.001614
0.004907
0.005841
0.004764
0.006268
0.006888
0.007058
0.007810
0.006836
0.004611
0.009664
0.002382
0.004479
0.006896
0.004123
0.009625
0.008522
0.002583
0.007503
0.007673
0.001652
0.004379
0.007751
0.000493
0.008033
0.004298
0.008396
0.006113
0.001835
0.000747
0.002593
0.003439
0.005644
0.008424
0.008193
0.001912
0.005312
0.005251
0.009712
0.002148
0.009853
0.009376
0.004520
0.004332
0.006273
0.008634
0.003957
0.004795
0.001217
0.001460
0.002468
0.002859
0.005830
0.000218
0.003342
0.003862
0.004506
0.001738
0.009965
0.006332
0.002475
0.002559
0.009761
0.008108
0.000983
0.007954
0.000021
0.006285
0.003205
0.009723
0.008423
0.003058
0.009099
0.002944
0.007380
0.005372
0.001578
0.001336
0.000167
0.002784
0.002787
0.002625
0.005633
0.008606
0.002833
0.008966
0.002468
0.007329
0.000704
0.002434
0.003660
0.003168
0.004983
0.003421
0.001277
0.005956
0.001375
0.001287
0.002241
0.004569
0.001010
0.000664
0.007617
0.000110
0.003598
0.004997
0.005472
0.005165
0.006323
0.005629
0.007940
0.009100
0.008244
0.003573
0.007706
0.001076
0.002539
0.000174
0.008395
0.003233
0.002598
0.002056
0.006391
0.007571
0.005467
0.007657
0.003526
0.006831
0.008935
0.005757
0.001401
0.009935
0.006411
0.009008
0.000045
0.009999
0.004004
0.005507
0.005165
0.000327
0.001136
0.003104
0.009417
0.009369
0.006668
0.007123
0.000445
0.009196
0.007288
0.008831
0.002429
0.009876
0.000886
0.008810
0.007447
0.006343
0.006467
0.000973
0.003174
0.005402
0.006721
0.004565
0.005337
0.003132
0.003572
0.005371
0.003131
0.007567
0.000878
0.008286
0.007884
0.002003
0.001390
0.007301
0.001373
0.008048
0.004424
0.001808
0.007244
0.001712
0.000639
0.009663
0.001588
0.001515
0.008473
0.009025
0.007848
0.004940
0.009988
0.001022
0.000342
0.006709
0.005577
0.005669
0.009831
0.009139
0.001040
0.002962
0.006706
0.001908
0.001248
0.004590
0.003902
0.002629
0.001891
0.005264
0.000676
0.006305
0.007062
0.007911
0.008008
0.007691
0.007574
0.009586
0.009196
0.006047
0.008611
0.007044
0.000987
0.008599
0.008057
0.001319
0.005308
0.003633
0.006978
0.005139
0.002773
0.008009
0.008092
0.009468
0.009907
0.009330
0.004058
0.003809
0.001959
0.005939
0.009063
0.002625
0.002244
0.006125
0.000536
0.000252
0.003816
0.008100
0.009827
0.003013
0.004147
0.008438
0.000057
0.005124
0.007037
0.008104
0.006433
0.002345
0.001737
0.003412
0.007474
0.004500
0.001420
0.005566
0.003968
0.001327
0.004896
0.008016
0.005126
0.006844
0.003955
0.004189
0.009459
0.006189
0.000314
0.009985
0.006430
0.004120
0.008085
0.006258
0.007123
0.002231
0.004695
0.007170
0.007345
0.001732
0.005274
0.003778
0.004067
0.007001
0.007180
0.001542
0.001501
0.008590
0.007098
0.005458
0.009907
0.001994
0.003474
0.005032
0.008828
0.007419
0.009211
0.008287
0.003607
0.009515
0.008272
0.000038
0.003635
0.006357
0.006285
0.000758
0.008578
0.000981
0.007918
0.005923
0.002703
0.003192
0.009691
0.006760
0.000193
0.006871
0.008292
0.001684
0.005460
0.005390
0.007132
0.005367
0.007373
0.000606
0.000400
0.006201
0.008015
0.009601
0.004489
0.001622
0.009115
0.002761
0.001650
0.002750
0.009108
0.007925
0.003498
0.007686
0.008896
0.001417
0.003609
0.001598
0.004599
0.003300
0.008349
0.004782
0.000170
0.006641
0.006456
0.005620
0.002030
0.003588
0.000988
0.009393
0.004184
0.001377
0.005594
0.002199
0.000978
0.000083
0.003811
0.000093
0.002834
0.005451
0.002833
0.001942
0.003376
0.006321
0.009618
0.002272
0.007728
0.003226
0.003860
0.002327
0.006516
0.002209
0.007099
0.006676
0.008839
0.003554
0.002296
0.000869
0.007132
0.003274
0.000263
0.001316
0.004641
0.005847
0.003505
0.005608
0.005920
0.007306
0.005691
0.008744
0.002757
0.008514
0.000686
0.006124
0.004836
0.000303
0.008385
0.002564
0.003519
0.002245
0.004881
0.000035
0.004444
0.001980
0.006701
0.003283
0.005524
0.008987
0.004142
0.002656
0.002260
0.004395
0.003962
0.006891
0.000242
0.007458
0.002500
0.006152
0.004764
0.008181
0.004896
0.007511
0.006695
0.005572
0.003635
0.001531
0.005865
0.002020
0.004085
0.009374
0.004255
0.008956
0.009399
0.008689
0.000936
0.006100
0.001972
0.006450
0.005087
0.006104
0.009096
0.007337
0.000499
0.003059
0.004228
0.000731
0.000516
0.006718
0.006873
0.005270
0.004899
0.001769
0.002782
0.001594
0.007331
0.006406
0.003116
0.003196
0.008416
0.007191
0.002571
0.002671
0.006148
0.001970
0.001360
0.007074
0.008060
0.003322
0.003524
0.003147
0.009417
0.002620
0.000484
0.009906
0.005669
0.004702
0.000637
0.006176
0.001420
0.007500
0.001446
0.006309
0.009259
0.004218
0.007893
0.006590
0.000624
0.001009
0.009777
0.009030
0.008190
0.002347
0.001702
0.004338
0.004307
0.003052
0.001412
0.002367
0.006364
0.004926
0.005504
0.005781
0.007536
0.005978
0.005687
0.003206
0.000680
0.006313
0.009371
0.002090
0.003813
0.000817
0.008389
0.003073
0.005025
0.006282
0.009653
0.005639
0.007281
0.009430
0.004669
0.005471
0.001777
0.006361
0.009799
0.006074
0.009403
0.001211
0.008431
0.005768
0.006127
0.003935
0.001549
0.003663
0.009903
0.007225
0.006859
0.000583
0.003539
0.006230
0.002663
0.007342
0.007037
0.001052
0.000415
0.002062
0.007324
0.000068
0.007691
0.004605
0.009487
0.002360
0.000076
0.001264
0.008711
0.009865
0.007328
0.008114
0.001076
0.005759
0.003882
0.007193
0.009685
0.005421
0.000856
0.009588
0.002646
0.007705
0.000171
0.006174
0.003934
0.002825
0.003516
0.000972
0.003866
0.003921
0.003024
0.001190
0.003978
0.000715
0.005785
0.003466
0.003065
0.005851
0.004719
0.001777
0.005716
0.002047
0.009881
0.006782
0.007797
0.003763
0.003975
0.007482
0.009174
0.004821
0.007070
0.001819
0.002526
0.007231
0.007984
0.006450
0.000056
0.001500
0.007412
0.003912
0.005411
0.000436
0.005092
0.009379
0.001141
0.000877
0.002845
0.004196
0.006717
0.007554
0.005963
0.002433
0.009591
0.005844
0.009205
0.007388
0.009597
0.003180
0.004870
0.008771
0.007991
0.001939
0.000590
0.000516
0.009161
0.008564
0.006956
0.009206
0.000063
0.004368
0.003118
0.005464
0.004794
0.008200
0.004843
0.005925
0.009067
0.007678
0.000121
0.005784
0.005232
0.006074
0.008207
0.004823
0.001918
0.007412
0.002211
0.001516
0.000592
0.007071
0.000286
0.008573
0.009000
0.000867
0.009079
0.008161
0.009420
0.006035
0.007367
0.009474
0.000403
0.000486
0.004938
0.005187
0.008676
0.009771
0.001112
0.007743
0.007448
0.001223
0.003527
0.002680
0.007287
0.001735
0.007493
0.009196
0.009137
0.009694
0.000711
0.009719
0.006765
0.000988
0.008292
0.005766
0.001845
0.007371
0.003927
0.001265
0.003406
0.001294
0.000739
0.003799
0.001770
0.005667
0.008977
0.000446
0.005437
0.000089
0.008179
0.002886
0.001302
0.001706
0.005555
0.008579
0.003431
0.003048
0.007775
0.002568
0.002743
0.008477
0.002287
0.009498
0.009455
0.000578
0.005264
0.001299
0.007939
0.009180
0.002554
0.001345
0.000474
0.003283
0.005134
0.002234
0.008939
0.004111
0.002670
0.004377
0.004189
0.000849
0.007252
0.005481
0.002545
0.002808
0.004061
0.005966
0.005846
0.001836
0.008524
0.008579
0.000313
0.000811
0.008076
0.009757
0.001379
0.003340
0.001056
0.009308
0.002520
0.003600
0.000653
0.002985
0.006873
0.005777
0.005209
0.005812
0.009878
0.007869
0.000189
0.004067
0.008707
0.007431
0.009538
0.001252
0.000239
0.003599
0.007208
0.006075
0.005425
0.005732
0.004653
0.005727
0.006533
0.002730
0.005484
0.007903
0.006060
0.006530
0.007211
0.008570
0.000131
0.007854
0.001555
0.006994
0.003631
0.006754
0.002806
0.003509
0.004623
0.002985
0.007566
0.003331
0.000416
0.007104
0.004573
0.000644
0.000703
0.001781
0.006709
0.006117
0.007504
0.001363
0.001845
0.004037
0.004083
0.007319
0.001940
0.000142
0.003849
0.009140
0.008703
0.003970
0.006994
0.000258
0.000963
0.000625
0.007002
0.003759
0.004124
0.001625
0.006734
0.001690
0.004946
0.007139
0.008784
0.009509
0.007774
0.009476
0.001291
0.004483
0.005594
0.008784
0.005836
0.007428
0.002822
0.009908
0.004747
0.004751
0.000051
0.008586
0.003892
0.008743
0.002556
0.000886
0.008992
0.003509
0.001501
0.005994
0.007258
0.005616
0.007609
0.003992
0.007295
0.002555
0.001131
0.006079
0.002065
0.008895
0.005555
0.003345
0.003378
0.001149
0.002130
0.009203
0.008567
0.004941
0.009111
0.003313
0.009682
0.009152
0.001899
0.003574
0.007895
0.004445
0.004450
0.006887
0.007944
0.005942
0.002881
0.005202
0.001557
0.000490
0.009183
0.008842
0.003036
0.000315
0.004921
0.005090
0.009199
0.000476
0.008425
0.002577
0.001615
0.000555
0.001780
0.000181
0.005486
0.000892
0.003485
0.005169
0.000044
0.005374
0.008733
0.007929
0.009809
0.003183
0.004816
0.007753
0.009115
0.007686
0.002955
0.000672
0.008167
0.002138
0.009504
0.001202
0.002443
0.004425
0.006283
0.001642
0.004892
0.004708
0.004209
0.006496
0.005253
0.005979
0.006668
0.000739
0.006861
0.000152
0.005898
0.006894
0.005516
0.004631
0.004823
0.005325
0.007804
0.009629
0.003078
0.006918
0.007315
0.006023
0.007580
0.005482
0.008151
0.007084
0.006674
0.000594
0.001510
0.002957
0.002225
0.006392
0.007655
0.006424
0.002888
0.002908
0.002404
0.009546
0.003638
0.009255
0.009688
0.009526
0.006149
0.005204
0.004157
0.000972
0.000529
0.001960
0.000601
0.003597
0.008869
0.007906
0.009610
0.006449
0.003388
0.007761
0.003533
0.000063
0.008344
0.005033
0.003010
0.000570
0.001425
0.000665
0.006984
0.004303
0.003563
0.009378
0.003848
0.007191
0.008633
0.003536
0.006717
0.004782
0.008730
0.000873
0.005744
0.009250
0.002824
0.006335
0.002847
0.001692
0.004241
0.002457
0.008131
0.007619
0.000218
0.001665
0.007672
0.008552
0.006688
0.000682
0.009112
0.008103
0.001336
0.006096
0.002405
0.004890
0.005474
0.006244
0.002081
0.004107
0.009770
0.008787
0.008878
0.008501
0.009651
0.004622
0.007750
0.002475
0.000957
0.000597
0.004157
0.005188
0.003044
0.002288
0.002807
0.003252
0.003943
0.000479
0.001804
0.000631
0.001151
0.000916
0.008723
0.002477
0.007002
0.001129
0.007357
0.002476
0.007363
0.009427
0.006573
0.007133
0.008214
0.005451
0.005633
0.007865
0.000073
0.003383
0.000340
0.001020
0.003971
0.004487
0.006197
0.007005
0.006765
0.008994
0.000256
0.000708
0.009463
0.002050
0.001329
0.000614
0.002956
0.000052
0.003081
0.009948
0.001171
0.000437
0.002424
0.008524
0.009854
0.008987
0.005656
0.008069
0.004438
0.001290
0.005934
0.004501
0.004663
0.006264
0.005510
0.008624
0.000751
0.001708
0.005628
0.007506
0.000702
0.005875
0.008205
0.000165
0.007915
0.009524
0.000769
0.000871
0.009566
0.003839
0.000819
0.000737
0.004266
0.003233
0.009251
0.004120
0.002220
0.004907
0.002189
0.006648
0.006187
0.008113
0.001149
0.000850
0.004377
0.006649
0.009463
0.005118
0.008346
0.005091
0.002624
0.009038
0.000966
0.000829
0.009193
0.008871
0.000353
0.009952
0.009732
0.009908
0.003791
0.000551
0.000645
0.008047
0.003774
0.009886
0.002167
0.005984
0.004793
0.004347
0.002632
0.000980
0.002460
0.003770
0.001820
0.006827
0.000419
0.001283
0.001945
0.008755
0.006364
0.004560
0.007794
0.007320
0.005379
0.006987
0.006191
0.005721
0.006938
0.005923
0.005630
0.000729
0.006464
0.006265
0.008766
0.000238
0.006151
0.000934
0.006212
0.000944
0.005270
0.008834
0.001914
0.007720
0.002604
0.003723
0.004547
0.003013
0.004996
0.006482
0.001768
0.001361
0.001042
0.009552
0.008671
0.006411
0.006539
0.004862
0.002132
0.003477
0.000786
0.007752
0.004196
0.007240
0.004017
0.002962
0.007468
0.000167
0.003886
0.003680
0.001101
0.009146
0.002514
0.003005
0.006866
0.005107
0.006719
0.001413
0.008110
0.001715
0.007885
0.009868
0.003065
0.008917
0.009420
0.001736
0.005328
0.005958
0.006589
0.007450
0.009425
0.007365
0.005201
0.003621
0.004605
0.009208
0.006573
0.002073
0.009365
0.000459
0.005743
0.000467
0.009595
0.008247
0.003462
0.006461
0.003355
0.000180
0.007864
0.001465
0.001885
0.005749
0.001333
0.004941
0.004666
0.000752
0.006667
0.009984
0.006701
0.003256
0.007433
0.006126
0.000620
0.002634
0.009737
0.005215
0.001842
0.006310
0.007278
0.001207
0.006760
0.003021
0.001664
0.006355
0.001268
0.005116
0.002816
0.004613
0.005286
0.000679
0.006068
0.007161
0.006418
0.007391
0.002102
0.001084
0.008133
0.008759
0.001068
0.004833
0.002015
0.008491
0.000959
0.002625
0.001125
0.000696
0.007830
0.002958
0.006996
0.005107
0.004155
0.003756
0.008118
0.005809
0.000111
0.009377
0.000924
0.002916
0.003990
0.006200
0.003586
0.000058
0.003362
0.009994
0.007438
0.005454
0.001078
0.005571
0.004213
0.002136
0.000405
0.006218
0.000627
0.001354
0.008833
0.001743
0.002040
0.006662
0.004690
0.009026
0.001769
0.008835
0.002782
0.009878
0.004644
0.002882
0.009255
0.005558
0.005788
0.003245
0.001758
0.009364
0.003292
0.005110
0.009358
0.000730
0.000564
0.000437
0.006292
0.004768
0.002563
0.006686
0.000985
0.003180
0.008030
0.009808
0.004913
0.000069
0.006470
0.009593
0.009085
0.008229
0.008429
0.001867
0.008107
0.003072
0.004739
0.007362
0.008620
0.000528
0.000607
0.000379
0.009882
0.003889
0.005479
0.009240
0.004609
0.006034
0.009666
0.000901
0.000801
0.002229
0.007577
0.001777
0.005399
0.005607
0.001585
0.000312
0.005666
0.008045
0.009896
0.004751
0.006274
0.008325
0.006608
0.004381
0.001397
0.001347
0.001743
0.000017
0.001865
0.002340
0.000386
0.001747
0.006219
0.005856
0.000987
0.000828
0.001890
0.000653
0.001719
0.002681
0.002872
0.009286
0.004448
0.008262
0.004892
0.006022
0.008564
0.000558
0.004067
0.008460
0.005299
0.000341
0.006785
0.001907
0.004712
0.008172
0.003244
0.006445
0.008179
0.005099
0.008775
0.008555
0.006836
0.004994
0.004411
0.007813
0.005812
0.006290
0.008456
0.007521
0.008961
0.001328
0.006806
0.003409
0.009580
0.001699
0.009421
0.008144
0.002247
0.003488
0.006604
0.007536
0.003818
0.003389
0.009433
0.008520
0.001560
0.002677
0.004966
0.009729
0.007766
0.003741
0.008285
0.004602
0.008725
0.002696
0.002415
0.004537
0.008976
0.000870
0.002057
0.007937
0.002188
0.008854
0.001346
0.001768
0.000552
0.000767
0.009902
0.002789
0.004245
0.006506
0.000324
0.008054
0.009885
0.009747
0.006574
0.001445
0.002424
0.001539
0.001174
0.000190
0.005270
0.009449
0.004782
0.003995
0.002145
0.007187
0.008521
0.001121
0.008047
0.000579
0.009048
0.000236
0.009422
0.000394
0.001994
0.009964
0.001152
0.001896
0.002753
0.005387
0.008392
0.003067
0.003441
0.008277
0.002815
0.000015
0.009712
0.005229
0.001544
0.000886
0.005409
0.006804
0.000335
0.000192
0.000799
0.002470
0.007369
0.009310
0.003580
0.005416
0.009879
0.002628
0.005642
0.009301
0.003013
0.007625
0.009265
0.004155
0.009511
0.002018
0.009532
0.007903
0.005075
0.002972
0.006180
0.007880
0.002977
0.005891
0.003109
0.004511
0.006767
0.008509
0.001315
0.007093
0.008690
0.002104
0.009552
0.006059
0.001414
0.003132
0.001475
0.001293
0.005751
0.007107
0.000593
0.008754
0.004733
0.009848
0.002908
0.004244
0.001866
0.002440
0.002147
0.006932
0.005402
0.008316
0.004812
0.008369
0.004207
0.007911
0.002880
0.000975
0.006420
0.004185
0.008057
0.005110
0.006279
0.007610
0.001169
0.007683
0.000742
0.002635
0.008966
0.006483
0.009732
0.009549
0.005236
0.004465
0.009397
0.008134
0.008698
0.001264
0.000574
0.000845
0.008186
0.005967
0.009151
0.002998
0.004336
0.003358
0.000909
0.007206
0.004323
0.007319
0.001392
0.002380
0.002429
0.007661
0.009980
0.003588
0.005344
0.000722
0.006213
0.004310
0.007195
0.005945
0.003859
0.002431
0.000409
0.003256
0.000565
0.009098
0.004510
0.001130
0.009932
0.002696
0.007087
0.009083
0.005683
0.001423
0.002442
0.006582
0.008619
0.006755
0.003901
0.000010
0.009125
0.006320
0.007661
0.009105
0.009898
0.003005
0.009817
0.006111
0.007304
0.007011
0.002056
0.001163
0.009432
0.002455
0.004409
0.009988
0.001553
0.008909
0.001118
0.001485
0.001605
0.008194
0.000569
0.007278
0.009607
0.003000
0.003861
0.008226
0.009745
0.007752
0.008226
0.008870
0.004072
0.005887
0.007974
0.003970
0.008882
0.007791
0.000081
0.006186
