0.005694
0.003168
0.004840
0.001516
0.000647
0.001117
0.003095
0.004943
0.006010
0.000817
0.008030
0.005677
0.005554
0.003521
0.002531
0.008222
0.000628
0.004361
0.009410
0.009136
0.009290
0.005147
0.000608
0.001263
0.005425
0.008962
0.006070
0.009969
0.003147
0.001316
0.001853
0.008830
0.004474
0.006683
0.000347
0.005111
0.007790
0.003431
0.000054
0.003800
0.004239
0.008074
0.009466
0.009783
0.001595
0.001998
0.008004
0.002213
0.006349
0.007414
0.001349
0.005639
0.002562
0.001948
0.006892
0.007977
0.000910
0.002962
0.007946
0.004046
0.004268
0.009789
0.002877
0.008732
0.006472
0.003213
0.003843
0.004262
0.006635
0.003887
0.008052
0.000873
0.001960
0.007518
0.000656
0.003546
0.009506
0.008651
0.005749
0.005854
0.006065
0.007088
0.001493
0.008617
0.009025
0.008375
0.006593
0.009925
0.001337
0.004539
0.003971
0.005595
0.004328
0.006838
0.004327
0.000800
0.000051
0.008160
0.005053
0.006676
0.002047
0.003104
0.007539
0.003997
0.000623
0.008185
0.007533
0.000128
0.006836
0.003282
0.005973
0.002901
0.000370
0.007456
0.001517
0.009385
0.005832
0.008100
0.009310
0.007159
0.002639
0.003282
0.002755
0.006957
0.000120
0.007072
0.007748
0.000161
0.005232
0.002800
0.006827
0.007269
0.005894
0.004366
0.001266
0.006507
0.002551
0.008789
0.006625
0.009377
0.002071
0.002598
0.002278
0.002430
0.000055
0.003785
0.001816
0.005876
0.001886
0.001126
0.003036
0.004515
0.004397
0.005780
0.001472
0.004507
0.002852
0.009210
0.004658
0.008074
0.002010
0.001484
0.005343
0.007894
0.005840
0.006599
0.004401
0.008381
0.005389
0.001027
0.007758
0.007449
0.003615
0.000036
0.009870
0.003660
0.003811
0.001685
0.009526
0.005687
0.002801
0.002562
0.000202
0.007189
0.008332
0.001664
0.001696
0.001184
0.000874
0.006343
0.009248
0.002874
0.007818
0.004591
0.000768
0.003657
0.001191
0.005159
0.002038
0.006569
0.006176
0.009786
0.004019
0.009781
0.009812
0.003889
0.003441
0.003623
0.005564
0.002967
0.009300
0.008356
0.005519
0.009491
0.005544
0.003851
0.001155
0.007230
0.005025
0.002019
0.003573
0.004273
0.004883
0.001391
0.008854
0.005641
0.005038
0.000045
0.000800
0.007067
0.006604
0.006966
0.006853
0.000623
0.006747
0.006665
0.004502
0.000187
0.000288
0.000066
0.003144
0.009578
0.008412
0.008653
0.009070
0.003956
0.002504
0.000225
0.001186
0.007519
0.002234
0.004749
0.001791
0.007107
0.006130
0.000645
0.002747
0.001168
0.000680
0.003537
0.008224
0.007274
0.000503
0.005077
0.007887
0.007239
0.001742
0.002389
0.007416
0.002021
0.002445
0.000561
0.001599
0.000857
0.009204
0.000668
0.004803
0.001708
0.000883
0.005978
0.009216
0.003107
0.000727
0.001008
0.000214
0.006847
0.001643
0.002952
0.008005
0.002313
0.006479
0.006229
0.009578
0.006971
0.001306
0.007465
0.004210
0.003039
0.009844
0.001626
0.005050
0.002289
0.002177
0.006638
0.003135
0.001381
0.007297
0.007928
0.003079
0.008170
0.003906
0.002295
0.001278
0.004623
0.003293
0.001482
0.001470
0.004926
0.004423
0.009465
0.007230
0.000902
0.005694
0.006808
0.007863
0.006991
0.004272
0.002073
0.000029
0.004116
0.003690
0.005069
0.006395
0.005857
0.001707
0.009521
0.007228
0.008994
0.007449
0.000307
0.007164
0.001355
0.002592
0.008432
0.005968
0.005875
0.009904
0.007429
0.000801
0.004327
0.006894
0.008021
0.005219
0.002588
0.004829
0.003082
0.009568
0.009091
0.005146
0.009588
0.003208
0.008825
0.004657
0.009593
0.004682
0.006354
0.009113
0.001910
0.005348
0.006562
0.002207
0.002512
0.007907
0.004789
0.000944
0.003875
0.000664
0.000848
0.001304
0.001456
0.005165
0.008187
0.009467
0.000385
0.000775
0.004296
0.003457
0.000343
0.003387
0.008593
0.009921
0.006585
0.007419
0.004578
0.006178
0.002101
0.000931
0.005291
0.004001
0.006269
0.001853
0.006198
0.008772
0.009750
0.000988
0.009706
0.003625
0.001642
0.000554
0.004918
0.003088
0.005709
0.003105
0.002555
0.006084
0.003870
0.006841
0.009532
0.004203
0.000228
0.008125
0.004124
0.006803
0.005543
0.008692
0.002981
0.007634
0.009613
0.008262
0.001636
0.005883
0.000114
0.007824
0.004654
0.009854
0.008802
0.004360
0.003479
0.000443
0.004904
0.008387
0.003521
0.000613
0.001492
0.006066
0.006687
0.005352
0.002907
0.006219
0.009546
0.003125
0.004344
0.003670
0.009918
0.009877
0.002362
0.002899
0.007511
0.001976
0.001160
0.009137
0.007848
0.001265
0.006961
0.002502
0.001119
0.005762
0.006852
0.004587
0.006196
0.001756
0.002974
0.009707
0.002359
0.004456
0.005773
0.009037
0.009799
0.008670
0.005256
0.009345
0.001795
0.009590
0.003015
0.001713
0.009467
0.005367
0.004601
0.006978
0.007333
0.005751
0.006115
0.005181
0.007006
0.003076
0.007673
0.008115
0.008828
0.004526
0.002702
0.005024
0.006272
0.005666
0.004731
0.008621
0.000123
0.000504
0.007658
0.009912
0.009164
0.002914
0.009257
0.000959
0.002503
0.002272
0.002661
0.001970
0.007629
0.007253
0.008938
0.004961
0.003004
0.005053
0.000142
0.000010
0.008119
0.007806
0.008115
0.006948
0.002331
0.000817
0.001972
0.008593
0.006473
0.006693
0.007214
0.006586
0.007187
0.004872
0.006498
0.006350
0.007776
0.005755
0.007299
0.000279
0.008016
0.009950
0.002239
0.005645
0.007203
0.001177
0.000606
0.000207
0.006220
0.000739
0.000207
0.004340
0.008534
0.008312
0.001287
0.000865
0.009119
0.003249
0.009448
0.005593
0.009932
0.006663
0.002179
0.007118
0.001535
0.008667
0.003469
0.009300
0.004422
0.000768
0.009569
0.002438
0.000718
0.001808
0.008073
0.007911
0.002975
0.008669
0.008108
0.009186
0.009398
0.008305
0.003525
0.007932
0.006617
0.004803
0.008787
0.005736
0.008042
0.008236
0.001329
0.007973
0.004898
0.003497
0.005092
0.006423
0.002165
0.008550
0.005723
0.006576
0.009308
0.005292
0.009004
0.000026
0.007090
0.007076
0.007927
0.000066
0.005745
0.006035
0.009241
0.005143
0.004340
0.002766
0.003075
0.000957
0.007559
0.001862
0.006683
0.005600
0.000098
0.008001
0.003574
0.004986
0.001499
0.008655
0.001409
0.003653
0.007206
0.007122
0.000229
0.006514
0.002414
0.009223
0.006530
0.009495
0.006299
0.004457
0.009550
0.002045
0.000492
0.008791
0.007178
0.004822
0.001558
0.000252
0.005768
0.009106
0.002104
0.002451
0.004707
0.002192
0.000452
0.008271
0.007168
0.001940
0.006926
0.008566
0.005584
0.004132
0.005688
0.005803
0.000646
0.008093
0.005026
0.007167
0.007587
0.001325
0.001624
0.007138
0.003360
0.002106
0.005929
0.000538
0.006918
0.007476
0.000780
0.002686
0.006583
0.002874
0.005127
0.001290
0.005056
0.005569
0.009550
0.002224
0.007500
0.006476
0.000790
0.003083
0.000608
0.006468
0.008876
0.001245
0.004561
0.003902
0.008401
0.002149
0.005217
0.000025
0.009276
0.008567
0.002121
0.005205
0.009094
0.009029
0.002681
0.009864
0.001715
0.009254
0.002738
0.006833
0.000544
0.007784
0.002402
0.000094
0.009998
0.009891
0.006561
0.000788
0.002974
0.007159
0.007246
0.001850
0.008394
0.001808
0.005742
0.006795
0.003946
0.000958
0.006810
0.003222
0.009515
0.008921
0.008417
0.008609
0.007950
0.001099
0.008474
0.009655
0.000353
0.001212
0.006488
0.000886
0.008986
0.008880
0.000971
0.008984
0.008771
0.007521
0.009762
0.001745
0.004680
0.007008
0.003585
0.003074
0.008806
0.009317
0.009859
0.002752
0.000275
0.006668
0.005965
0.009780
0.005589
0.004382
0.008390
0.003539
0.005471
0.006863
0.003195
0.005813
0.008065
0.009673
0.006690
0.007052
0.008553
0.007650
0.006036
0.007323
0.005171
0.005798
0.009059
0.009841
0.002806
0.002644
0.002915
0.001612
0.001961
0.002774
0.004354
0.002226
0.009432
0.000319
0.002006
0.005022
0.004691
0.000396
0.008551
0.000162
0.007249
0.001746
0.005965
0.005314
0.001419
0.002654
0.002366
0.009962
0.000304
0.008391
0.007285
0.005466
0.004189
0.006344
0.005307
0.006985
0.008977
0.008212
0.008588
0.000938
0.000986
0.002942
0.003154
0.000418
0.003251
0.005150
0.005430
0.007932
0.005535
0.003981
0.008084
0.002784
0.005717
0.004049
0.008088
0.007126
0.006693
0.000454
0.007088
0.006987
0.008835
0.004373
0.002453
0.003024
0.000716
0.007750
0.010000
0.009684
0.005963
0.008587
0.000622
0.006939
0.001529
0.003766
0.007347
0.004770
0.008906
0.002777
0.002703
0.004441
0.006748
0.000787
0.007215
0.002465
0.004825
0.005303
0.009581
0.001518
0.005747
0.006669
0.008496
0.004582
0.001041
0.000949
0.007596
0.001748
0.008689
0.007596
0.001432
0.004652
0.006183
0.002044
0.001590
0.007702
0.005799
0.008927
0.002472
0.004705
0.001704
0.005165
0.009136
0.008442
0.005942
0.006351
0.000907
0.000767
0.001654
0.000488
0.002275
0.007391
0.007147
0.000771
0.001973
0.008179
0.001710
0.009559
0.009916
0.000399
0.007155
0.001348
0.005041
0.003338
0.003382
0.006621
0.001040
0.009171
0.005548
0.003503
0.003876
0.007242
0.008658
0.003012
0.005684
0.004600
0.009353
0.006582
0.005356
0.001007
0.007060
0.007622
0.008388
0.004207
0.008383
0.000361
0.002385
0.000092
0.009911
0.002302
0.000481
0.007066
0.003640
0.005512
0.000404
0.007012
0.002133
0.001435
0.006183
0.007671
0.004927
0.000059
0.004913
0.003585
0.003061
0.000598
0.008175
0.002414
0.007169
0.003531
0.003411
0.004229
0.001153
0.001799
0.008426
0.009525
0.002150
0.000811
0.009608
0.002061
0.003103
0.000089
0.009117
0.006733
0.005591
0.009511
0.003745
0.007714
0.000946
0.009917
0.005385
0.005863
0.009966
0.000298
0.009438
0.003027
0.000886
0.007613
0.005430
0.008045
0.001144
0.008831
0.002274
0.002287
0.000630
0.000700
0.001812
0.002770
0.001501
0.001420
0.004821
0.004594
0.001499
0.003938
0.001327
0.007080
0.003449
0.005062
0.004794
0.004384
0.004979
0.000179
0.000247
0.004945
0.000467
0.009675
0.007962
0.001342
0.007288
0.003393
0.009377
0.008422
0.002224
0.001651
0.000709
0.002843
0.002341
0.002510
0.005603
0.003831
0.003920
0.000424
0.008415
0.005409
0.004351
0.009732
0.002488
0.007790
0.004793
0.007272
0.002174
0.009762
0.007441
0.002411
0.004708
0.007897
0.002087
0.002670
0.009230
0.009365
0.006053
0.008607
0.007787
0.008266
0.000258
0.008485
0.001110
0.002588
0.000996
0.006703
0.006410
0.004906
0.007116
0.004825
0.000314
0.001467
0.004557
0.002793
0.009247
0.009340
0.000065
0.001421
0.009103
0.007495
0.003823
0.003810
0.005392
0.005899
0.006470
0.004622
0.005264
0.002523
0.003229
0.003051
0.000789
0.003477
0.001536
0.001889
0.006055
0.002522
0.008582
0.002464
0.007418
0.005698
0.007279
0.007722
0.007155
0.001836
0.000515
0.006402
0.001176
0.000569
0.007813
0.000278
0.008055
0.001636
0.004079
0.003447
0.007525
0.000549
0.008059
0.002789
0.003062
0.001288
0.005830
0.003841
0.004755
0.007356
0.005720
0.000809
0.009868
0.004302
0.003264
0.007286
0.009990
0.000543
0.005008
0.007145
0.002368
0.005513
0.003547
0.003534
0.006072
0.001361
0.003802
0.004127
0.002987
0.007871
0.007564
0.000512
0.008410
0.005623
0.003291
0.001472
0.006901
0.009111
0.005303
0.001656
0.006468
0.001023
0.002455
0.006336
0.005315
0.005709
0.003622
0.005305
0.006241
0.008620
0.002450
0.008600
0.004132
0.005987
0.002133
0.000205
0.007338
0.005925
0.004322
0.000325
0.003796
0.001886
0.000826
0.002206
0.007499
0.004108
0.003668
0.004400
0.003219
0.008961
0.006046
0.009677
0.009974
0.008492
0.006012
0.005289
0.004200
0.009624
0.000594
0.000442
0.008244
0.003034
0.009032
0.002376
0.009011
0.001165
0.002571
0.006349
0.007080
0.006882
0.006663
0.000877
0.008758
0.007480
0.003073
0.006257
0.001588
0.006730
0.000658
0.004797
0.005691
0.006694
0.004473
0.005665
0.005186
0.000486
0.000954
0.009376
0.000110
0.001538
0.009808
0.008343
0.004562
0.008840
0.000719
0.003573
0.009994
0.003280
0.009912
0.007075
0.000162
0.006576
0.007942
0.008910
0.004056
0.001014
0.005167
0.005633
0.007734
0.005815
0.000430
0.003425
0.002509
0.004894
0.009080
0.007684
0.005369
0.000034
0.007061
0.005469
0.001562
0.006869
0.003812
0.006114
0.005708
0.004521
0.009678
0.005702
0.007790
0.009590
0.002777
0.007942
0.006166
0.000719
0.006852
0.000222
0.001723
0.002020
0.005845
0.009447
0.007825
0.006265
0.002872
0.000333
0.001159
0.001952
0.008008
0.006518
0.001976
0.005068
0.001987
0.003528
0.001937
0.005788
0.009632
0.007635
0.000309
0.009310
0.003337
0.008089
0.008900
0.006105
0.006032
0.005066
0.006814
0.002884
0.005277
0.008527
0.004894
0.001123
0.007975
0.002718
0.007378
0.000847
0.003041
0.008527
0.002789
0.001049
0.005045
0.004755
0.006108
0.007021
0.008273
0.008035
0.002810
0.007905
0.005670
0.003109
0.007215
0.008997
0.001198
0.006115
0.005102
0.007220
0.001181
0.001916
0.000104
0.006448
0.000443
0.004987
0.007560
0.008408
0.007695
0.004938
0.009245
0.000737
0.003465
0.002034
0.001776
0.008500
0.006780
0.007874
0.005521
0.005053
0.005909
0.008320
0.002958
0.001579
0.001429
0.000173
0.000576
0.002617
0.006278
0.005668
0.009827
0.007449
0.007574
0.009920
0.003897
0.008008
0.004907
0.001457
0.006416
0.002602
0.006386
0.005661
0.003329
0.009841
0.007685
0.005095
0.008340
0.004464
0.002969
0.003861
0.009507
0.008868
0.002182
0.002465
0.000447
0.003601
0.002629
0.001013
0.006208
0.008897
0.006671
0.006034
0.006346
0.004245
0.005955
0.000243
0.002253
0.000862
0.001690
0.008659
0.003454
0.008066
0.004319
0.006774
0.007907
0.002004
0.001869
0.006247
0.006459
0.004828
0.000108
0.005966
0.003696
0.002280
0.008421
0.004132
0.005870
0.001050
0.005135
0.002078
0.009937
0.001806
0.008103
0.006282
0.006042
0.004057
0.006515
0.008285
0.004909
0.008195
0.006944
0.008354
0.006261
0.001263
0.005127
0.004168
0.003258
0.006986
0.000415
0.009706
0.001814
0.000513
0.005672
0.005499
0.002782
0.004093
0.009622
0.008643
0.005132
0.004757
0.000721
0.005069
0.006553
0.008813
0.001351
0.002595
0.002870
0.007857
0.000880
0.007769
0.006052
0.007814
0.006123
0.002313
0.009067
0.001250
0.006471
0.002324
0.008226
0.006876
0.002031
0.000039
0.007378
0.007692
0.005529
0.000161
0.001785
0.005150
0.008793
0.006907
0.009897
0.009504
0.001976
0.006451
0.008317
0.003318
0.009035
0.001187
0.001174
0.009905
0.008947
0.007216
0.007719
0.005070
0.009519
0.006786
0.006310
0.005990
0.009100
0.004536
0.002866
0.001130
0.004565
0.000244
0.008813
0.000094
0.000395
0.000598
0.005234
0.009178
0.007495
0.005131
0.008682
0.009461
0.001582
0.006999
0.002779
0.000617
0.008176
0.003943
0.000522
0.007123
0.001159
0.008231
0.002193
0.000678
0.005016
0.008493
0.006659
0.004116
0.003028
0.009515
0.005237
0.007583
0.009749
0.004050
0.007667
0.000144
0.004637
0.002901
0.009312
0.002132
0.008022
0.007994
0.001593
0.009594
0.004993
0.004362
0.000211
0.003169
0.008295
0.000723
0.000292
0.009444
0.008944
0.002475
0.000122
0.003961
0.000968
0.006771
0.008067
0.003986
0.006286
0.003304
0.001569
0.006035
0.007344
0.009226
0.006169
0.001981
0.002127
0.005481
0.004104
0.000149
0.003475
0.005687
0.009733
0.008458
0.000049
0.009934
0.001627
0.008334
0.000658
0.001909
0.007778
0.009592
0.004373
0.007890
0.003553
0.005331
0.004661
0.001620
0.009307
0.000947
0.004915
0.000877
0.006972
0.002258
0.000103
0.003141
0.004230
0.002220
0.008612
0.008323
0.002360
0.002087
0.004010
0.002093
0.000545
0.004049
0.002027
0.002162
0.002383
0.002675
0.004060
0.000161
0.002268
0.008424
0.008041
0.005811
0.003755
0.002702
0.007421
0.003062
0.003639
0.002336
0.003929
0.000611
0.004584
0.004022
0.003742
0.008804
0.006233
0.002354
0.007127
0.008582
0.004431
0.001138
0.000675
0.004966
0.005177
0.002692
0.007118
0.007550
0.005358
0.001178
0.007701
0.007615
0.009592
0.005742
0.003426
0.003347
0.008435
0.000848
0.006399
0.002074
0.003174
0.000328
0.002675
0.007748
0.004340
0.006407
0.006552
0.000572
0.008751
0.003680
0.009145
0.003182
0.004807
0.009810
0.008138
0.009974
0.002502
0.005256
0.007524
0.007850
0.006423
0.005225
0.005465
0.006015
0.000967
0.008882
0.009352
0.009392
0.009719
0.005750
0.001465
0.002893
0.006068
0.004130
0.000641
0.000408
0.000537
0.007184
0.000970
0.009277
0.000863
0.000115
0.002459
0.005661
0.009914
0.000597
0.005635
0.002417
0.005842
0.003159
0.000266
0.002266
0.008374
0.005722
0.008271
0.009331
0.004604
0.007623
0.008723
0.004323
0.003373
0.000188
0.007206
0.009431
0.004309
0.007837
0.009829
0.004835
0.005021
0.000800
0.004112
0.005874
0.000904
0.006561
0.001535
0.000819
0.007148
0.007160
0.003225
0.002990
0.000318
0.003482
0.005246
0.008682
0.009194
0.003517
0.008013
0.003797
0.001140
0.006736
0.008110
0.004503
0.006915
0.005316
0.003934
0.001223
0.003154
0.003763
0.006048
0.008165
0.004553
0.000161
0.004040
0.005447
0.006712
0.005565
0.006256
0.003860
0.002724
0.009472
0.006841
0.003033
0.002954
0.002087
0.001715
0.002147
0.005594
0.009718
0.005935
0.006724
0.006455
0.004045
0.001227
0.003369
0.009352
0.005151
0.004582
0.002505
0.008904
0.000631
0.000670
0.003457
0.000782
0.004700
0.008895
0.007484
0.000265
0.005151
0.001344
0.002979
0.004623
0.008175
0.006002
0.007566
0.000262
0.007707
0.009704
0.005846
0.007426
0.005638
0.002570
0.003881
0.009674
0.003787
0.007240
0.009025
0.008928
0.001822
0.001531
0.007832
0.002443
0.002191
0.001290
0.003215
0.006881
0.000185
0.000699
0.007136
0.005326
0.002033
0.000115
0.009938
0.000207
0.006107
0.007505
0.000459
0.003814
0.007208
0.006295
0.001240
0.002847
0.008855
0.005111
0.002520
0.002641
0.002350
0.001545
0.001569
0.004163
0.003066
0.009392
0.006596
0.005247
0.000682
0.009801
0.002128
0.000856
0.000499
0.009254
0.006172
0.002522
0.009358
0.006110
0.002719
0.005465
0.003615
0.003168
0.009270
0.000823
0.009453
0.000510
0.003660
0.008307
0.005610
0.006170
0.000949
0.007951
0.007706
0.002508
0.002113
0.000772
0.001900
0.008699
0.006009
0.002572
0.008500
0.008126
0.003418
0.008989
0.007380
0.009580
0.001511
0.006738
0.005690
0.004220
0.002204
0.009295
0.007378
0.001473
0.000118
0.006830
0.001973
0.003768
0.005138
0.007573
0.009928
0.006076
0.005524
0.007634
0.008574
0.007627
0.008396
0.000474
0.006326
0.004404
0.003036
0.004826
0.002531
0.006444
0.003815
0.009901
0.006023
0.005316
0.006639
0.001713
0.009527
0.008833
0.001008
0.006904
0.000306
0.001116
0.003735
0.002269
0.004873
0.008863
0.009832
0.004802
0.004939
0.005355
0.002436
0.003513
0.002982
0.000831
0.003977
0.009298
0.005225
0.007003
0.004124
0.007746
0.003447
0.007930
0.007647
0.009460
0.003246
0.004286
0.001174
0.002773
0.003118
0.002172
0.009667
0.003414
0.003277
0.003402
0.005673
0.008141
0.002265
0.005505
0.002942
0.007194
0.000860
0.005368
0.000707
0.003833
0.006189
0.004674
0.003131
0.001414
0.001677
0.007245
0.009150
0.005114
0.005175
0.006797
0.004574
0.008411
0.001082
0.005738
0.001184
0.004191
0.007900
0.000851
0.007595
0.001177
0.004243
0.003268
0.009307
0.006498
0.008763
0.002250
0.003692
0.009614
0.007607
0.004388
0.003446
0.003796
0.009052
0.006567
0.005200
0.000729
0.003812
0.004350
0.005833
0.008977
0.001147
0.000408
0.007388
0.002219
0.006136
0.008562
0.006400
0.004035
0.009403
0.003995
0.005202
0.003646
0.007253
0.004509
0.000144
0.006017
0.006749
0.003826
0.005630
0.004356
0.008204
0.009067
0.008142
0.007256
0.005634
0.003342
0.007976
0.009436
0.007683
0.003809
0.008413
0.008820
0.004207
0.005801
0.001039
0.000343
0.004363
0.007429
0.004368
0.003766
0.001423
0.009560
0.007402
0.008667
0.004069
0.007537
0.004683
0.000818
0.001362
0.000314
0.005164
0.009557
0.009370
0.003306
0.006813
0.005004
0.006639
0.004789
0.004440
0.004321
0.008588
0.002853
0.003141
0.002795
0.008644
0.004170
0.003127
0.003007
0.001598
0.007485
0.006763
0.003012
0.007045
0.004166
0.001679
0.001115
0.001702
0.006352
0.001923
0.003055
0.006656
0.007077
0.002611
0.006026
0.000383
0.009414
0.001030
0.007012
0.004203
0.005461
0.001333
0.002791
0.008304
0.004464
0.005575
0.006948
0.008624
0.008693
0.009946
0.000223
0.006178
0.006709
0.003225
0.003223
0.000875
0.004893
0.004328
0.002567
0.001245
0.006241
0.005611
0.007891
0.003317
0.008212
0.003917
0.003690
0.007626
0.004937
0.000702
0.001829
0.000398
0.002025
0.004610
0.008692
0.006480
0.000185
0.005640
0.005104
0.008868
0.005586
0.005317
0.005046
0.002295
0.008531
0.008259
0.003159
0.003425
0.002587
0.005716
0.004660
0.008818
0.001328
0.002550
0.002135
0.009530
0.006457
0.005815
0.007157
0.001394
0.006507
0.008976
0.001782
0.008523
0.003585
0.000474
0.005003
0.003760
0.006104
0.000107
0.002628
0.001690
0.005413
0.007664
0.003975
0.003945
0.005923
0.007124
0.007359
0.008500
0.002840
0.002019
0.007317
0.004158
0.004559
0.009442
0.003688
0.001017
0.005257
0.000844
0.002401
0.001765
0.009810
0.004173
0.000287
0.003395
0.004637
0.005280
0.007145
0.000741
0.005376
0.009763
0.002421
0.000790
0.007427
0.006386
0.004724
0.003349
0.003510
0.002083
0.001849
0.006340
0.004092
0.009156
0.000498
0.008642
0.008598
0.004175
0.009648
0.003855
0.005010
0.002049
0.005610
0.004820
0.006212
0.005887
0.008205
0.000850
0.001167
0.005350
0.001581
0.006533
0.005113
0.003992
0.007313
0.002540
0.000378
0.002037
0.005879
0.003878
0.004111
0.007718
0.000217
0.008193
0.006874
0.000705
0.006835
0.005473
0.004870
0.006483
0.009318
0.009870
0.008522
0.004928
0.004690
0.004734
0.000815
0.002894
0.005574
0.001972
0.008234
0.007145
0.008495
0.003347
0.001137
0.005808
0.005877
0.001505
0.007836
0.001757
0.005373
0.001946
0.009465
0.005580
0.000139
0.006339
0.006275
0.006964
0.001812
0.001146
0.003447
0.001130
0.001016
0.001969
0.006048
0.005695
0.006693
0.006853
0.008580
0.002267
0.008815
0.006814
0.009402
0.007310
0.000161
0.000539
0.003118
0.006029
0.002034
0.000954
0.007775
0.007397
0.002890
0.007240
0.002977
0.003020
0.003579
0.009243
0.009974
0.005381
0.000388
0.003421
0.006501
0.001394
0.005379
0.002549
0.007080
0.002072
0.009391
0.005659
0.004329
0.008206
0.002473
0.003731
0.005516
0.002624
0.004260
0.008625
0.008643
0.006284
0.009568
0.006418
0.003681
0.002459
0.003658
0.006648
0.005468
0.007228
0.005890
0.005442
0.002609
0.006269
0.008853
0.009100
0.007653
0.004232
0.001649
0.004733
0.006294
0.001041
0.000392
0.000623
0.009237
0.002854
0.004344
0.004753
0.005469
0.008593
0.003377
0.004112
0.004877
0.002946
0.000530
0.008547
0.005395
0.004178
0.005195
0.000863
0.001406
0.001086
0.006295
0.004006
0.007344
0.005148
0.003106
0.004997
0.009370
0.004745
0.009720
0.005664
0.005775
0.000112
0.006277
0.005012
0.002956
0.000621
0.009755
0.008415
0.009204
0.003132
0.002526
0.004081
0.006068
0.003046
0.002628
0.001463
0.007215
0.007813
0.002316
0.008611
0.008888
0.008601
0.002617
0.006233
0.003749
0.005713
0.001230
0.003119
0.000457
0.000950
0.008773
0.006223
0.001052
0.005050
0.001235
0.003998
0.005660
0.000990
0.002413
0.004864
0.004112
0.004929
0.008934
0.000180
0.007966
0.001562
0.001633
0.005180
0.009365
0.003938
0.003791
0.008254
0.002539
0.006398
0.004487
0.006278
0.002111
0.005707
0.009387
0.002558
0.006647
0.008159
0.008771
0.007689
0.003209
0.009996
0.001687
0.008859
0.000985
0.004090
0.003723
0.005087
0.009009
0.002657
0.005257
0.006974
0.004210
0.006880
0.002155
0.003575
0.000818
0.005936
0.001828
0.003347
0.002334
0.006305
0.009615
0.004435
0.002012
0.009001
0.006983
0.008649
0.007161
0.005754
0.006338
0.000370
0.005749
0.008015
0.009219
0.006724
0.002104
0.002941
0.001812
0.001113
0.005589
0.007059
0.008077
0.009788
0.003939
0.000232
0.003363
0.004747
0.006158
0.005181
0.008084
0.008482
0.001486
0.007698
0.002917
0.003488
0.006700
0.009890
0.002137
0.003860
0.005643
0.008464
0.004220
0.001392
0.006479
0.003438
0.008107
0.008573
0.006370
0.009909
0.009676
0.001959
0.006967
0.007753
0.001747
0.000906
0.007975
0.005100
0.005643
0.004133
0.000281
0.003726
0.002616
0.001757
0.001425
0.005523
0.005235
0.008114
0.005412
0.007362
0.001974
0.001055
0.005826
0.006184
0.002438
0.002304
0.009612
0.000544
0.000877
0.005982
0.000453
0.000553
0.007931
0.007410
0.008296
0.009668
0.008306
0.006272
0.004767
0.003949
0.000405
0.005039
0.007665
0.003011
0.006786
0.009080
0.008523
0.002021
0.007194
0.003935
0.009373
0.009158
0.004981
0.005199
0.005343
0.007408
0.007493
0.004955
0.007942
0.008360
0.000937
0.008385
0.008903
0.008858
0.005796
0.007200
0.008526
0.004102
0.003471
0.003293
0.008041
0.003867
0.008322
0.005706
0.006867
0.005108
0.004786
0.005390
0.007119
0.001980
0.009316
0.006491
0.001139
0.004296
0.001690
0.006472
0.001704
0.009173
0.001427
0.009637
0.007533
0.002354
0.008022
0.006437
0.001212
0.003817
0.003636
0.009728
0.007909
0.007098
0.003021
0.005950
0.000964
0.001343
0.001657
0.007821
0.006441
0.006433
0.003212
0.003559
0.008404
0.002527
0.000051
0.009533
0.006813
0.001731
0.006004
0.008508
0.000904
0.007421
0.008144
0.008427
0.009765
0.006166
0.004864
0.000977
0.009973
0.008490
0.000705
0.007883
0.005588
0.003716
0.003833
0.006542
0.005049
0.005480
0.004364
0.001490
0.001914
0.007565
0.005039
0.000317
0.000093
0.005080
0.009840
0.006896
0.006801
0.005844
0.005404
0.007695
0.003265
0.003548
0.006121
0.003030
0.009704
0.000985
0.003997
0.009677
0.009465
0.004692
0.007560
0.005053
0.008398
0.001393
0.001595
0.003447
0.006864
0.005949
0.004926
0.008767
0.003514
0.009955
0.009074
0.003597
0.005035
0.008914
0.000493
0.001836
0.004759
0.005886
0.009520
0.008014
0.009424
0.005642
0.001044
0.009128
0.006617
0.005031
0.008805
0.006082
0.009712
0.006365
0.001135
0.008110
0.007748
0.002720
0.001557
0.004611
0.008658
0.006473
0.003379
0.002172
0.006428
0.002453
0.005759
0.001463
0.001367
0.006242
0.003289
0.006116
0.002128
0.002810
0.004130
0.001552
0.008441
0.005164
0.000679
0.005058
0.000194
0.009474
0.001140
0.009897
0.005838
0.002265
0.008007
0.003586
0.004975
0.009554
0.008188
0.003633
0.006027
0.001566
0.005795
0.002455
0.004009
0.001554
0.003909
0.005367
0.007786
0.007188
0.001483
0.009904
0.009988
0.005603
0.001455
0.008429
0.000766
0.002124
0.003487
0.000951
0.001598
0.004618
0.000847
0.007426
0.006872
0.008844
0.001012
0.001847
0.008398
0.009190
0.005470
0.004425
0.000756
0.001265
0.006870
0.004755
0.002809
0.000779
0.000122
0.000595
0.007957
0.001594
0.000499
0.007944
0.007187
0.001944
0.006373
0.007943
0.004058
0.009851
0.008884
0.005646
0.004468
0.009721
0.003072
0.001341
0.008566
0.004074
0.003178
0.006963
0.003264
0.008638
0.001388
0.004010
0.009893
0.008248
0.008755
0.002702
0.009017
0.008867
0.003287
0.006973
0.000462
0.003776
0.004918
0.007639
0.005710
0.001291
0.005582
0.009758
0.001142
0.004466
0.005404
0.005600
0.004188
0.008466
0.006931
0.002753
0.002540
0.000109
0.009706
0.005794
0.008736
0.001095
0.009794
0.008629
0.009332
0.008550
0.001332
0.008349
0.007417
0.004609
0.005322
0.007869
0.008375
0.000240
0.005507
0.004085
0.001521
0.001089
0.003843
0.002653
0.005545
0.009236
0.008243
0.009723
0.007702
0.005174
0.002476
0.000242
0.005272
0.002182
0.006026
0.004009
0.003267
0.005820
0.002638
0.002599
0.004370
0.003959
0.000949
0.001787
0.008559
0.006261
0.009646
0.006934
0.006491
0.005153
0.001019
0.008002
0.006232
0.004852
0.000655
0.001777
0.004088
0.008888
0.001500
0.001790
0.004061
0.003966
0.002022
0.009323
0.006138
0.008037
0.003332
0.009395
0.003858
0.005960
0.001994
0.008218
0.009909
0.002933
0.009995
0.008468
0.009184
0.009641
0.005402
0.005675
0.004793
0.006410
0.003677
0.001025
0.001262
0.004322
0.002792
0.005340
0.003209
0.004282
0.007120
0.007260
0.008238
0.009131
0.006584
0.004376
0.007169
0.009906
0.003771
0.001026
0.005865
0.005756
0.009234
0.005775
0.008679
0.009229
0.004242
0.007863
0.008870
0.009634
0.003538
0.003663
0.006044
0.007205
0.004678
0.007296
0.001526
0.007460
0.002636
0.004725
0.001742
0.009745
0.001986
0.009970
0.008877
0.008559
0.004347
0.006045
0.008465
0.008108
0.007062
0.004330
0.003864
0.006296
0.000105
0.002543
0.005525
0.004337
0.000406
0.004395
0.003971
0.003933
0.008047
0.000015
0.001138
0.002725
0.007301
0.002654
0.000186
0.009927
0.007370
0.001918
0.009672
0.009345
0.001888
0.008549
0.007905
0.006225
0.004594
0.006370
0.004333
0.001656
0.000700
0.008187
0.007942
0.000795
0.000730
0.003467
0.005122
0.001125
0.007852
0.009083
0.005048
0.005899
0.009088
0.006176
0.008614
0.006389
0.008820
0.008790
0.006316
0.006190
0.000708
0.005989
0.005535
0.002586
0.004538
0.003440
0.008801
0.009122
0.009800
0.003134
0.000778
0.000500
0.001321
0.008710
0.001285
0.002040
0.002177
0.006397
0.003156
0.000029
0.005480
0.008194
0.005918
0.004568
0.004370
0.004532
0.000958
0.003191
0.003322
0.007264
0.009371
0.004020
0.003253
0.004906
0.006595
0.007780
0.008336
0.005396
0.006902
0.008136
0.008520
0.007671
0.008625
0.009831
0.006381
0.009900
0.001872
0.008548
0.006297
0.005017
0.008567
0.001777
0.003211
0.004485
0.006335
0.007572
0.009007
0.007283
0.000762
0.002329
0.004547
0.000133
0.006339
0.007789
0.005029
0.002934
0.005570
0.003365
0.008321
0.002472
0.001500
0.006841
0.000143
0.000126
0.006672
0.006514
0.000026
0.008534
0.005062
0.006313
0.003551
0.003630
0.008080
0.006752
0.008105
0.004415
0.004324
0.007112
0.001698
0.005076
0.009431
0.006234
0.005199
0.005770
0.004024
0.000228
0.008694
0.009583
0.003583
0.007015
0.002055
0.005073
0.003856
0.002188
0.005189
0.000528
0.008692
0.005205
0.009051
0.003754
0.001518
0.002602
0.007374
0.009588
0.009344
0.005478
0.004002
0.003668
0.002591
0.005690
0.008734
0.002022
0.001924
0.003934
0.007782
0.005938
0.004152
0.006476
0.005521
0.007725
0.003491
0.007567
0.002799
0.007337
0.009745
0.007978
0.007854
0.008437
0.003183
0.006906
0.002191
0.004691
0.009498
0.009554
0.004278
0.008842
0.005033
0.008271
0.002509
0.007613
0.003961
0.001244
0.009625
0.005875
0.005167
0.007407
0.001813
0.009309
0.003883
0.007325
0.007034
0.007364
0.004891
0.009823
0.004701
0.004636
0.007800
0.002556
0.003073
0.000983
0.009451
0.005254
0.005664
0.008949
0.004808
0.009932
0.007791
0.009831
0.008203
0.000300
0.007445
0.002164
0.001533
0.007070
0.008029
0.006691
0.004477
0.009832
0.006000
0.008350
0.007156
0.003034
0.005715
0.002048
0.002856
0.000416
0.006674
0.000656
0.002962
0.009737
0.001630
0.002413
0.004991
0.007284
0.001362
0.009790
0.007216
0.009142
0.009621
0.005419
0.009432
0.007065
0.007573
0.000966
0.004135
0.005601
0.007647
0.008602
0.005433
0.003646
0.006953
0.002590
0.006670
0.002668
0.004627
0.009516
0.003074
0.001302
0.000172
0.006025
0.001039
0.001792
0.008428
0.006020
0.009066
0.009780
0.005810
0.006282
0.008923
0.005431
0.001700
0.008355
0.002496
0.009263
0.009311
0.006621
0.004864
0.006958
0.005223
0.000298
0.000604
0.002176
0.002877
0.007264
0.004834
0.007495
0.006780
0.007897
0.008786
0.006942
0.003923
0.009815
0.008724
0.002351
0.005835
0.007790
0.002131
0.001645
0.004071
0.001054
0.007065
0.005762
0.009399
0.009551
0.005025
0.008711
0.006172
0.009879
0.005668
0.001396
0.000176
0.006262
0.003562
0.003044
0.003526
0.008386
0.000538
0.000305
0.006283
0.009314
0.007237
0.000205
0.009129
0.005961
0.002546
0.004964
0.003751
0.004667
0.006599
0.007812
0.005711
0.003664
0.003574
0.005111
0.003216
0.008588
0.003821
0.009378
0.008467
0.009480
0.000774
0.008634
0.005742
0.004326
0.001677
0.009257
0.002711
0.002205
0.009552
0.008984
0.001520
0.006790
0.009179
0.000649
0.002751
0.001726
0.005604
0.006492
0.006383
0.002203
0.004304
0.002094
0.005857
0.007867
0.007195
0.009063
0.006456
0.001017
0.008441
0.004923
0.000496
0.009205
0.003556
0.006228
0.003530
0.005224
0.005485
0.006232
0.007419
0.005038
0.005216
0.008929
0.001827
0.004395
0.009568
0.004568
0.006111
0.005172
0.001059
0.002494
0.007364
0.005353
0.004578
0.003221
0.003220
0.001773
0.002284
0.009666
0.002780
0.000725
0.004589
0.003266
0.009920
0.008135
0.009484
0.003450
0.003359
0.004969
0.009672
0.000778
0.009996
0.004888
0.009696
0.001823
0.009273
0.009264
0.006381
0.005384
0.004436
0.007430
0.007867
0.001800
0.002784
0.002445
0.005012
0.005994
0.004209
0.007286
0.005660
0.006979
0.008001
0.000248
0.000244
0.007921
0.008373
0.009718
0.001371
0.001732
0.004687
0.001043
0.002500
0.004683
0.005921
0.002196
0.006496
0.005195
0.001461
0.002878
0.000578
0.005887
0.000308
0.008436
0.007677
0.003082
0.000881
0.002688
0.009065
0.005080
0.009964
0.004725
0.002059
0.007965
0.004964
0.002293
0.005886
0.003337
0.002011
0.007248
0.005059
0.006688
0.008281
0.007549
0.001371
0.004202
0.009735
0.007858
0.009387
0.001196
0.000735
0.009955
0.007072
0.001033
0.008391
0.004749
0.004105
0.009263
0.007427
0.003170
0.004343
0.007391
0.007885
0.006391
0.005357
0.002849
0.008674
0.001243
0.006176
0.000685
0.008480
0.001235
0.007363
0.006761
0.008774
0.008724
0.000964
0.008509
0.006582
0.000351
0.009694
0.007307
0.000306
0.006766
0.008330
0.008687
0.001515
0.002435
0.007950
0.008932
0.005596
0.002293
0.006324
0.003481
0.008674
0.001681
0.006320
0.007348
0.002913
0.002496
0.008023
0.001394
0.003721
0.005386
0.008145
0.002495
0.004110
0.009099
0.001004
0.000693
0.009440
0.000698
0.007990
0.009736
0.007455
0.006320
0.008424
0.008960
0.008746
0.006374
0.007892
0.004341
0.008656
0.004216
0.007812
0.007330
0.005887
0.004132
0.004677
0.008790
0.006618
0.002700
0.000184
0.000339
0.008076
0.008319
0.002824
0.002186
0.007418
0.003818
0.002869
0.006858
0.004506
0.000859
0.006594
0.001961
0.007169
0.005017
0.000921
0.005915
0.001391
0.008803
0.000256
0.000047
0.003019
0.008058
0.007367
0.008896
0.002190
0.002044
0.007686
0.008798
0.004734
0.007859
0.009127
0.002810
0.006179
0.001951
0.004986
0.003596
0.005760
0.007845
0.000454
0.000266
0.008694
0.007038
0.002217
0.005863
0.002056
0.003127
0.001778
0.003436
0.001930
0.002024
0.003473
0.004939
0.000081
0.000840
0.003835
0.002261
0.002874
0.001520
0.001059
0.007598
0.009370
0.000186
0.000408
0.005548
0.002128
0.005384
0.009135
0.007877
0.003229
0.009579
0.008133
0.001924
0.006617
0.000350
0.007777
0.008663
0.003467
0.009545
0.002099
0.005387
0.001568
0.005563
0.000326
0.001640
0.006393
0.004151
0.003891
0.009257
0.005661
0.004940
0.006855
0.005031
0.005116
0.007252
0.000579
0.007234
0.002636
0.009704
0.005111
0.005856
0.009283
0.003244
0.007769
0.005900
0.003584
0.005546
0.004563
0.007040
0.005091
0.006652
0.002427
0.006649
0.002215
0.002743
0.008279
0.008598
0.006884
0.002169
0.007854
0.002545
0.007099
0.004709
0.007566
0.002215
0.001961
0.008135
0.009439
0.004588
0.007839
0.004549
0.000444
0.007122
0.007783
0.008203
0.003022
0.001367
0.003749
0.007575
0.008397
0.008830
0.004227
0.000825
0.005479
0.006431
0.003558
0.003758
0.005029
0.000442
0.005917
0.002883
0.002977
0.003016
0.007582
0.000542
0.005221
0.009534
0.008667
0.004660
0.004122
0.006506
0.009199
0.004555
0.003627
0.006983
0.002759
0.006639
0.008340
0.006498
0.004213
0.006737
0.005328
0.008430
0.007552
0.000808
0.004862
0.001110
0.004556
0.009880
0.001542
0.000473
0.002764
0.004508
0.003479
0.000346
0.005041
0.008690
0.009870
0.003708
0.003350
0.003992
0.000213
0.002549
0.008537
0.003831
0.009522
0.001296
0.000470
0.007861
0.007784
0.004673
0.004598
0.003112
0.003103
0.002150
0.003910
0.007955
0.003249
0.008456
0.007835
0.004781
0.008919
0.000599
0.009279
0.002398
0.000935
0.004320
0.001088
0.000805
0.008018
0.004428
0.004787
0.008221
0.006967
0.003324
0.002052
0.006489
0.004610
0.002512
0.004350
0.002395
0.007175
0.008938
0.005497
0.000278
0.001088
0.009397
0.008222
0.004327
0.007853
0.006057
0.009098
0.006772
0.006646
0.008377
0.009160
0.007572
0.002697
0.000249
0.008367
0.000715
0.004667
0.003154
0.008927
0.001634
0.006468
0.000979
0.008113
0.001079
0.003480
0.002463
0.003463
0.000655
0.001401
0.008950
0.000923
0.002479
0.008348
0.009135
0.006796
0.006201
0.005192
0.005894
0.002973
0.001839
0.004271
0.002133
0.009400
0.006958
0.002372
0.007767
0.007664
0.007028
0.000921
0.006590
0.008653
0.007380
0.007559
0.006766
0.008448
0.001040
0.009219
0.001912
0.001685
0.000620
0.000862
0.002597
0.003089
0.009200
0.001732
0.009874
0.005401
0.006914
0.005768
0.008363
0.008743
0.000039
0.000496
0.008143
0.006987
0.002858
0.005910
0.004651
0.009876
0.006821
0.001241
0.008529
0.004201
0.008790
0.005295
0.002649
0.009820
0.004513
0.004551
0.001504
0.005123
0.005404
0.004091
0.008202
0.004604
0.005813
0.008076
0.009994
0.002728
0.003844
0.008358
0.001471
0.003873
0.008844
0.009604
0.000860
0.001702
0.005515
0.005500
0.001579
0.002336
0.006731
0.000108
0.006527
0.005521
0.005392
0.009166
0.005341
0.009896
0.003718
0.006835
0.005019
0.009112
0.000926
0.003221
0.003715
0.006730
0.001297
0.003710
0.009448
0.005131
0.002068
0.000919
0.008994
0.000912
0.000523
0.009844
0.002604
0.006028
0.005344
0.004173
0.008354
0.002075
0.004271
0.004881
0.007587
0.009653
0.004047
0.002928
0.009549
0.007755
0.009753
0.004569
0.006866
0.000679
0.007780
0.000582
0.007399
0.009067
0.004281
0.006847
0.004198
0.006339
0.007756
0.003192
0.007241
0.008269
0.003036
0.009835
0.004297
0.008370
0.004009
0.002650
0.000445
0.008270
0.007521
0.008022
0.007923
0.001568
0.000950
0.007472
0.009313
0.000702
0.002041
0.006179
0.001372
0.009811
0.006751
0.008761
0.008878
0.001032
0.005608
0.003076
0.007361
0.003364
0.006258
0.004602
0.001633
0.009284
0.004438
0.005919
0.007654
0.008436
0.008560
0.008089
0.006706
0.006081
0.006111
0.004629
0.007639
0.007051
0.002101
0.006952
0.007743
0.004132
0.003131
0.009105
0.003943
0.009873
0.007866
0.002821
0.000905
0.003474
0.005887
0.008256
0.006828
0.002145
0.002859
