0.004972
0.008468
0.001043
0.008496
0.004458
0.008967
0.009388
0.007077
0.004315
0.008564
0.008326
0.002132
0.004161
0.001347
0.003022
0.007107
0.005173
0.002444
0.006365
0.009995
0.007754
0.005859
0.005432
0.007603
0.009899
0.003204
0.009869
0.009904
0.006599
0.001566
0.004449
0.001571
0.000034
0.005482
0.000067
0.004482
0.004449
0.009445
0.001559
0.008753
0.008009
0.009875
0.000886
0.002170
0.001222
0.003898
0.009267
0.006385
0.006331
0.005631
0.006380
0.004085
0.001491
0.001811
0.001689
0.001390
0.005005
0.001557
0.001295
0.001604
0.003113
0.005733
0.003164
0.003137
0.001215
0.003221
0.007609
0.005654
0.002666
0.009158
0.004407
0.000675
0.009034
0.005283
0.002835
0.000256
0.009171
0.002102
0.006630
0.005502
0.007723
0.003010
0.009577
0.009204
0.004811
0.001266
0.000594
0.009806
0.002813
0.001879
0.001410
0.005916
0.007602
0.004564
0.009043
0.008807
0.007776
0.006652
0.004461
0.000442
0.005811
0.008858
0.001107
0.004844
0.004140
0.003932
0.005090
0.003311
0.006024
0.001720
0.008803
0.003747
0.004720
0.008380
0.002951
0.009522
0.009636
0.003535
0.009328
0.002448
0.005404
0.000737
0.008354
0.003006
0.005292
0.007397
0.001813
0.003067
0.004049
0.006263
0.003499
0.009850
0.005121
0.004596
0.004694
0.009251
0.008517
0.009774
0.002562
0.004541
0.001494
0.001365
0.008278
0.006204
0.009735
0.001229
0.005726
0.009371
0.004755
0.005053
0.001819
0.000158
0.005781
0.000174
0.003154
0.001072
0.007561
0.004957
0.004130
0.001611
0.001221
0.007619
0.001461
0.006332
0.002214
0.006145
0.005583
0.000732
0.005919
0.008136
0.005263
0.007403
0.009491
0.003541
0.003607
0.009226
0.004761
0.009323
0.008597
0.009505
0.004377
0.000417
0.009654
0.000157
0.000581
0.002808
0.001220
0.008132
0.007755
0.005339
0.009733
0.008966
0.002958
0.001193
0.005298
0.005162
0.007328
0.000881
0.005884
0.003247
0.009007
0.001147
0.000650
0.008498
0.004678
0.004247
0.007724
0.009429
0.003570
0.006321
0.008934
0.007936
0.006728
0.008588
0.008084
0.007299
0.001396
0.009293
0.005431
0.009141
0.004633
0.005163
0.008107
0.007581
0.006347
0.003405
0.002743
0.003675
0.004276
0.008617
0.006912
0.003283
0.009755
0.007551
0.001781
0.004433
0.001798
0.009495
0.003862
0.005358
0.005816
0.002796
0.003294
0.002544
0.001384
0.001378
0.009833
0.002769
0.000671
0.005263
0.001910
0.005294
0.000426
0.000017
0.002875
0.006763
0.003412
0.005608
0.000438
0.007679
0.004226
0.007339
0.000962
0.003980
0.004891
0.002733
0.008403
0.006679
0.002228
0.002265
0.002037
0.008034
0.005051
0.005321
0.000578
0.006425
0.006688
0.000410
0.009184
0.007350
0.005663
0.001094
0.002644
0.006080
0.001101
0.005508
0.002843
0.004504
0.001117
0.003270
0.002183
0.005332
0.000610
0.003135
0.009302
0.005491
0.005858
0.007706
0.002169
0.008075
0.009961
0.004196
0.006109
0.005012
0.009506
0.006677
0.001437
0.006195
0.007077
0.000621
0.003545
0.002741
0.001706
0.006178
0.008810
0.002797
0.001687
0.001653
0.007291
0.002793
0.004913
0.009464
0.008115
0.005513
0.002598
0.007418
0.001003
0.008446
0.005123
0.003163
0.006521
0.005084
0.007348
0.002630
0.000096
0.006855
0.009297
0.001523
0.003050
0.006374
0.002135
0.006584
0.009105
0.003831
0.002763
0.007915
0.006618
0.004439
0.009558
0.003909
0.007222
0.004471
0.003373
0.005338
0.009973
0.005961
0.002755
0.000977
0.004407
0.007869
0.004129
0.000928
0.002952
0.001478
0.003548
0.003039
0.008323
0.002845
0.004552
0.001373
0.009209
0.006677
0.007947
0.008313
0.000508
0.000710
0.006228
0.007116
0.005139
0.005786
0.001025
0.002361
0.000256
0.004387
0.007689
0.000230
0.000348
0.000445
0.001196
0.004745
0.008303
0.005316
0.005662
0.001256
0.006784
0.009200
0.004284
0.005107
0.002045
0.008826
0.006469
0.001253
0.005503
0.004417
0.009557
0.006001
0.005116
0.005785
0.003116
0.000255
0.001570
0.004131
0.002607
0.001817
0.008508
0.000296
0.002036
0.008847
0.000730
0.003223
0.003591
0.009024
0.008529
0.009244
0.000279
0.005313
0.008444
0.004553
0.000419
0.000489
0.003380
0.006879
0.001732
0.008873
0.001295
0.001289
0.004873
0.006402
0.007063
0.007980
0.006647
0.008624
0.002111
0.009243
0.000441
0.000619
0.009529
0.002467
0.009456
0.000260
0.005680
0.003047
0.009273
0.004209
0.002291
0.009543
0.009512
0.000735
0.004096
0.009921
0.001213
0.007465
0.006800
0.002935
0.006338
0.008085
0.004214
0.001212
0.004486
0.001277
0.009182
0.001133
0.009891
0.001293
0.000377
0.000332
0.001902
0.009896
0.002789
0.001358
0.000156
0.008459
0.004396
0.009419
0.002668
0.006677
0.008961
0.002180
0.007402
0.003057
0.002101
0.008605
0.000523
0.008890
0.001540
0.006851
0.006975
0.005744
0.008052
0.001462
0.007012
0.007234
0.002585
0.006903
0.008516
0.002952
0.007225
0.000418
0.002847
0.000014
0.001767
0.002993
0.008464
0.006152
0.002412
0.001132
0.002829
0.001373
0.003302
0.000230
0.004421
0.005393
0.008825
0.004933
0.004283
0.000366
0.001784
0.001258
0.006100
0.009826
0.002710
0.003112
0.007060
0.005285
0.000015
0.005577
0.008227
0.007230
0.005985
0.001074
0.007234
0.007742
0.004057
0.005698
0.003894
0.006459
0.006820
0.006713
0.007822
0.000121
0.006933
0.002243
0.005504
0.005758
0.007166
0.009777
0.006114
0.008940
0.001035
0.002213
0.008766
0.003735
0.005315
0.005827
0.009011
0.005320
0.001403
0.007237
0.002550
0.007378
0.008301
0.009774
0.005120
0.002359
0.005472
0.009004
0.008807
0.002291
0.005716
0.006629
0.002403
0.002649
0.008862
0.007896
0.008397
0.006028
0.007673
0.004511
0.004968
0.008698
0.006714
0.003735
0.002434
0.002029
0.009551
0.001444
0.007339
0.000954
0.008672
0.009879
0.008322
0.006973
0.009653
0.003442
0.009322
0.005124
0.002446
0.008129
0.007405
0.008152
0.004759
0.009798
0.000801
0.003621
0.007694
0.009189
0.009639
0.005368
0.003700
0.004607
0.004066
0.000414
0.008332
0.006490
0.002434
0.007883
0.007924
0.009763
0.008827
0.006596
0.009642
0.007149
0.003569
0.009294
0.000592
0.002891
0.004418
0.003027
0.001020
0.001824
0.001179
0.005769
0.001622
0.001971
0.009380
0.009306
0.001160
0.009019
0.004674
0.004849
0.003626
0.008730
0.005254
0.001958
0.005220
0.007677
0.009831
0.003144
0.007440
0.008658
0.009730
0.007082
0.005807
0.003300
0.006376
0.006389
0.006181
0.000794
0.009406
0.007192
0.002608
0.000586
0.002961
0.004220
0.002547
0.002341
0.003527
0.003696
0.001360
0.008191
0.008536
0.004976
0.006921
0.003789
0.006924
0.002141
0.001466
0.006755
0.005275
0.008896
0.005413
0.005006
0.005978
0.001220
0.008296
0.002354
0.007599
0.004477
0.003138
0.007006
0.001669
0.005736
0.007581
0.004619
0.009946
0.000128
0.006950
0.003473
0.003814
0.008300
0.001664
0.002350
0.003276
0.008575
0.006129
0.000200
0.000716
0.007585
0.006945
0.005981
0.006481
0.002358
0.000987
0.002459
0.003568
0.009273
0.004803
0.001167
0.003750
0.007930
0.008163
0.005409
0.003666
0.005744
0.000028
0.003613
0.005862
0.006968
0.007076
0.009667
0.005268
0.008729
0.002017
0.008533
0.007304
0.008136
0.008723
0.008010
0.005721
0.005667
0.003992
0.002202
0.008015
0.004969
0.004651
0.001583
0.004242
0.009444
0.002740
0.007983
0.007374
0.000903
0.003391
0.001041
0.006637
0.003409
0.004643
0.002500
0.000378
0.001719
0.002167
0.005635
0.000449
0.004173
0.004169
0.007743
0.002309
0.002891
0.005753
0.008020
0.008549
0.009735
0.000222
0.006564
0.004704
0.004863
0.008136
0.008936
0.004307
0.000877
0.006919
0.001681
0.001770
0.000310
0.002712
0.008397
0.003710
0.007346
0.000897
0.004077
0.009055
0.003054
0.009702
0.009493
0.007217
0.003871
0.007236
0.009516
0.006753
0.002990
0.007535
0.005301
0.002724
0.007747
0.001865
0.007418
0.002610
0.009991
0.006355
0.006908
0.000868
0.003273
0.008579
0.002628
0.003573
0.001291
0.001025
0.007273
0.008627
0.001912
0.001350
0.007682
0.004955
0.001053
0.007175
0.002172
0.004914
0.004412
0.001688
0.001666
0.007391
0.009213
0.006958
0.000116
0.006960
0.008813
0.007524
0.009561
0.008804
0.003879
0.006468
0.009662
0.007142
0.005047
0.002290
0.000716
0.006329
0.003304
0.007979
0.004956
0.005206
0.009319
0.002638
0.000162
0.000372
0.009803
0.002324
0.005276
0.004215
0.004001
0.006932
0.001607
0.003214
0.003890
0.001712
0.000175
0.002702
0.009227
0.009726
0.001506
0.003106
0.006194
0.001168
0.000248
0.001241
0.003448
0.000954
0.007560
0.006742
0.008923
0.002516
0.001948
0.008242
0.005144
0.002100
0.008604
0.004947
0.004414
0.003880
0.009152
0.008405
0.000812
0.000759
0.001619
0.004691
0.002461
0.001784
0.007383
0.001688
0.001510
0.008879
0.004784
0.007694
0.000048
0.005022
0.008925
0.003485
0.005966
0.006486
0.000228
0.004889
0.008992
0.002166
0.003131
0.004136
0.004256
0.001735
0.009073
0.008659
0.005605
0.008226
0.007064
0.006407
0.008975
0.008674
0.001098
0.001436
0.000458
0.008472
0.003114
0.001958
0.007351
0.007888
0.009642
0.007389
0.002911
0.008567
0.000874
0.008867
0.005053
0.001091
0.003756
0.004044
0.003247
0.006877
0.008170
0.007493
0.008603
0.007243
0.006153
0.004208
0.005469
0.003217
0.000615
0.004444
0.001891
0.001703
0.005870
0.002339
0.000175
0.008974
0.004287
0.007516
0.006862
0.003928
0.004904
0.009763
0.002495
0.005768
0.008630
0.007538
0.006850
0.002386
0.001582
0.000097
0.009253
0.009742
0.007581
0.007856
0.006985
0.003734
0.002064
0.002454
0.006941
0.002669
0.006888
0.008822
0.004362
0.002758
0.001161
0.004526
0.001732
0.005437
0.002042
0.008584
0.009356
0.006937
0.008347
0.001851
0.002705
0.006977
0.009379
0.009545
0.009353
0.000961
0.009632
0.008606
0.000703
0.007213
0.006462
0.007678
0.000947
0.008515
0.000133
0.007878
0.001184
0.007011
0.006699
0.005536
0.009758
0.007850
0.000062
0.001490
0.003287
0.002094
0.000074
0.002643
0.009021
0.008412
0.004484
0.001726
0.005389
0.003862
0.001271
0.004742
0.004813
0.000904
0.003348
0.005506
0.008107
0.009799
0.003185
0.009044
0.008315
0.003308
0.006921
0.009489
0.000318
0.003621
0.005024
0.000076
0.001470
0.005076
0.001557
0.004748
0.007161
0.001621
0.007380
0.006182
0.000033
0.001864
0.007898
0.005412
0.005716
0.009159
0.000153
0.000530
0.000063
0.003491
0.006026
0.008160
0.003290
0.009201
0.007203
0.001605
0.002508
0.004125
0.001093
0.002817
0.007735
0.006108
0.002883
0.009195
0.001184
0.004430
0.003943
0.008335
0.006041
0.001323
0.004516
0.006063
0.003177
0.002414
0.001475
0.008884
0.001573
0.001618
0.009404
0.001626
0.005099
0.005430
0.009776
0.008379
0.004631
0.006979
0.009974
0.007129
0.001103
0.001067
0.009936
0.008829
0.007164
0.002819
0.008024
0.008338
0.007239
0.001967
0.006673
0.003279
0.003280
0.001189
0.009333
0.006448
0.003594
0.000808
0.005332
0.005157
0.002416
0.004735
0.006773
0.007505
0.000165
0.006549
0.005884
0.004786
0.003528
0.005858
0.001915
0.004621
0.006915
0.001851
0.003450
0.004079
0.004660
0.001474
0.002417
0.001899
0.003431
0.009080
0.005168
0.006701
0.000269
0.004501
0.003149
0.003853
0.005299
0.008471
0.009000
0.007706
0.003206
0.005773
0.005211
0.003361
0.002322
0.001095
0.008137
0.005840
0.006943
0.000053
0.000461
0.003858
0.001894
0.003901
0.007927
0.006544
0.005364
0.000344
0.008433
0.008785
0.009414
0.003601
0.005486
0.009673
0.008092
0.008625
0.003526
0.003392
0.007096
0.002527
0.001097
0.000302
0.008290
0.006298
0.003653
0.000612
0.007384
0.001790
0.006442
0.004327
0.001833
0.006893
0.008175
0.003717
0.000793
0.006102
0.000260
0.006148
0.006436
0.008683
0.004933
0.005850
0.002284
0.000419
0.005523
0.000377
0.009035
0.009040
0.003759
0.006131
0.001566
0.004846
0.006423
0.009846
0.001144
0.000076
0.000458
0.008518
0.001856
0.006890
0.002845
0.003679
0.003782
0.001020
0.007386
0.004566
0.007112
0.007636
0.000713
0.003548
0.006319
0.005636
0.009388
0.008594
0.006046
0.004911
0.008960
0.005081
0.003951
0.002719
0.001212
0.005508
0.007555
0.007624
0.005354
0.008689
0.007690
0.005802
0.007207
0.009537
0.002691
0.000052
0.003216
0.006464
0.001062
0.000601
0.001029
0.008164
0.008228
0.001732
0.001712
0.004547
0.007359
0.001100
0.003140
0.003405
0.006002
0.002101
0.008475
0.009943
0.004810
0.009677
0.005451
0.002365
0.007302
0.000805
0.001054
0.004992
0.006596
0.008251
0.004529
0.009278
0.008293
0.007735
0.005742
0.009345
0.008326
0.006761
0.007510
0.006554
0.008483
0.009212
0.001101
0.005842
0.000312
0.004231
0.009237
0.006304
0.006322
0.007712
0.006247
0.001132
0.007389
0.001698
0.003486
0.004691
0.002492
0.004530
0.009673
0.009079
0.002781
0.004202
0.008357
0.001074
0.001937
0.004098
0.000420
0.000263
0.000859
0.007919
0.006807
0.009332
0.007131
0.007897
0.005174
0.007433
0.002128
0.004411
0.003737
0.008440
0.002123
0.009974
0.009561
0.009503
0.001672
0.003048
0.004194
0.004154
0.007568
0.003867
0.003233
0.000349
0.008059
0.001590
0.001413
0.009986
0.005678
0.001823
0.000248
0.006527
0.009732
0.007045
0.005859
0.006863
0.004942
0.001033
0.004297
0.007060
0.005434
0.008024
0.005500
0.007547
0.007998
0.005061
0.007049
0.009660
0.008099
0.001243
0.003814
0.005667
0.005100
0.007037
0.006006
0.003159
0.008617
0.007409
0.003144
0.004294
0.009222
0.003383
0.000821
0.008954
0.000427
0.006670
0.005817
0.005359
0.007692
0.000114
0.002419
0.003126
0.008128
0.007909
0.000673
0.006126
0.002970
0.007712
0.005786
0.001069
0.008945
0.009590
0.006726
0.004045
0.006627
0.002732
0.007194
0.005244
0.000141
0.000338
0.009528
0.009353
0.003710
0.000349
0.008307
0.004128
0.007009
0.004124
0.009477
0.004701
0.004229
0.001897
0.007817
0.002357
0.009796
0.008479
0.008473
0.002766
0.006191
0.004260
0.003825
0.005136
0.003850
0.000551
0.009171
0.000477
0.003273
0.006365
0.005712
0.003404
0.006693
0.005240
0.002757
0.000403
0.005579
0.001064
0.004521
0.002588
0.005178
0.003999
0.007279
0.009397
0.005885
0.005096
0.001754
0.005681
0.003575
0.000227
0.008437
0.009757
0.004477
0.002262
0.004893
0.008316
0.002804
0.004065
0.008784
0.006067
0.000430
0.004496
0.009461
0.007112
0.009725
0.002218
0.007506
0.005305
0.003272
0.002027
0.007883
0.008441
0.006016
0.005162
0.007838
0.001901
0.000257
0.009582
0.007572
0.003823
0.009799
0.006009
0.003580
0.004275
0.008261
0.008463
0.002592
0.001064
0.002527
0.001376
0.007121
0.002947
0.005861
0.006582
0.000060
0.005587
0.008791
0.007555
0.000891
0.002063
0.009572
0.008764
0.000503
0.005588
0.003925
0.008331
0.007479
0.004173
0.007913
0.005050
0.007985
0.007712
0.001059
0.001565
0.001987
0.009310
0.000028
0.004568
0.000374
0.002545
0.005934
0.007485
0.005482
0.001795
0.004068
0.005532
0.007371
0.002858
0.003087
0.008253
0.004911
0.002660
0.007016
0.005404
0.008238
0.000941
0.003736
0.005717
0.005104
0.001649
0.000767
0.003090
0.009350
0.001816
0.004645
0.001337
0.001126
0.004663
0.005895
0.001490
0.007198
0.001829
0.008965
0.002680
0.003614
0.003032
0.008202
0.000985
0.005881
0.001290
0.009228
0.000791
0.003940
0.006244
0.006186
0.002178
0.007176
0.009911
0.007884
0.002280
0.001560
0.008641
0.005359
0.000910
0.000457
0.009994
0.002237
0.001572
0.004657
0.008122
0.003052
0.001854
0.009941
0.002017
0.004525
0.003555
0.005039
0.002727
0.004530
0.000920
0.004007
0.003758
0.001701
0.007937
0.009992
0.007877
0.000114
0.007168
0.007788
0.007988
0.009438
0.009338
0.006629
0.004797
0.000248
0.007076
0.004791
0.002475
0.008639
0.009438
0.000596
0.001691
0.001292
0.000537
0.003698
0.005807
0.004081
0.008727
0.008524
0.008601
0.009637
0.002531
0.002359
0.001339
0.000468
0.002351
0.009206
0.000572
0.009509
0.006994
0.008551
0.008947
0.006332
0.005180
0.003744
0.006570
0.002256
0.008525
0.009035
0.000895
0.007963
0.009621
0.002576
0.009245
0.000158
0.006264
0.005053
0.004229
0.004992
0.003577
0.002831
0.004629
0.006098
0.005180
0.005958
0.006556
0.007521
0.005164
0.007118
0.007030
0.002158
0.005669
0.005977
0.008480
0.000849
0.009711
0.005051
0.003096
0.008236
0.004085
0.003981
0.006198
0.003706
0.006547
0.005444
0.003854
0.002812
0.000496
0.008073
0.007794
0.004063
0.000904
0.002423
0.000161
0.006073
0.008371
0.006708
0.003594
0.003535
0.003826
0.000625
0.005683
0.009485
0.006591
0.004164
0.000334
0.006302
0.009204
0.003420
0.004537
0.003289
0.007391
0.000736
0.006986
0.003938
0.006170
0.000840
0.006740
0.006656
0.008903
0.004534
0.000719
0.009796
0.006947
0.000871
0.005870
0.005318
0.007568
0.009454
0.008843
0.001395
0.000079
0.004526
0.000880
0.006660
0.008680
0.001204
0.002962
0.007884
0.004614
0.007490
0.001174
0.002005
0.008215
0.008149
0.005934
0.004385
0.008979
0.002674
0.001041
0.007881
0.007198
0.001750
0.007678
0.004145
0.002611
0.003548
0.009452
0.000180
0.003002
0.008295
0.001564
0.003071
0.002822
0.002434
0.009721
0.001502
0.003628
0.002684
0.009376
0.008233
0.000173
0.000550
0.000238
0.008379
0.008689
0.006162
0.002764
0.007668
0.008826
0.003795
0.005549
0.006024
0.005535
0.003227
0.000169
0.008137
0.006765
0.009611
0.008306
0.009757
0.007906
0.009860
0.002828
0.000728
0.002294
0.002550
0.002220
0.005913
0.005223
0.001596
0.004146
0.005386
0.002135
0.004374
0.003765
0.000824
0.000536
0.006518
0.008482
0.009352
0.000313
0.004031
0.005376
0.005838
0.007247
0.005535
0.003975
0.004012
0.005146
0.002281
0.003769
0.003052
0.002142
0.006587
0.003771
0.004426
0.009127
0.005980
0.000339
0.004350
0.007566
0.004475
0.009726
0.009691
0.008838
0.003491
0.000515
0.009365
0.009999
0.008987
0.008717
0.000312
0.003018
0.004093
0.006141
0.000265
0.009618
0.000115
0.004267
0.004764
0.002387
0.008026
0.007807
0.004518
0.004613
0.001577
0.008934
0.003740
0.007548
0.009263
0.008079
0.005114
0.003738
0.007805
0.004805
0.002576
0.001296
0.005311
0.001940
0.001295
0.004298
0.000657
0.001597
0.007305
0.004741
0.007728
0.007560
0.004359
0.007833
0.001827
0.009113
0.000220
0.009843
0.006920
0.004728
0.004456
0.008487
0.003662
0.008186
0.006035
0.002925
0.006266
0.001148
0.006652
0.004071
0.005943
0.009218
0.005357
0.001254
0.001159
0.006642
0.005541
0.001806
0.008229
0.002847
0.006536
0.005957
0.000407
0.000895
0.003790
0.002224
0.009998
0.003999
0.002067
0.006918
0.008717
0.006514
0.005405
0.002378
0.004700
0.001440
0.005293
0.000966
0.002578
0.001945
0.005027
0.008511
0.001163
0.000384
0.009755
0.002312
0.007016
0.005297
0.004108
0.005245
0.008133
0.000644
0.001202
0.008530
0.001529
0.004981
0.000754
0.001527
0.008970
0.002811
0.008436
0.007687
0.009314
0.003841
0.000065
0.004014
0.005271
0.005348
0.004970
0.007839
0.007284
0.009987
0.006350
0.008437
0.000370
0.006105
0.000748
0.007376
0.001402
0.004846
0.002621
0.009525
0.005480
0.003813
0.008055
0.006999
0.008784
0.008799
0.008517
0.007755
0.001609
0.006952
0.005442
0.000924
0.000793
0.005497
0.004928
0.006054
0.000846
0.009888
0.003892
0.008119
0.009874
0.000243
0.006556
0.000245
0.006338
0.007294
0.007611
0.007730
0.002140
0.000232
0.007255
0.007610
0.004035
0.005310
0.004609
0.002819
0.004109
0.003126
0.000573
0.005708
0.000078
0.006005
0.006622
0.000861
0.001502
0.001550
0.006905
0.002338
0.001437
0.000797
0.000457
0.001312
0.001030
0.007003
0.001546
0.007358
0.004297
0.009147
0.005088
0.006428
0.009369
0.002343
0.004038
0.003404
0.007643
0.008637
0.006213
0.001752
0.001763
0.006776
0.007450
0.001831
0.002781
0.004071
0.002682
0.004273
0.005611
0.009577
0.006601
0.007038
0.000374
0.007048
0.008340
0.001394
0.004051
0.009876
0.008742
0.008338
0.009023
0.003830
0.004765
0.008391
0.006163
0.008793
0.001795
0.003806
0.007430
0.007998
0.005547
0.009183
0.004773
0.002997
0.001014
0.007544
0.007058
0.003686
0.001817
0.002669
0.003262
0.008408
0.009697
0.003626
0.005456
0.008036
0.005010
0.009497
0.007912
0.003752
0.007834
0.006934
0.007571
0.002600
0.005326
0.003734
0.001393
0.007111
0.007529
0.008813
0.005108
0.003077
0.007995
0.009872
0.006063
0.008999
0.007416
0.003121
0.002685
0.009224
0.005780
0.005937
0.007632
0.005477
0.009553
0.003088
0.003513
0.004564
0.002585
0.001425
0.008305
0.000419
0.008349
0.005877
0.003009
0.003675
0.009601
0.004391
0.000785
0.007130
0.003204
0.005884
0.000207
0.001199
0.005755
0.006260
0.000198
0.003171
0.009372
0.002873
0.002395
0.005152
0.008800
0.000027
0.000628
0.008354
0.003105
0.004131
0.002917
0.005680
0.005546
0.001223
0.006089
0.003895
0.007089
0.009087
0.007559
0.006690
0.003478
0.008335
0.003820
0.006672
0.004219
0.004017
0.007861
0.009964
0.000277
0.008049
0.003135
0.009638
0.000923
0.005520
0.004790
0.009713
0.005537
0.005408
0.008067
0.008632
0.009529
0.000984
0.004312
0.005075
0.002197
0.000400
0.008960
0.009277
0.009478
0.006519
0.005967
0.002956
0.004854
0.009777
0.009618
0.009062
0.003793
0.007479
0.009026
0.004060
0.005528
0.002162
0.003698
0.006441
0.007672
0.008478
0.006154
0.003210
0.003886
0.004221
0.001842
0.003416
0.005195
0.006144
0.008481
0.007382
0.006534
0.007440
0.006659
0.006012
0.003959
0.002626
0.008958
0.008803
0.002403
0.008575
0.007866
0.006186
0.006054
0.006892
0.000246
0.001582
0.009044
0.003934
0.008013
0.006716
0.002413
0.004166
0.009916
0.006289
0.008377
0.001758
0.009695
0.003572
0.007892
0.008176
0.000955
0.004427
0.005616
0.007604
0.000439
0.009565
0.000230
0.009386
0.008368
0.002622
0.007962
0.006234
0.008798
0.004015
0.003126
0.009034
0.005587
0.002170
0.002968
0.003600
0.008877
0.005371
0.007756
0.008793
0.001660
0.006133
0.000551
0.001355
0.009696
0.008433
0.009521
0.000650
0.002860
0.005137
0.008244
0.003289
0.004702
0.008464
0.002675
0.003070
0.001086
0.000637
0.009294
0.009874
0.004642
0.002421
0.008908
0.000230
0.004581
0.001876
0.003820
0.003458
0.007237
0.001576
0.002251
0.008887
0.007699
0.002792
0.000242
0.007395
0.001225
0.009753
0.008035
0.004075
0.004890
0.006279
0.007354
0.009582
0.004743
0.000030
0.002652
0.005818
0.000656
0.001947
0.005692
0.005289
0.004357
0.004600
0.005508
0.008928
0.006466
0.009318
0.002386
0.003703
0.000894
0.004627
0.002590
0.008583
0.007408
0.002823
0.005977
0.008624
0.002576
0.004012
0.002699
0.007456
0.000291
0.000053
0.007038
0.005023
0.000073
0.009680
0.000842
0.000719
0.001626
0.006524
0.005998
0.005974
0.001124
0.001506
0.004902
0.007580
0.000824
0.007278
0.001283
0.001708
0.001905
0.003863
0.000290
0.009303
0.006675
0.006258
0.007927
0.009241
0.000270
0.000626
0.006697
0.000551
0.000669
0.003734
0.005564
0.000732
0.003414
0.006396
0.001441
0.005030
0.002920
0.007429
0.001004
0.004034
0.008925
0.005896
0.001613
0.009739
0.003174
0.002886
0.001447
0.005069
0.006738
0.001727
0.004373
0.003414
0.007975
0.002300
0.002655
0.008234
0.002916
0.009342
0.008775
0.003575
0.003076
0.004339
0.004297
0.006480
0.000735
0.005728
0.001511
0.003645
0.003156
0.002504
0.007669
0.002081
0.008390
0.009272
0.001820
0.001564
0.002158
0.003257
0.006623
0.008886
0.004974
0.000996
0.002300
0.002949
0.003286
0.004945
0.001183
0.006191
0.004287
0.009948
0.009756
0.007353
0.004288
0.004053
0.003833
0.005013
0.009770
0.005334
0.008648
0.002927
0.007828
0.006316
0.004998
0.006218
0.005588
0.006808
0.007772
0.007736
0.000065
0.004396
0.006622
0.005029
0.005382
0.008911
0.007968
0.008657
0.003856
0.009141
0.004848
0.008133
0.009089
0.004604
0.005486
0.003377
0.008647
0.009309
0.008379
0.008417
0.004642
0.007027
0.001344
0.002470
0.003343
0.006332
0.008678
0.008921
0.003140
0.006451
0.006657
0.003195
0.000847
0.003279
0.008214
0.006219
0.002190
0.006181
0.004876
0.006036
0.005322
0.009714
0.004169
0.004412
0.004319
0.009645
0.007778
0.002966
0.008953
0.006158
0.001383
0.003596
0.003185
0.002717
0.006056
0.006518
0.009039
0.004734
0.005440
0.002179
0.001185
0.002096
0.005363
0.002022
0.005365
0.003577
0.008231
0.007545
0.009748
0.003106
0.003581
0.005070
0.002821
0.007740
0.009472
0.007129
0.007385
0.007250
0.000095
0.006338
0.003408
0.001469
0.009924
0.006583
0.004176
0.005979
0.003102
0.003215
0.000714
0.008531
0.005383
0.001889
0.000627
0.000747
0.003901
0.005982
0.004313
0.002132
0.003527
0.004061
0.005228
0.007099
0.009122
0.008039
0.004839
0.008594
0.005168
0.002224
0.005844
0.005253
0.008552
0.009242
0.006712
0.008475
0.005825
0.000888
0.004454
0.008917
0.004092
0.005158
0.007448
0.009466
0.007037
0.008065
0.000213
0.000938
0.004048
0.004516
0.003060
0.007565
0.008568
0.008278
0.004664
0.007689
0.006317
0.009492
0.006283
0.001485
0.001716
0.002127
0.006728
0.000267
0.001369
0.003440
0.008732
0.007184
0.004318
0.003187
0.006101
0.008401
0.008335
0.003548
0.007867
0.005372
0.001614
0.008069
0.006300
0.005651
0.002585
0.009350
0.003217
0.001153
0.007628
0.007870
0.008832
0.003945
0.007362
0.005115
0.005420
0.009068
0.007231
0.002148
0.009326
0.008590
0.005579
0.008058
0.005774
0.009887
0.001245
0.001874
0.008287
0.009570
0.005413
0.006154
0.004943
0.007017
0.004223
0.001243
0.002668
0.006798
0.000593
0.005875
0.007941
0.008211
0.003745
0.006773
0.002156
0.001107
0.001888
0.007566
0.000175
0.009109
0.009705
0.009491
0.007699
0.005283
0.007549
0.003472
0.005170
0.008784
0.005337
0.003458
0.008355
0.000749
0.009602
0.003297
0.007756
0.003825
0.004530
0.000424
0.000623
0.005113
0.006289
0.008554
0.003325
0.000033
0.005327
0.005471
0.001130
0.007205
0.003038
0.001296
0.006314
0.002742
0.000787
0.004012
0.008016
0.008326
0.007475
0.003186
0.007110
0.002811
0.006634
0.005465
0.003551
0.006236
0.008752
0.001307
0.000061
0.003283
0.001721
0.000674
0.008386
0.007999
0.009218
0.001711
0.008023
0.004545
0.007172
0.009143
0.001750
0.000209
0.000439
0.008054
0.002942
0.001216
0.002066
0.000957
0.009532
0.009531
0.004133
0.006642
0.002342
0.000767
0.002107
0.005883
0.006993
0.000860
0.007180
0.007043
0.004132
0.008891
0.007707
0.002518
0.006890
0.006925
0.004219
0.004913
0.001470
0.001391
0.004056
0.003210
0.001590
0.004484
0.001263
0.004522
0.005690
0.003319
0.005469
0.005222
0.002850
0.009593
0.001864
0.005182
0.000360
0.003962
0.001065
0.007343
0.004811
0.008235
0.004386
0.008934
0.007125
0.002093
0.001452
0.004015
0.009008
0.005661
0.008918
0.000478
0.007041
0.002973
0.003678
0.008622
0.007448
0.004931
0.003144
0.003138
0.008241
0.008603
0.008350
0.001091
0.008196
0.000214
0.006263
0.008545
0.004165
0.007318
0.005888
0.008967
0.005553
0.000274
0.007900
0.002678
0.002357
0.009342
0.006683
0.001365
0.005002
0.005601
0.001833
0.002044
0.008565
0.005501
0.000665
0.006013
0.000433
0.003799
0.009141
0.008663
0.002402
0.007490
0.009744
0.000597
0.007694
0.006007
0.009133
0.001859
0.003324
0.005021
0.000826
0.008867
0.005285
0.008716
0.001545
0.007632
0.008057
0.008218
0.008988
0.003060
0.003820
0.000821
0.005093
0.002385
0.006312
0.005749
0.008387
0.006735
0.009538
0.007528
0.005398
0.001940
0.005018
0.005142
0.002527
0.002712
0.001149
0.001660
0.004561
0.004463
0.006671
0.005377
0.003330
0.001956
0.004092
0.004865
0.009579
0.002150
0.003083
0.008566
0.005199
0.006893
0.009377
0.000293
0.009268
0.005689
0.006032
0.007655
0.002424
0.005570
0.005183
0.007812
0.007499
0.000201
0.002954
0.000026
0.002903
0.004093
0.001676
0.007454
0.008546
0.008338
0.002831
0.001875
0.000294
0.006913
0.006730
0.009862
0.009053
0.009803
0.008429
0.004253
0.006696
0.007806
0.004535
0.005964
0.003495
0.000567
0.003619
0.005909
0.006127
0.008792
0.003721
0.003626
0.008983
0.006665
0.003643
0.001886
0.000758
0.005309
0.009330
0.009294
0.003647
0.002161
0.001169
0.003931
0.009065
0.007890
0.003793
0.008118
0.007693
0.002222
0.002370
0.004389
0.000027
0.006896
0.000352
0.003512
0.007453
0.003961
0.009411
0.003580
0.002753
0.003133
0.007196
0.001736
0.009788
0.000839
0.003612
0.000546
0.006138
0.002942
0.009830
0.009775
0.005094
0.001000
0.003705
0.004158
0.008879
0.007488
0.002276
0.006572
0.009700
0.004636
0.000960
0.009717
0.001531
0.001303
0.003229
0.008974
0.005254
0.002641
0.002554
0.007997
0.005763
0.009740
0.009722
0.005551
0.000579
0.003334
0.006088
0.006706
0.006267
0.005918
0.006481
0.001360
0.006907
0.000186
0.005508
0.005787
0.007664
0.007774
0.002358
0.007364
0.002410
0.003309
0.007081
0.003931
0.004602
0.000310
0.002905
0.009845
0.002941
0.005449
0.007842
0.008694
0.005189
0.007564
0.004246
0.005758
0.000899
0.000333
0.002464
0.007155
0.006241
0.008935
0.008506
0.003149
0.009111
0.004014
0.008925
0.006775
0.001788
0.001283
0.004138
0.004188
0.004582
0.001219
0.008110
0.009174
0.001519
0.001015
0.009019
0.004450
0.006454
0.006861
0.003144
0.001643
0.004425
0.007379
0.007391
0.005314
0.007703
0.009845
0.002470
0.003944
0.008780
0.000975
0.007083
0.007891
0.004979
0.006008
0.004666
0.006758
0.007281
0.008794
0.000946
0.001863
0.000013
0.009046
0.001037
0.001522
0.000061
0.000056
0.005962
0.006505
0.006907
0.009095
0.008138
0.001332
0.006475
0.005530
0.006636
0.004177
0.005375
0.009096
0.008111
0.004155
0.000071
0.005194
0.002045
0.005041
0.001202
0.006701
0.001798
0.008473
0.005495
0.002735
0.000336
0.005498
0.001780
0.001363
0.007010
0.001831
0.001409
0.002971
0.008326
0.008306
0.002067
0.006465
0.009628
0.008531
0.001994
0.006264
0.002709
0.007359
0.005360
0.000820
0.001513
0.005421
0.006004
0.003549
0.000462
0.007196
0.000250
0.002250
0.005669
0.005735
0.004975
0.005995
0.001232
0.006746
0.007348
0.008232
0.008567
0.008747
0.001203
0.006893
0.007052
0.003260
0.003358
0.006680
0.001791
0.005342
0.002945
0.004490
0.002701
0.008295
0.005300
0.004205
0.003716
0.001305
0.007744
0.004168
0.008491
0.007983
0.006409
0.004159
0.003718
0.001384
0.000154
0.004940
0.008119
0.007492
0.003173
0.006686
0.006238
0.004366
0.003579
0.003290
0.007616
0.006927
0.009961
0.009397
0.002269
0.002905
0.003888
0.004961
0.001200
0.009178
0.009155
0.004906
0.000483
0.006899
0.009065
0.008963
0.004882
0.005473
0.003123
0.008590
0.006847
0.003267
0.003531
0.004966
0.000758
0.006693
0.001652
0.006987
0.001059
0.005221
0.000277
0.008665
0.002148
0.000238
0.008062
0.004407
0.003133
0.001950
0.009357
0.004323
0.001128
0.008513
0.009220
0.001601
0.005412
0.008284
0.000564
0.000294
0.003757
0.003676
0.008874
0.000604
0.006933
0.002405
0.005560
0.007681
0.009088
0.007201
0.004668
0.000147
0.002422
0.004935
0.008802
0.004560
0.005163
0.006864
0.008956
0.008286
0.008804
0.008314
0.002609
0.009922
0.006827
0.001829
0.001522
0.002239
0.000113
0.002076
0.002523
0.003860
0.005742
0.001397
0.004454
0.002675
0.003791
0.000014
0.000357
0.002879
0.007205
0.005015
0.003016
0.009617
0.009940
0.001817
0.004177
0.005102
0.008671
0.003133
0.003388
0.007475
0.001447
0.005987
0.007397
0.008264
0.007806
0.008909
0.000502
0.007909
0.000984
0.003015
0.001769
0.006717
0.004402
0.006213
0.009382
0.008183
0.006217
0.009729
0.001062
0.003422
0.004744
0.004068
0.003039
0.004683
0.005876
0.007206
0.009775
0.004547
0.000339
0.003163
0.002022
0.001776
0.009140
0.009409
0.000040
0.006946
0.008317
0.000533
0.004854
0.009292
0.003538
0.006613
0.006008
0.007930
0.002826
0.005391
0.006113
0.009033
0.005120
0.007165
0.002455
0.009853
0.001233
0.005484
0.004537
0.007099
0.002690
0.004312
0.001646
0.003019
0.007465
0.003658
0.004785
0.006605
0.003066
0.004816
0.003551
0.001383
0.005338
0.008396
0.000675
0.008866
0.005009
0.006673
0.006796
0.007825
0.002064
0.002909
0.006858
0.007174
0.000074
0.009302
0.007027
0.001297
0.004786
0.001564
0.008386
0.007466
0.005865
0.000032
0.000485
0.003331
0.003680
0.005260
0.009926
0.006736
0.000076
0.003477
0.008110
0.005404
0.001873
0.008775
0.004271
0.006872
0.005448
0.001066
0.004697
0.007502
0.003965
0.001554
0.004676
0.004029
0.000857
0.001703
0.005316
0.005633
0.003256
0.003702
0.003099
0.009112
0.003724
0.003574
0.002443
0.007393
0.008825
0.002369
0.004130
0.008891
0.005836
0.002239
0.004295
0.007699
0.001014
0.008556
0.004571
0.006452
0.009612
0.009258
0.003954
0.003577
0.000812
0.008620
0.007595
0.001659
0.000323
0.002911
0.007282
0.003570
0.006603
0.000382
0.002682
0.000326
0.003946
0.005114
0.007710
0.002770
0.007473
0.001839
0.001661
0.003309
0.004069
0.005946
0.001008
0.005073
0.004501
0.005569
0.001525
0.004113
0.004827
0.005469
0.007680
0.005629
0.004089
0.005275
0.007279
0.004403
0.008177
0.004561
0.007962
0.004779
0.004933
0.000644
0.005096
0.008869
0.005748
0.002806
0.001639
0.003221
0.004635
0.003290
0.006519
0.008694
0.009226
0.007517
0.003766
0.003728
0.003086
0.005281
0.007831
0.007903
0.000750
0.005511
0.003533
0.004829
0.000786
0.000811
0.009222
0.008953
0.005362
0.007184
0.003732
0.000295
0.007818
0.008818
0.009154
0.003566
0.001623
0.000793
0.006776
0.006248
0.004073
0.003296
0.004942
0.003299
0.000813
0.008698
0.007016
0.003889
0.003979
0.004847
0.001793
0.004719
0.000358
0.005315
0.009538
0.001134
0.006117
0.008760
0.000087
0.001479
0.005944
0.003809
0.001764
0.003761
0.002627
0.000918
0.007317
0.004241
0.001700
0.004093
0.000489
0.005763
0.007379
0.005421
0.009052
0.008182
0.004119
0.006068
0.002071
0.008089
0.000915
0.003854
0.002807
0.001263
0.009159
0.002346
0.002388
0.005275
0.001105
0.002465
0.006744
0.007039
0.006264
0.008498
0.000800
0.008881
0.009406
0.008107
0.003122
0.001106
0.002200
0.003601
0.006859
0.009569
0.009012
0.005911
0.007750
0.003132
0.001979
0.009811
0.001220
0.002884
0.003665
0.004018
0.004137
0.002823
0.006353
0.006515
0.008089
0.007449
0.008970
0.004833
0.004488
0.005234
0.003331
0.005278
0.004115
0.002737
0.003385
0.007227
0.003833
0.005575
0.000828
0.000692
0.005143
0.009831
0.006593
0.002894
0.002963
0.008562
0.002705
0.004173
0.001446
0.006359
0.008181
0.005573
0.009173
0.004534
0.002088
0.007261
0.001983
0.001058
0.002094
0.006460
0.006281
0.005415
0.001738
0.000396
0.008142
0.005113
0.007614
0.001975
0.000688
0.008432
0.002657
0.005821
0.008263
0.009241
0.008705
0.001226
0.007803
0.001410
0.005389
0.009239
0.007759
0.003569
0.004812
0.006932
0.008094
0.006891
0.004193
0.000076
0.007938
0.006277
0.006527
0.004220
0.001692
0.008255
0.004606
0.009825
0.003368
0.002220
0.001800
0.004046
0.000652
0.004447
0.009857
0.008905
0.003688
0.008562
0.000130
0.001491
0.009962
0.005509
0.000729
0.007721
0.009068
0.005532
0.004652
0.007162
0.002422
0.008835
0.007228
0.000360
0.005112
0.003755
0.004570
0.006794
0.002010
0.009166
0.006619
0.005368
0.001386
0.008409
0.009404
0.002028
0.002856
0.009261
0.000932
0.006534
0.007823
0.001053
0.008015
0.007785
0.006551
0.008734
0.005505
0.005620
0.004266
0.000157
0.002781
0.006678
0.008982
0.010000
0.007028
0.004094
0.003755
0.001598
0.000889
0.005755
0.000765
0.007498
0.001123
0.002141
0.005906
0.000527
0.004158
0.008752
0.009777
0.005081
0.005286
0.007600
0.006124
0.003301
0.005385
0.002675
0.002035
0.000890
0.008285
0.006291
0.001037
0.001066
0.002968
0.000020
0.001066
0.009987
0.004104
0.004811
0.001585
0.004983
0.000566
0.002339
0.002480
0.001679
0.004470
0.008376
0.002195
0.008619
0.007129
0.001973
0.003700
0.002415
0.009563
0.009813
0.005706
0.004948
0.002488
0.007732
0.005828
0.000773
0.004022
0.006855
0.001829
0.006980
0.006865
0.002884
0.006967
0.000969
0.007685
0.008542
0.005941
0.008240
0.000881
0.008411
0.009909
0.005341
0.006788
0.002104
0.003960
0.003917
0.004067
0.007649
0.006322
0.003630
0.007463
0.002028
0.008567
0.009941
0.009750
0.004395
0.000713
0.003772
0.001250
0.002532
0.000753
0.008104
0.005406
0.007710
0.009063
0.003091
0.006251
0.005004
0.001331
0.007123
0.003416
0.001240
0.002464
0.000203
0.003334
0.006414
0.004110
0.007390
0.004064
0.000432
0.001020
0.001526
0.002450
0.009577
0.001467
0.002200
0.003972
0.002170
0.005962
0.005212
0.004692
0.006705
0.003316
0.000097
0.004414
0.002379
0.003178
0.000666
0.007373
0.004499
0.007779
0.000789
0.005729
0.000243
0.000982
0.009053
0.006647
0.005082
0.006443
0.000711
0.005504
0.007453
0.002227
0.007944
0.007030
0.003684
0.000144
0.001002
0.005843
0.006097
0.006204
0.000535
0.002801
0.009510
0.000622
0.007206
0.001889
0.003790
0.007862
0.009252
0.008279
0.005640
0.000041
0.004008
0.005873
0.001013
0.003061
0.002520
0.006085
0.009494
0.003220
0.001589
0.006947
0.005437
0.009523
0.003977
0.009111
0.009658
0.004969
0.004954
0.005754
0.001173
0.005479
0.008546
0.000683
0.006092
0.005751
0.002562
0.009872
0.003613
0.001815
0.008151
0.009243
0.001846
0.002159
0.005116
0.002849
0.005210
0.007626
0.008924
0.004703
0.000846
0.000513
0.001650
0.006273
0.000036
0.005616
0.005384
0.009684
0.000585
0.000338
0.005438
0.001748
0.005808
0.003983
0.002422
0.001899
0.009725
0.004974
0.001771
0.003338
0.006779
0.009912
0.002581
0.008614
0.002071
0.007687
0.001463
0.007271
0.005313
0.000387
0.001974
0.006149
0.000890
0.003614
0.002423
0.000917
0.009220
0.007797
0.000600
0.009796
0.008125
0.006028
0.001544
0.003933
0.000011
0.003956
0.005822
0.009726
0.008920
0.007583
0.003064
0.005699
0.007495
0.005635
0.004313
0.009556
0.003322
0.005766
0.006827
0.008625
0.006144
0.008791
0.004775
0.007024
0.002405
0.007188
0.007931
0.001625
0.004985
0.008521
0.001421
0.003110
0.004549
0.002955
0.007033
0.004550
0.006901
0.002855
0.004276
0.005821
0.000438
0.007330
0.001519
0.007923
0.002965
0.005822
0.007479
0.006277
0.001589
0.004306
0.004903
0.007722
0.003097
0.009667
0.004747
0.005492
0.006855
0.002677
0.007107
0.001839
0.001198
0.008518
0.004939
0.005737
0.001473
0.001973
0.000288
0.008364
0.004818
0.004554
0.004184
0.005245
0.001884
