0.001433
0.007949
0.000526
0.003363
0.001566
0.000594
0.008085
0.006564
0.007241
0.004162
0.009315
0.000640
0.008254
0.006553
0.008436
0.006907
0.001960
0.000677
0.004661
0.005346
0.004105
0.001880
0.001228
0.004788
0.000275
0.008068
0.004909
0.006196
0.000198
0.008425
0.004796
0.001621
0.006374
0.005312
0.004974
0.007929
0.005896
0.003059
0.004493
0.003137
0.007211
0.003808
0.003767
0.005465
0.000361
0.002203
0.002372
0.002311
0.002870
0.007023
0.007648
0.006964
0.008893
0.008866
0.001752
0.009158
0.006934
0.006651
0.005355
0.007122
0.005075
0.000150
0.008734
0.001449
0.005453
0.003708
0.009369
0.001349
0.006757
0.003862
0.004476
0.003968
0.007660
0.008233
0.009423
0.008011
0.000436
0.001795
0.000323
0.003295
0.008808
0.007961
0.000259
0.007702
0.006827
0.002001
0.006860
0.003761
0.008642
0.002214
0.000883
0.003717
0.002355
0.009607
0.005156
0.007798
0.003315
0.004525
0.009137
0.000073
0.008376
0.003613
0.004031
0.006036
0.001845
0.003455
0.004048
0.002271
0.005240
0.004361
0.005556
0.004048
0.002321
0.005805
0.001750
0.009138
0.007797
0.008600
0.002899
0.006439
0.000814
0.003772
0.000156
0.003159
0.003379
0.005302
0.000957
0.006685
0.009817
0.000094
0.006748
0.008193
0.003696
0.000779
0.004230
0.005532
0.004223
0.008267
0.007793
0.009453
0.002628
0.003349
0.003501
0.004939
0.009144
0.005241
0.004077
0.006941
0.003841
0.006966
0.003379
0.004645
0.000738
0.003525
0.007794
0.004107
0.008817
0.008742
0.000792
0.008634
0.008825
0.007529
0.006827
0.002522
0.008298
0.001056
0.008043
0.002521
0.009314
0.005836
0.001974
0.001942
0.009174
0.005466
0.006871
0.008318
0.000707
0.000948
0.005259
0.004538
0.007904
0.008628
0.009173
0.008632
0.002154
0.006967
0.002739
0.000971
0.005709
0.003520
0.009594
0.004534
0.001050
0.006421
0.007045
0.009338
0.007468
0.005089
0.001859
0.006781
0.000924
0.003824
0.008713
0.000099
0.009279
0.005584
0.008407
0.009976
0.006522
0.003666
0.004513
0.004426
0.002294
0.003686
0.003057
0.004438
0.000653
0.005786
0.005399
0.006352
0.009296
0.004993
0.000886
0.000346
0.001414
0.007921
0.009674
0.008872
0.003010
0.001533
0.005653
0.003924
0.005346
0.004366
0.004013
0.004625
0.009940
0.002420
0.004601
0.006462
0.006075
0.009105
0.000887
0.008360
0.002791
0.003935
0.002798
0.003434
0.009711
0.008186
0.009776
0.009007
0.003179
0.000662
0.009343
0.004584
0.008573
0.009016
0.003455
0.001583
0.000549
0.009098
0.005497
0.005886
0.003465
0.009499
0.000511
0.003404
0.001919
0.005102
0.009856
0.007984
0.004207
0.000744
0.006344
0.006988
0.004668
0.009132
0.000422
0.004379
0.007318
0.000197
0.003386
0.000497
0.000849
0.002729
0.005071
0.009412
0.001745
0.008517
0.000994
0.002284
0.007615
0.006481
0.008160
0.001080
0.005980
0.008661
0.004474
0.007889
0.003763
0.004330
0.005874
0.007960
0.005064
0.002218
0.004948
0.009722
0.001350
0.005359
0.004101
0.008658
0.005546
0.007477
0.009145
0.006385
0.000205
0.004217
0.005797
0.001940
0.002733
0.006781
0.004215
0.000348
0.003262
0.002374
0.001418
0.009232
0.001035
0.005882
0.007122
0.004788
0.000212
0.002996
0.002748
0.005266
0.005204
0.007686
0.004988
0.006543
0.003045
0.009079
0.005201
0.008581
0.006556
0.004347
0.004967
0.006751
0.008553
0.000764
0.008681
0.001286
0.007535
0.002896
0.001624
0.000797
0.005260
0.003032
0.000030
0.006286
0.008904
0.007141
0.001074
0.009105
0.000137
0.003812
0.004371
0.005331
0.001498
0.009349
0.001874
0.004533
0.008428
0.007065
0.003114
0.004984
0.001412
0.008071
0.001735
0.009956
0.008824
0.000416
0.001242
0.006359
0.003302
0.002856
0.007147
0.008553
0.005878
0.007166
0.004838
0.004782
0.004308
0.005902
0.003888
0.004435
0.009704
0.008249
0.009755
0.001201
0.007598
0.001629
0.005724
0.006026
0.008685
0.008828
0.001010
0.000097
0.006898
0.002735
0.000052
0.005723
0.003141
0.001284
0.002082
0.006434
0.004131
0.009219
0.004986
0.009999
0.006385
0.009815
0.004781
0.000693
0.005716
0.008659
0.005117
0.005420
0.006908
0.004872
0.006611
0.004506
0.006492
0.002335
0.000532
0.005176
0.001163
0.001532
0.005263
0.008051
0.004258
0.005305
0.003774
0.007389
0.006580
0.005846
0.003823
0.000711
0.005065
0.008799
0.000710
0.001450
0.008614
0.005481
0.002133
0.004330
0.004140
0.007240
0.009740
0.001048
0.002112
0.006352
0.005544
0.008594
0.008677
0.006066
0.003770
0.009830
0.007589
0.009023
0.007881
0.001846
0.004329
0.001655
0.009225
0.000908
0.007492
0.003048
0.001609
0.002557
0.001847
0.002309
0.003997
0.000460
0.007780
0.006120
0.004780
0.001920
0.003360
0.004520
0.002958
0.005462
0.000872
0.008492
0.004056
0.009539
0.004559
0.007816
0.009368
0.002147
0.006839
0.007250
0.003984
0.001168
0.008895
0.003209
0.002066
0.006387
0.006247
0.003665
0.008934
0.008084
0.005964
0.002932
0.008534
0.003744
0.009042
0.003314
0.005654
0.002401
0.007825
0.008602
0.007853
0.008687
0.007094
0.001909
0.008225
0.001653
0.009716
0.007594
0.003790
0.006555
0.004843
0.007764
0.007713
0.003738
0.000973
0.009769
0.000125
0.007210
0.003434
0.009050
0.005294
0.009388
0.001981
0.003828
0.003132
0.001023
0.007132
0.008775
0.003414
0.004957
0.007377
0.001268
0.003643
0.004472
0.003167
0.001868
0.006115
0.002883
0.009452
0.009895
0.009427
0.004295
0.007659
0.007140
0.008024
0.008623
0.006909
0.008139
0.005833
0.000343
0.007189
0.001127
0.009721
0.009160
0.004944
0.002853
0.000183
0.002076
0.001628
0.003587
0.007023
0.008995
0.004845
0.000666
0.003467
0.008002
0.002525
0.009572
0.000884
0.001977
0.009467
0.000312
0.006262
0.007126
0.007442
0.004286
0.005749
0.004351
0.002425
0.001582
0.004684
0.009604
0.002698
0.004405
0.008764
0.007632
0.007248
0.008937
0.009699
0.008866
0.002524
0.006722
0.007861
0.007359
0.007378
0.001328
0.005361
0.009893
0.000900
0.006235
0.001870
0.000367
0.006537
0.008122
0.007483
0.003979
0.002408
0.003232
0.008319
0.004823
0.004803
0.003003
0.004427
0.007491
0.007398
0.003192
0.005124
0.004646
0.002129
0.004822
0.003512
0.004643
0.001544
0.001373
0.002002
0.008913
0.002691
0.007353
0.008806
0.003581
0.003588
0.000676
0.003938
0.000125
0.008787
0.001421
0.004093
0.001195
0.004643
0.002413
0.006008
0.009436
0.005406
0.000435
0.006927
0.002804
0.003617
0.002051
0.007441
0.005736
0.006863
0.000953
0.000379
0.008397
0.002316
0.002371
0.007310
0.004997
0.009714
0.006116
0.008569
0.003302
0.006781
0.002507
0.003417
0.005569
0.003918
0.007500
0.006754
0.008550
0.009903
0.002762
0.007986
0.005309
0.003188
0.004913
0.008103
0.006795
0.006953
0.005544
0.002530
0.003816
0.006487
0.002899
0.002214
0.008793
0.005261
0.009514
0.003790
0.004975
0.005630
0.002359
0.008267
0.002411
0.004855
0.001684
0.007970
0.008763
0.009174
0.004724
0.007313
0.009077
0.007476
0.005299
0.004386
0.000664
0.000212
0.002489
0.007449
0.007156
0.008023
0.009969
0.000972
0.004510
0.002869
0.003176
0.003302
0.008119
0.002690
0.007082
0.003094
0.008310
0.009431
0.001361
0.000721
0.004286
0.003035
0.008681
0.003049
0.002209
0.003405
0.000363
0.001286
0.000881
0.005652
0.005662
0.001536
0.005854
0.008141
0.008974
0.003010
0.006164
0.008944
0.003972
0.000674
0.001812
0.007138
0.003966
0.009922
0.009818
0.001049
0.003016
0.008128
0.000480
0.004367
0.008839
0.004756
0.007392
0.007520
0.007795
0.009592
0.000925
0.008148
0.000878
0.001796
0.003799
0.006530
0.003322
0.009643
0.004671
0.002296
0.002653
0.000836
0.001240
0.006615
0.001500
0.003042
0.003753
0.005456
0.002964
0.003571
0.006495
0.005970
0.001698
0.006964
0.000337
0.000537
0.001720
0.007719
0.008047
0.009505
0.007310
0.008962
0.007653
0.008178
0.000758
0.001453
0.004708
0.004070
0.001096
0.009370
0.006356
0.003739
0.000205
0.007586
0.000354
0.001695
0.000628
0.004097
0.007141
0.003582
0.007657
0.003636
0.009542
0.009346
0.000600
0.009869
0.009873
0.002310
0.007587
0.007919
0.001816
0.004898
0.006881
0.009459
0.003076
0.007629
0.000911
0.007774
0.001699
0.001997
0.007143
0.008045
0.005726
0.007339
0.005631
0.006070
0.009024
0.006250
0.000167
0.006164
0.009822
0.007814
0.009790
0.009364
0.007160
0.000390
0.009233
0.007032
0.002691
0.006820
0.004952
0.004497
0.001718
0.001833
0.003956
0.004784
0.009452
0.004857
0.002558
0.001150
0.006844
0.009691
0.009185
0.002571
0.007030
0.004817
0.008631
0.006053
0.001066
0.008788
0.002218
0.000888
0.006602
0.002008
0.000252
0.003761
0.002388
0.009475
0.000793
0.005069
0.006295
0.005735
0.009556
0.008003
0.007557
0.003512
0.002787
0.007009
0.008358
0.005334
0.008149
0.005203
0.005025
0.007334
0.007763
0.002055
0.002151
0.006394
0.008098
0.003207
0.005182
0.000316
0.004085
0.001783
0.002314
0.004328
0.005534
0.004693
0.003803
0.006318
0.009752
0.000098
0.002052
0.009308
0.008091
0.009600
0.002820
0.000878
0.006608
0.001178
0.006202
0.004757
0.006371
0.001228
0.002092
0.004134
0.003273
0.004233
0.000528
0.001372
0.007430
0.005700
0.001678
0.001515
0.007473
0.003982
0.005833
0.003007
0.008665
0.009626
0.009315
0.008417
0.009714
0.001367
0.007725
0.007805
0.000966
0.000544
0.008673
0.007565
0.001712
0.004876
0.002322
0.008073
0.006093
0.004404
0.002207
0.009357
0.008626
0.002725
0.000728
0.006056
0.008414
0.002396
0.007562
0.005887
0.006368
0.003395
0.008884
0.005032
0.003020
0.008198
0.003449
0.002734
0.009555
0.001173
0.000539
0.000522
0.001708
0.009202
0.008076
0.003410
0.004078
0.000398
0.001482
0.000171
0.004792
0.003679
0.009518
0.003418
0.006394
0.000246
0.009465
0.004808
0.002632
0.007026
0.000695
0.008990
0.000421
0.009569
0.004022
0.003431
0.007767
0.007461
0.006155
0.007322
0.008624
0.006685
0.007834
0.000332
0.005887
0.005910
0.003731
0.009955
0.006298
0.005204
0.000126
0.001090
0.008873
0.009634
0.004498
0.005267
0.009870
0.003962
0.000074
0.002502
0.000989
0.000759
0.001492
0.001400
0.000328
0.005503
0.004821
0.008085
0.002964
0.000976
0.005408
0.001588
0.007651
0.003242
0.001910
0.003538
0.009142
0.005631
0.003493
0.005440
0.000835
0.003609
0.006519
0.009698
0.003243
0.001017
0.004964
0.003114
0.004970
0.005029
0.005606
0.005948
0.005778
0.007087
0.007338
0.006096
0.002591
0.002159
0.004182
0.005545
0.003125
0.009579
0.007123
0.000776
0.002821
0.009023
0.004303
0.001963
0.004654
0.007786
0.007393
0.005479
0.001395
0.003912
0.005177
0.004629
0.004919
0.000141
0.007732
0.009879
0.005160
0.003338
0.005827
0.000938
0.000425
0.003165
0.007024
0.003006
0.005314
0.001206
0.008541
0.008428
0.000785
0.005664
0.009194
0.003596
0.004687
0.003497
0.005549
0.009331
0.001284
0.002942
0.004811
0.002669
0.006844
0.009978
0.007288
0.001763
0.000119
0.005020
0.001641
0.005269
0.008348
0.007459
0.006198
0.008763
0.000623
0.003222
0.001769
0.005927
0.004418
0.000310
0.004355
0.005193
0.005963
0.003549
0.008780
0.000650
0.007036
0.004329
0.009972
0.008310
0.007261
0.004782
0.000979
0.004105
0.004760
0.008256
0.005857
0.004869
0.003276
0.007489
0.000138
0.001625
0.004947
0.006326
0.000388
0.005561
0.009538
0.002147
0.001488
0.003956
0.002447
0.005833
0.009140
0.008400
0.009372
0.007919
0.009041
0.006408
0.002249
0.009012
0.004718
0.009500
0.003794
0.005687
0.003604
0.008544
0.003943
0.009452
0.003414
0.007209
0.006940
0.003542
0.008824
0.001888
0.009858
0.009202
0.007438
0.009396
0.001349
0.008916
0.003352
0.003786
0.004749
0.002492
0.002186
0.004121
0.000411
0.001227
0.000529
0.002650
0.000239
0.005237
0.002149
0.004023
0.000923
0.005744
0.002568
0.004856
0.005195
0.005971
0.002066
0.002135
0.009503
0.000890
0.004013
0.009361
0.000092
0.001452
0.008757
0.001430
0.000368
0.002110
0.005206
0.005106
0.004591
0.007382
0.009217
0.004993
0.008599
0.009736
0.007633
0.008828
0.004972
0.009772
0.002851
0.005886
0.005516
0.005409
0.000742
0.000711
0.001380
0.002798
0.002836
0.000884
0.003677
0.006840
0.000245
0.003759
0.008281
0.008993
0.005179
0.008639
0.001102
0.000386
0.003745
0.005684
0.007758
0.002962
0.000676
0.006357
0.002698
0.008299
0.005185
0.007660
0.008071
0.008026
0.003546
0.003587
0.003435
0.004278
0.004288
0.004805
0.007066
0.007114
0.005679
0.000743
0.003954
0.005914
0.004492
0.002235
0.004907
0.009661
0.000873
0.005999
0.000047
0.004609
0.001683
0.007795
0.007561
0.002349
0.004151
0.000259
0.000648
0.009326
0.007909
0.008709
0.007352
0.001455
0.002296
0.000787
0.005723
0.006574
0.005582
0.002789
0.003688
0.001261
0.003523
0.007632
0.007165
0.008005
0.009856
0.002072
0.007666
0.000730
0.008061
0.007703
0.005328
0.009733
0.005498
0.002889
0.002082
0.009639
0.003138
0.002720
0.008965
0.001047
0.001430
0.006317
0.002492
0.003716
0.007094
0.008206
0.000289
0.002676
0.000995
0.003967
0.003927
0.004508
0.001599
0.001092
0.002512
0.001456
0.003153
0.000178
0.002175
0.001214
0.007871
0.007494
0.000947
0.003369
0.000383
0.003019
0.003008
0.003511
0.005730
0.001973
0.004548
0.007149
0.008280
0.007030
0.000865
0.005373
0.005236
0.001144
0.008039
0.006221
0.005102
0.001966
0.000729
0.006691
0.003047
0.003231
0.008136
0.006190
0.003399
0.000312
0.007394
0.001270
0.007796
0.008331
0.004628
0.008169
0.001351
0.007626
0.001680
0.007071
0.009589
0.006218
0.004220
0.007869
0.003248
0.005075
0.003242
0.008474
0.006209
0.001281
0.004695
0.001311
0.003237
0.005413
0.007991
0.006274
0.008634
0.006128
0.002464
0.002033
0.006430
0.009849
0.003293
0.004225
0.008180
0.007911
0.002394
0.009521
0.005537
0.004064
0.006592
0.005126
0.000282
0.000811
0.002995
0.003520
0.005876
0.006227
0.001994
0.002085
0.007498
0.006679
0.003385
0.000735
0.002092
0.001377
0.006999
0.000727
0.007494
0.009453
0.002750
0.003924
0.009302
0.006032
0.008139
0.007482
0.003944
0.000534
0.007003
0.009471
0.004588
0.003595
0.004597
0.004860
0.004396
0.007582
0.008370
0.000272
0.003809
0.000364
0.002347
0.001307
0.007033
0.005722
0.002032
0.009115
0.007089
0.009021
0.009831
0.004584
0.008474
0.002581
0.008498
0.007776
0.008603
0.006637
0.005259
0.002547
0.007161
0.002262
0.002018
0.001748
0.005847
0.006605
0.006598
0.000243
0.004187
0.004968
0.000505
0.007985
0.005322
0.002842
0.009282
0.002354
0.008554
0.001314
0.001469
0.005644
0.000334
0.001301
0.000227
0.008798
0.003872
0.008715
0.006575
0.002475
0.005352
0.001833
0.005012
0.002513
0.004085
0.007020
0.004251
0.009922
0.003624
0.000849
0.000165
0.007801
0.005807
0.000659
0.005786
0.001129
0.003491
0.005068
0.003473
0.002046
0.006372
0.004933
0.007679
0.006696
0.006223
0.007897
0.005494
0.000095
0.006611
0.002069
0.002560
0.001963
0.003892
0.007561
0.004466
0.007967
0.004581
0.008707
0.007889
0.008195
0.009547
0.008044
0.005996
0.005354
0.008693
0.001783
0.006473
0.002184
0.006841
0.009936
0.004220
0.003213
0.004869
0.001899
0.009899
0.001092
0.009786
0.005393
0.001177
0.006397
0.007453
0.003726
0.008351
0.001345
0.001288
0.002817
0.009302
0.005859
0.001524
0.007191
0.004054
0.001071
0.005235
0.000050
0.006415
0.003927
0.001822
0.002887
0.006102
0.008653
0.002824
0.000322
0.001866
0.007682
0.002211
0.001765
0.008764
0.001997
0.007149
0.009931
0.008384
0.004601
0.003657
0.006735
0.005936
0.004935
0.009542
0.005238
0.000794
0.001066
0.002429
0.004837
0.002127
0.007653
0.004877
0.008531
0.001581
0.006690
0.001419
0.007673
0.005343
0.004232
0.007985
0.007199
0.001915
0.000196
0.008954
0.000679
0.002183
0.006103
0.000610
0.000567
0.000704
0.004258
0.007293
0.006630
0.009183
0.006835
0.001868
0.009966
0.007891
0.004286
0.004803
0.000018
0.001940
0.009670
0.008539
0.003511
0.006360
0.009948
0.001183
0.001703
0.004180
0.009158
0.008892
0.006085
0.009344
0.007846
0.006754
0.001526
0.003949
0.007355
0.002084
0.004643
0.001612
0.009366
0.001273
0.000795
0.006201
0.003130
0.000761
0.004092
0.007407
0.005554
0.004100
0.009337
0.005225
0.002639
0.002847
0.001585
0.002587
0.004021
0.003278
0.006757
0.003178
0.002170
0.002842
0.002522
0.000016
0.009587
0.004038
0.003955
0.006941
0.006112
0.008588
0.008544
0.005479
0.009851
0.009328
0.001680
0.002981
0.000089
0.005761
0.000388
0.005633
0.009851
0.009714
0.000858
0.002490
0.002562
0.002433
0.005066
0.006572
0.005701
0.001823
0.009741
0.007861
0.004656
0.002262
0.007867
0.004242
0.006291
0.001823
0.001184
0.002403
0.000411
0.009717
0.007872
0.000262
0.009045
0.009541
0.003234
0.009125
0.005303
0.003612
0.004758
0.005154
0.003326
0.005606
0.007633
0.005878
0.008029
0.002700
0.002450
0.003730
0.004513
0.002190
0.001591
0.009159
0.004443
0.009449
0.003401
0.000734
0.001272
0.004575
0.003127
0.001673
0.004292
0.000999
0.001925
0.003337
0.000540
0.005149
0.002462
0.005833
0.008751
0.007210
0.000987
0.002077
0.002816
0.008610
0.007944
0.000846
0.001310
0.000394
0.004566
0.005813
0.002575
0.006148
0.004972
0.007008
0.005597
0.008363
0.007731
0.006859
0.002937
0.000858
0.008522
0.007219
0.001847
0.000447
0.000557
0.002377
0.005586
0.003008
0.008200
0.004337
0.000218
0.009177
0.006403
0.003025
0.007786
0.004348
0.003861
0.009086
0.004732
0.008417
0.004899
0.007297
0.004565
0.009860
0.004304
0.000161
0.008223
0.002035
0.007010
0.001160
0.002884
0.005531
0.008370
0.004721
0.005969
0.008916
0.007088
0.001555
0.001925
0.005288
0.005882
0.002133
0.004465
0.002285
0.005148
0.002251
0.006623
0.008999
0.001337
0.001355
0.007415
0.006226
0.008641
0.001980
0.006087
0.002946
0.002131
0.004310
0.004971
0.009131
0.005460
0.007845
0.004662
0.003830
0.002566
0.000631
0.002746
0.009644
0.002176
0.004660
0.004932
0.008047
0.006783
0.009387
0.000333
0.001931
0.001638
0.006945
0.000930
0.002965
0.008290
0.008335
0.009182
0.006932
0.000315
0.005268
0.009867
0.002436
0.009568
0.004838
0.001567
0.005028
0.002683
0.006219
0.008848
0.005239
0.006840
0.001594
0.004883
0.009006
0.006244
0.009805
0.007053
0.003027
0.009192
0.007376
0.004949
0.000830
0.004321
0.005868
0.003786
0.002611
0.004204
0.002967
0.009533
0.004509
0.008225
0.009401
0.006935
0.007793
0.004239
0.008492
0.002822
0.006913
0.004711
0.001669
0.002152
0.001552
0.003253
0.007025
0.000557
0.009487
0.006830
0.007601
0.002514
0.006023
0.004976
0.007453
0.006843
0.009287
0.003321
0.000628
0.001899
0.007515
0.003585
0.001432
0.002024
0.001811
0.000833
0.008949
0.009594
0.005062
0.007441
0.002416
0.001975
0.002153
0.004075
0.004116
0.003694
0.007318
0.001141
0.004242
0.006805
0.007962
0.001842
0.009310
0.003984
0.006809
0.006762
0.000827
0.006096
0.000084
0.001445
0.007985
0.007589
0.005021
0.009407
0.009603
0.006822
0.000240
0.008552
0.006416
0.005292
0.005993
0.008822
0.007257
0.008136
0.002897
0.001373
0.001830
0.000215
0.002505
0.006062
0.007010
0.000467
0.007894
0.006320
0.004441
0.004703
0.003082
0.005258
0.000799
0.003156
0.006693
0.008774
0.000745
0.001714
0.008182
0.000348
0.008526
0.008412
0.008890
0.004941
0.003704
0.004883
0.003763
0.000961
0.003019
0.006650
0.002324
0.004839
0.006855
0.004819
0.000901
0.003866
0.005276
0.008785
0.000185
0.009706
0.003488
0.003258
0.004964
0.004277
0.006404
0.001658
0.003052
0.007139
0.003362
0.001233
0.007477
0.001887
0.009635
0.006367
0.006818
0.003339
0.001251
0.000582
0.004290
0.004260
0.007222
0.006604
0.009089
0.004077
0.001423
0.009980
0.007932
0.006689
0.008765
0.008108
0.006395
0.002253
0.001365
0.001360
0.006521
0.007759
0.003007
0.009562
0.004899
0.006359
0.000795
0.002376
0.008236
0.000430
0.008733
0.005055
0.003759
0.009974
0.005626
0.008039
0.004234
0.002848
0.004643
0.003323
0.006914
0.006057
0.003302
0.004846
0.002746
0.002067
0.002954
0.009131
0.004311
0.004309
0.000491
0.000831
0.002069
0.003488
0.000393
0.006958
0.009838
0.001178
0.009324
0.008074
0.001598
0.008057
0.003128
0.005347
0.008031
0.008744
0.003386
0.002265
0.001592
0.008019
0.005577
0.008496
0.004076
0.008870
0.003343
0.006812
0.000937
0.006287
0.005943
0.005238
0.000596
0.006424
0.006059
0.002655
0.009902
0.006442
0.009603
0.009740
0.007610
0.008926
0.007813
0.009198
0.006983
0.000942
0.004545
0.005014
0.009676
0.007921
0.007269
0.001268
0.005941
0.002847
0.009754
0.000017
0.001716
0.003097
0.006819
0.002643
0.009373
0.002761
0.007871
0.009960
0.009175
0.003929
0.002615
0.009078
0.000371
0.002218
0.008817
0.007971
0.001144
0.006631
0.007169
0.008117
0.007562
0.001714
0.003132
0.007238
0.009625
0.000401
0.008496
0.005566
0.003237
0.008250
0.005573
0.004944
0.001346
0.002392
0.007577
0.000720
0.005143
0.005448
0.000679
0.004318
0.009367
0.003284
0.003396
0.009728
0.005491
0.002213
0.007699
0.006625
0.008834
0.004868
0.004742
0.006396
0.006571
0.007864
0.003634
0.006197
0.008255
0.002130
0.001763
0.001492
0.000379
0.007326
0.006426
0.001715
0.009707
0.004003
0.002425
0.004850
0.009441
0.003094
0.009159
0.008808
0.006368
0.002555
0.008536
0.001859
0.004758
0.006235
0.008475
0.003592
0.001103
0.003217
0.009978
0.007664
0.001081
0.003612
0.003861
0.009326
0.005731
0.005613
0.000818
0.006101
0.002939
0.007234
0.007806
0.002646
0.001237
0.000231
0.007487
0.000677
0.003315
0.006646
0.009476
0.009673
0.009191
0.008012
0.001533
0.003949
0.004247
0.009998
0.007530
0.005340
0.003215
0.007508
0.003004
0.004285
0.001120
0.006854
0.003611
0.006841
0.002468
0.004419
0.002942
0.005397
0.001652
0.000748
0.008033
0.002879
0.000969
0.005520
0.003546
0.004274
0.002166
0.003022
0.003948
0.001356
0.001034
0.005470
0.005295
0.005271
0.005468
0.002825
0.000610
0.008673
0.000333
0.003604
0.002958
0.001443
0.000458
0.006559
0.008274
0.002916
0.000977
0.001216
0.008303
0.002619
0.001953
0.006336
0.005488
0.002912
0.001856
0.009024
0.007177
0.004012
0.002046
0.001124
0.005359
0.003070
0.006585
0.000653
0.008330
0.002053
0.003469
0.008931
0.000725
0.003792
0.002535
0.003673
0.005225
0.002983
0.000232
0.003499
0.005889
0.001199
0.004704
0.004192
0.003809
0.006648
0.000529
0.009287
0.009550
0.002375
0.008311
0.006727
0.006377
0.000357
0.007841
0.001735
0.003417
0.004426
0.002379
0.001747
0.006468
0.005838
0.000678
0.007183
0.009620
0.003202
0.000856
0.004845
0.006176
0.001078
0.008333
0.002065
0.002267
0.003038
0.006247
0.006066
0.009676
0.006766
0.005353
0.009226
0.009131
0.003663
0.005953
0.005508
0.004010
0.003794
0.007233
0.007417
0.008209
0.009602
0.009154
0.004678
0.005440
0.009822
0.001861
0.005059
0.003024
0.002707
0.009894
0.009190
0.003776
0.008227
0.001255
0.006033
0.001265
0.007492
0.002099
0.000941
0.004258
0.007442
0.000166
0.003389
0.001105
0.006109
0.008886
0.005105
0.009892
0.006119
0.002522
0.008102
0.005721
0.001677
0.002779
0.001161
0.001498
0.004630
0.006210
0.004513
0.007328
0.006104
0.003702
0.001104
0.004331
0.004947
0.007127
0.005586
0.002439
0.009216
0.006516
0.006687
0.006657
0.006673
0.000076
0.007752
0.002782
0.008952
0.002858
0.002674
0.005072
0.005370
0.000776
0.000793
0.007037
0.003545
0.001943
0.008525
0.008165
0.008143
0.003038
0.005493
0.004247
0.006730
0.006587
0.008568
0.001678
0.003713
0.004154
0.004107
0.002929
0.000670
0.000795
0.009577
0.007333
0.000861
0.007329
0.000115
0.009803
0.000187
0.002779
0.004875
0.005547
0.003545
0.005657
0.002584
0.007080
0.007591
0.001110
0.005245
0.005734
0.004137
0.000738
0.009971
0.000868
0.007315
0.008539
0.002535
0.001028
0.002692
0.006632
0.003948
0.003352
0.007417
0.003524
0.000685
0.008268
0.000854
0.000790
0.008071
0.001031
0.003559
0.002945
0.006568
0.007094
0.008593
0.009143
0.004173
0.006184
0.000252
0.009409
0.001918
0.004380
0.000147
0.001888
0.005238
0.007452
0.000427
0.007763
0.008470
0.003109
0.004395
0.002418
0.006452
0.001812
0.005932
0.007127
0.000080
0.006776
0.007907
0.008140
0.007797
0.001466
0.001086
0.004365
0.008549
0.009669
0.003508
0.002723
0.005852
0.003750
0.002131
0.007760
0.008120
0.002268
0.009638
0.003357
0.009710
0.000065
0.001120
0.008180
0.003164
0.005505
0.000599
0.009606
0.007308
0.006521
0.006733
0.007377
0.003297
0.004640
0.005518
0.001094
0.006095
0.006593
0.005449
0.004645
0.006262
0.008946
0.007357
0.002114
0.002696
0.009478
0.009864
0.000816
0.001747
0.009502
0.004163
0.001457
0.009557
0.005273
0.009627
0.002722
0.000778
0.000226
0.002327
0.008075
0.006737
0.009050
0.005453
0.000034
0.003690
0.000970
0.001118
0.009775
0.007554
0.006556
0.004420
0.003816
0.005503
0.001777
0.005920
0.008189
0.001255
0.005784
0.008994
0.002992
0.005286
0.003157
0.004439
0.004843
0.008419
0.004066
0.007555
0.009187
0.004281
0.009872
0.007263
0.001018
0.008923
0.002716
0.001042
0.002612
0.003676
0.002149
0.002387
0.001230
0.008695
0.006797
0.005036
0.004198
0.008564
0.000956
0.002387
0.009809
0.006730
0.001381
0.002801
0.002016
0.004528
0.007230
0.006850
0.002947
0.001295
0.004405
0.002134
0.005567
0.004277
0.009387
0.006574
0.003200
0.002103
0.007606
0.005802
0.005769
0.009745
0.008180
0.006989
0.008441
0.004977
0.002024
0.002639
0.003540
0.002970
0.005015
0.003350
0.009691
0.006386
0.006141
0.001707
0.000913
0.003370
0.008547
0.003850
0.004655
0.002952
0.005975
0.000222
0.007219
0.005362
0.006786
0.000419
0.007455
0.004393
0.006211
0.003224
0.004138
0.004391
0.000212
0.002579
0.009357
0.002227
0.005207
0.002898
0.005187
0.000223
0.006237
0.004878
0.006599
0.002378
0.006575
0.007502
0.005738
0.005121
0.001352
0.000393
0.008063
0.007317
0.000605
0.005282
0.002679
0.007382
0.005691
0.000134
0.001774
0.001902
0.003348
0.005902
0.006282
0.003550
0.008471
0.005640
0.005767
0.003678
0.008527
0.000955
0.003891
0.004764
0.005823
0.000489
0.007132
0.002397
0.007981
0.002870
0.007509
0.009324
0.003253
0.005572
0.006641
0.003849
0.000854
0.009310
0.001231
0.006535
0.009435
0.002995
0.008426
0.002783
0.008887
0.004709
0.006323
0.007358
0.000348
0.002091
0.001037
0.008865
0.003035
0.004917
0.003629
0.008848
0.005397
0.000761
0.001245
0.003378
0.003621
0.008744
0.002702
0.006864
0.004316
0.009333
0.000713
0.005160
0.008643
0.001934
0.001694
0.008078
0.004919
0.000121
0.000861
0.003807
0.004820
0.007174
0.001165
0.005158
0.009254
0.002191
0.004023
0.002290
0.007099
0.007643
0.001138
0.002496
0.008394
0.002373
0.005863
0.002016
0.001117
0.008555
0.008870
0.005423
0.007888
0.009573
0.000583
0.006531
0.001507
0.002267
0.004609
0.006416
0.002378
0.005460
0.000223
0.007188
0.002634
0.001377
0.002346
0.001888
0.003559
0.006359
0.004168
0.000658
0.004002
0.005296
0.003143
0.002397
0.007659
0.008997
0.004402
0.008765
0.007552
0.003272
0.004188
0.005440
0.002845
0.004761
0.001971
0.004342
0.007018
0.006571
0.000758
0.009386
0.002030
0.000971
0.006573
0.004654
0.002338
0.008909
0.006533
0.005887
0.005269
0.000701
0.006535
0.009261
0.005987
0.009669
0.001657
0.003645
0.008665
0.006050
0.002410
0.006217
0.009312
0.006589
0.001657
0.002157
0.001349
0.003619
0.006489
0.008357
0.000189
0.007238
0.007743
0.002210
0.008199
0.004316
0.006854
0.000537
0.003225
0.003387
0.006415
0.008484
0.004078
0.002950
0.007745
0.000064
0.002619
0.009392
0.003699
0.001284
0.005442
0.006100
0.007491
0.004753
0.002688
0.009139
0.006900
0.004028
0.002757
0.003389
0.002384
0.002936
0.000627
0.000127
0.005136
0.008816
0.004433
0.001990
0.009343
0.007648
0.005367
0.005758
0.006132
0.009434
0.008698
0.003876
0.009489
0.001316
0.003268
0.003188
0.002590
0.008700
0.009278
0.000082
0.003453
0.001966
0.009210
0.000353
0.005984
0.001968
0.003733
0.008358
0.004894
0.004350
0.008475
0.000030
0.003166
0.002908
0.002010
0.002509
0.000556
0.007367
0.008257
0.006678
0.006802
0.006955
0.000555
0.006290
0.008261
0.003813
0.009468
0.000851
0.002513
0.008746
0.000923
0.005956
0.000712
0.000133
0.006300
0.006686
0.002091
0.000033
0.005044
0.006975
0.004373
0.003520
0.006995
0.007529
0.006418
0.008995
0.000038
0.006964
0.006362
0.008285
0.003643
0.003164
0.005239
0.004187
0.009444
0.003500
0.007990
0.008913
0.004341
0.000504
0.007659
0.005254
0.006450
0.008361
0.005377
0.002750
0.005047
0.007458
0.002773
0.000092
0.004433
0.007136
0.003601
0.001428
0.004664
0.000019
0.000423
0.004692
0.006973
0.006776
0.002977
0.000616
0.009930
0.008206
0.004793
0.009374
0.001706
0.002784
0.008287
0.006038
0.003277
0.005946
0.001292
0.009717
0.004307
0.006659
0.002467
0.009344
0.004117
0.005230
0.009426
0.008540
0.002366
0.003027
0.009958
0.007020
0.003036
0.000381
0.001713
0.009999
0.007147
0.004679
0.000615
0.007076
0.002886
0.005398
0.006450
0.004582
0.008171
0.004737
0.000620
0.001449
0.000683
0.001902
0.001166
0.004980
0.008551
0.003623
0.004324
0.002668
0.008843
0.003750
0.001209
0.001209
0.006767
0.001166
0.008220
0.009793
0.001538
0.009922
0.009792
0.008674
0.004602
0.000406
0.005750
0.007477
0.005794
0.002201
0.002059
0.003966
0.006928
0.002669
0.005404
0.007602
0.004560
0.006560
0.002582
0.003111
0.000183
0.006896
0.005770
0.009017
0.000646
0.006968
0.000226
0.007403
0.008125
0.008436
0.007196
0.009652
0.008358
0.006988
0.008326
0.002960
0.007384
0.004077
0.000437
0.003179
0.006268
0.002487
0.007134
0.003196
0.005145
0.002538
0.000798
0.009696
0.009088
0.003369
0.002807
0.009261
0.000266
0.008567
0.008278
0.000902
0.005535
0.008494
0.008295
0.003660
0.006930
0.005491
0.003312
0.005288
0.002479
0.001639
0.008238
0.009853
0.005705
0.008665
0.003032
0.001973
0.001152
0.000166
0.005159
0.006287
0.002694
0.005947
0.005983
0.001782
0.009306
0.008781
0.001044
0.009562
0.007348
0.009312
0.000464
0.002883
0.007806
0.008749
0.006533
0.004735
0.004240
0.009835
0.000023
0.006709
0.001474
0.008251
0.006562
0.007170
0.006916
0.009584
0.009133
0.008058
0.009740
0.004292
0.004345
0.002434
0.000239
0.000329
0.004206
0.009535
0.009099
0.005240
0.009097
0.006447
0.004551
0.009551
0.009320
0.002357
0.008299
0.005853
0.007082
0.002539
0.005689
0.007096
0.009238
0.007153
0.005347
0.005800
0.004322
0.002263
0.005384
0.003455
0.000321
0.005124
0.007737
0.004657
0.007547
0.007966
0.004975
0.001753
0.007502
0.004075
0.006983
0.006599
0.000521
0.001534
0.006149
0.009831
0.003881
0.004449
0.005684
0.000964
0.006978
0.001373
0.008049
0.006216
0.008516
0.003396
0.002016
0.002838
0.005649
0.007390
0.006283
0.005961
0.002513
0.004021
0.000617
0.000061
0.001987
0.005583
0.001804
0.009479
0.009647
0.008777
0.006078
0.000169
0.000312
0.002227
0.009990
0.004183
0.006666
0.005675
0.005136
0.003643
0.007038
0.003186
0.009849
0.005553
0.006572
0.001865
0.008381
0.002221
0.009245
0.004665
0.008172
0.001758
0.008676
0.008779
0.001809
0.000663
0.004362
0.003603
0.000142
0.004009
0.002381
0.006210
0.004168
0.002682
0.008427
0.004158
0.006855
0.005093
0.009823
0.001992
0.008726
0.006861
0.005167
0.008575
0.002414
0.001739
0.000440
0.000795
0.003950
0.009675
0.005450
0.002122
0.001433
0.004126
0.000901
0.003232
0.004779
0.005253
0.006825
0.004911
0.009252
0.009196
0.001121
0.003420
0.001878
0.009538
0.007569
0.008723
0.004630
0.007392
0.000715
0.003356
0.004252
0.005872
0.001931
0.006656
0.007601
0.002361
0.007441
0.001551
0.002036
0.002892
0.003662
0.003459
0.007007
0.004553
0.006681
0.001786
0.009796
0.003506
0.006687
0.009048
0.002702
0.007798
0.002468
0.004570
0.007336
0.000037
0.003293
0.001966
0.007418
0.003998
0.005312
0.001670
0.009860
0.007233
0.008316
0.007461
0.009584
0.005758
0.009002
0.001620
0.008639
0.002664
0.005069
0.005647
0.007207
0.001750
0.007423
0.007003
0.005245
0.004110
0.006051
0.007937
0.001909
0.008509
0.002507
0.009235
0.008536
0.005790
0.001201
0.005954
0.009778
0.006503
0.007615
0.009638
0.003737
0.005931
0.007099
0.003321
0.001689
0.006100
0.004931
0.000328
0.008754
0.009990
0.005965
0.005961
0.001740
0.003388
0.002964
0.006975
0.007488
0.009005
0.004912
0.009387
0.007514
0.007409
0.008622
0.006050
0.003199
0.009812
0.002004
0.002977
0.006316
0.009609
0.002615
0.000052
0.005541
0.009704
0.003363
0.007219
0.005804
0.008285
0.007537
0.004558
0.008275
0.003502
0.000519
0.000014
0.006880
0.003473
0.006980
0.004368
0.002477
0.001892
0.003755
0.009981
0.009291
0.002376
0.006031
0.002490
0.002189
0.008025
0.005458
0.008494
0.007634
0.008063
0.008537
0.003175
0.007766
0.001900
0.000394
0.003570
0.000184
0.007922
0.008118
0.008449
0.001424
0.008626
0.008454
0.008294
0.002099
0.005433
0.002662
0.004566
0.007315
0.006406
0.004547
0.006606
0.008773
0.000578
0.009087
0.000961
0.008593
0.004544
0.009446
0.006227
0.002607
0.007982
0.009392
0.000373
0.009872
0.009776
0.003933
0.000056
0.007698
0.002050
0.008496
0.009112
0.000677
0.006949
0.007406
0.002765
0.002383
0.000067
0.007322
0.009688
0.006463
0.001869
0.006294
0.005236
0.002437
0.005381
0.006187
0.001029
0.009915
0.005633
0.007247
0.002521
0.003615
0.006639
0.002884
0.003487
0.006415
0.006807
0.003533
0.004113
0.008847
0.002028
0.003225
0.009513
0.008968
0.000631
0.002279
0.001350
0.000688
0.009590
0.001038
0.007142
0.001459
0.007322
0.002378
0.003886
0.002703
0.008555
0.004905
0.002617
0.004188
0.002152
0.005129
0.007792
0.008781
0.008003
0.001279
0.005196
0.004810
0.004802
0.009299
0.003656
0.006820
0.002525
0.003170
0.005788
0.003146
0.005439
0.007129
0.003824
0.005029
0.008157
0.000965
0.006478
0.005479
0.003333
0.000364
0.008171
0.001888
0.005259
0.000789
0.006065
0.007401
0.005907
0.003858
0.006182
0.003910
0.005127
0.001377
0.008710
0.009919
0.000677
0.002366
0.006739
0.003192
0.005526
0.002528
0.006327
0.000964
0.009646
0.000151
0.005983
0.007803
0.001106
0.002461
0.003281
0.004429
0.002815
0.001453
0.006307
0.008064
0.002231
0.002373
0.005465
0.008129
0.006221
0.001646
0.002039
0.001348
0.003014
0.000749
0.001267
0.003680
0.003105
0.007996
0.006862
0.008621
0.000524
0.003189
0.009576
0.000170
0.003330
0.005559
0.007963
0.004427
0.008010
0.001244
0.008846
0.000825
0.002687
0.005153
0.008879
0.004908
0.007516
0.004344
0.003037
0.003737
0.005980
0.005066
0.005075
0.008984
0.005805
0.006331
0.002664
0.008900
0.004327
0.009516
0.007521
0.004841
0.002705
0.007097
0.005001
0.006026
0.002656
0.002963
0.000452
0.000666
0.004197
0.009288
0.001481
0.006874
0.004442
0.000361
0.001782
0.001958
0.004694
0.004808
0.005685
0.000675
0.009864
0.000760
0.009648
0.005669
0.007081
0.002312
0.004570
0.001408
0.001829
0.002091
0.006239
0.004524
0.009178
0.001240
0.000550
0.001834
0.004193
0.000992
0.002490
0.008380
0.000280
0.003961
0.005253
0.004712
0.004312
0.007025
0.006661
0.008997
0.001833
0.002346
0.009661
0.001698
0.003096
0.009309
0.007357
0.000177
0.001622
0.001926
0.001575
0.003440
0.004008
0.007804
0.007954
0.003185
0.009033
0.008494
0.005009
0.003226
0.009475
0.007489
0.001606
0.009746
0.001451
0.006849
0.004458
0.005753
0.003874
0.001119
0.004749
0.005697
0.003455
0.004410
0.007384
0.006540
0.003719
0.004741
0.006707
0.005331
0.006658
0.008272
0.008761
0.000665
0.006076
0.006715
0.003841
0.005109
0.005209
0.008840
0.008325
0.004684
0.006330
0.009921
0.004430
0.007770
0.006770
0.008878
0.003523
0.000644
0.009987
0.008262
0.006331
0.003441
0.002672
0.003715
0.009972
0.006382
0.008447
0.006679
0.001713
0.005104
0.004951
0.000474
0.005760
0.001027
0.007179
0.009591
0.006126
0.002388
0.008431
0.004451
0.007062
0.004760
0.004372
0.001492
0.002530
0.001142
0.000370
0.006043
0.001776
0.000357
0.004305
0.008096
0.003788
0.006968
0.001811
0.003760
0.003349
0.000258
0.000439
0.005052
0.005352
0.005379
0.005516
0.001112
0.006396
0.002695
0.000703
0.002522
0.005073
0.009123
0.006963
0.002135
0.003884
0.001335
0.003617
0.006404
0.002466
0.003977
0.002448
0.004232
0.004323
0.006743
0.002328
0.008102
0.003711
0.004130
0.001862
0.007050
0.004378
0.002290
0.002102
0.009720
0.007659
0.007608
0.000832
0.004055
0.000304
0.001525
0.006567
0.005367
0.000648
0.003529
0.007491
0.004522
0.004854
0.001108
0.000926
0.007310
0.005075
0.003364
0.001543
0.009388
0.000107
0.003861
0.007490
0.003808
0.007981
0.009341
0.000858
0.002359
0.001632
0.002951
0.002079
0.009281
0.000559
0.002901
0.003336
0.000853
0.004416
0.009893
0.006209
0.005054
0.003423
0.003701
0.009566
0.008267
0.004799
0.000493
0.005577
0.009864
0.003847
0.007110
0.009252
0.003944
0.000971
0.006742
0.007742
0.008941
0.006084
0.008590
0.001300
0.007705
0.001541
0.003369
0.006986
0.002090
0.006260
0.000323
0.002932
0.000676
0.000216
0.009131
0.005720
0.003629
0.002832
0.005286
0.001895
0.007621
0.005769
0.007462
0.007485
0.009606
0.004572
0.006737
0.003550
0.005532
0.003479
0.001292
0.004474
0.009553
0.009872
0.005764
0.007258
0.001413
0.009123
0.004245
0.003493
0.005382
0.004557
0.006415
0.006048
0.004763
0.005546
0.001768
0.008382
0.008368
0.007045
0.000277
0.005989
0.002814
0.007729
0.003474
0.002420
0.002301
0.000211
0.005960
0.007823
0.003681
0.007242
0.002296
0.003233
0.007115
0.008050
0.000492
0.008518
0.007173
0.004726
0.002011
0.002555
0.009274
0.008415
0.008593
0.004037
0.003962
0.000362
0.002419
0.002330
0.007397
0.002686
0.008310
0.000210
0.000415
0.001784
0.002620
0.002706
0.001985
0.008571
0.000528
0.005656
0.005813
0.002815
0.008879
0.002928
0.000865
0.009361
0.001446
0.008028
0.004087
0.003446
0.000583
0.003361
0.001862
0.009167
0.007387
0.005814
0.009518
0.009796
0.008134
0.006915
0.002482
0.006444
0.007115
0.002887
0.008218
0.009726
0.005582
0.000203
0.008297
0.006101
0.005849
0.004110
0.008906
0.004728
0.007028
0.009761
0.004089
0.008464
0.007789
0.008167
0.001910
0.008362
