0.007545
0.007378
0.006519
0.002266
0.009918
0.001788
0.001367
0.005903
0.005690
0.001122
0.008107
0.001909
0.005347
0.004595
0.006275
0.003257
0.001830
0.004362
0.008717
0.009410
0.005222
0.005521
0.001186
0.006045
0.002981
0.008843
0.004980
0.007518
0.003764
0.003718
0.006716
0.001308
0.001095
0.003235
0.003565
0.001014
0.005012
0.004921
0.006907
0.000702
0.006034
0.005014
0.002601
0.001381
0.009599
0.008866
0.004628
0.001429
0.003228
0.003345
0.000839
0.008440
0.008856
0.002015
0.004485
0.001836
0.000858
0.009455
0.009344
0.004611
0.003173
0.006060
0.005910
0.004259
0.009285
0.009464
0.005262
0.004297
0.004386
0.002169
0.004989
0.000420
0.007173
0.007580
0.001791
0.006772
0.006446
0.006409
0.008191
0.009665
0.009744
0.009020
0.008105
0.008600
0.001035
0.002590
0.000437
0.001882
0.002046
0.009771
0.006484
0.005209
0.005831
0.002394
0.009457
0.005115
0.001858
0.004720
0.009402
0.006234
0.006878
0.004392
0.006643
0.004051
0.001972
0.008424
0.000823
0.008408
0.004833
0.009004
0.008073
0.004578
0.008024
0.006178
0.003178
0.009049
0.008758
0.003605
0.000931
0.000804
0.003376
0.007405
0.006003
0.009197
0.009789
0.005460
0.004312
0.001646
0.000180
0.003714
0.007870
0.007048
0.008096
0.004513
0.001099
0.000068
0.002938
0.001912
0.008466
0.007761
0.000916
0.006539
0.002339
0.008930
0.002716
0.005507
0.007979
0.001475
0.009102
0.008900
0.002268
0.002478
0.006305
0.008261
0.001674
0.006094
0.003721
0.005976
0.007730
0.003891
0.009680
0.005600
0.000938
0.007776
0.000113
0.002028
0.007833
0.003041
0.003930
0.006299
0.000802
0.004836
0.002837
0.003130
0.003767
0.005544
0.008627
0.001746
0.007008
0.007729
0.000646
0.009267
0.000206
0.006941
0.007528
0.001871
0.003035
0.001249
0.007836
0.000765
0.005129
0.007517
0.006355
0.006058
0.005292
0.006458
0.008075
0.003125
0.009489
0.002005
0.009414
0.000291
0.006832
0.002252
0.003411
0.000598
0.007786
0.002038
0.002334
0.004794
0.009757
0.002970
0.004061
0.009953
0.009901
0.001589
0.001824
0.002935
0.002828
0.009650
0.003690
0.007947
0.007167
0.000044
0.004005
0.002459
0.006492
0.002080
0.005575
0.005981
0.004076
0.004989
0.006262
0.000907
0.007231
0.009664
0.001496
0.005016
0.001702
0.003820
0.009800
0.001459
0.006779
0.003861
0.001413
0.006680
0.005440
0.003227
0.009605
0.008258
0.002877
0.003295
0.006205
0.000044
0.003329
0.000209
0.002493
0.009811
0.002280
0.008058
0.005793
0.006345
0.003047
0.002055
0.007243
0.000278
0.001718
0.008728
0.005284
0.003410
0.002548
0.005085
0.004859
0.009317
0.008936
0.006262
0.005997
0.004376
0.009478
0.005602
0.002633
0.002355
0.008886
0.008828
0.002390
0.002215
0.009027
0.004873
0.002026
0.001307
0.002931
0.007809
0.007642
0.005968
0.009854
0.004885
0.006235
0.001572
0.003613
0.001519
0.004972
0.006151
0.006594
0.009822
0.005468
0.005530
0.006083
0.001464
0.009896
0.005562
0.007056
0.002529
0.007907
0.005942
0.001357
0.000297
0.008147
0.000384
0.005160
0.000174
0.001681
0.008080
0.007972
0.009313
0.004048
0.007826
0.004198
0.000284
0.009388
0.007802
0.001793
0.004360
0.003952
0.008377
0.004182
0.009410
0.003907
0.000265
0.000875
0.003803
0.005817
0.007921
0.006322
0.003724
0.003863
0.007669
0.004011
0.002011
0.008043
0.009161
0.002174
0.009714
0.007241
0.000147
0.009027
0.001289
0.007963
0.003226
0.001563
0.007351
0.001027
0.003346
0.001711
0.004970
0.001723
0.005882
0.004380
0.005620
0.006137
0.005244
0.009412
0.001954
0.003165
0.005734
0.005668
0.007018
0.003402
0.009669
0.009019
0.001445
0.008830
0.001193
0.001159
0.006071
0.001330
0.000186
0.007350
0.009282
0.003402
0.008902
0.006633
0.004419
0.002248
0.008334
0.009379
0.003961
0.004216
0.003759
0.009570
0.000353
0.008993
0.008982
0.002298
0.002158
0.004716
0.007956
0.009166
0.008108
0.007625
0.008185
0.009543
0.006455
0.009368
0.000702
0.002526
0.000697
0.000879
0.009866
0.009970
0.004271
0.008768
0.006603
0.008680
0.001016
0.004936
0.008059
0.004967
0.009142
0.001818
0.004537
0.009486
0.000811
0.003519
0.001783
0.002959
0.008225
0.009729
0.002126
0.006333
0.007355
0.000311
0.005877
0.003810
0.009669
0.006569
0.006326
0.000366
0.007438
0.006192
0.000336
0.001708
0.004960
0.006928
0.000389
0.005966
0.001864
0.008438
0.000933
0.001006
0.000256
0.005460
0.000492
0.001058
0.008969
0.002265
0.004007
0.007194
0.001995
0.006123
0.003528
0.009339
0.006423
0.009394
0.003149
0.006092
0.005963
0.009465
0.006448
0.003401
0.005657
0.006774
0.005099
0.000617
0.003702
0.005478
0.006573
0.005556
0.003916
0.007497
0.006553
0.004162
0.002957
0.007035
0.005210
0.001926
0.009290
0.009207
0.009110
0.001284
0.005330
0.002638
0.000624
0.001753
0.002032
0.003763
0.007835
0.007986
0.003228
0.004283
0.001387
0.008875
0.001057
0.006476
0.009482
0.004749
0.001954
0.006056
0.000305
0.005861
0.003552
0.006848
0.000023
0.006499
0.003882
0.005223
0.008415
0.003172
0.004430
0.007526
0.004447
0.009750
0.000164
0.005060
0.001503
0.002186
0.008813
0.009329
0.000172
0.002042
0.003612
0.001549
0.000917
0.004659
0.008015
0.000400
0.009398
0.009959
0.006445
0.009693
0.005820
0.009988
0.006541
0.005833
0.006487
0.000424
0.001056
0.004902
0.003586
0.005476
0.002428
0.008023
0.005226
0.002582
0.003083
0.006719
0.004758
0.001896
0.006048
0.004920
0.003928
0.009650
0.006458
0.004835
0.004309
0.004473
0.005224
0.003707
0.004432
0.001670
0.003400
0.000252
0.001658
0.009932
0.006074
0.008135
0.000356
0.007120
0.003037
0.003932
0.002596
0.005455
0.001954
0.007812
0.008027
0.005027
0.004531
0.002784
0.006913
0.000579
0.007694
0.000841
0.000228
0.004152
0.005666
0.004527
0.008615
0.000891
0.008224
0.003048
0.002551
0.001624
0.003289
0.004198
0.001556
0.009354
0.002333
0.001902
0.006474
0.005360
0.005824
0.009060
0.000815
0.007768
0.006872
0.008832
0.002795
0.001403
0.001616
0.009698
0.001971
0.009300
0.000540
0.002189
0.003453
0.006196
0.006706
0.002068
0.007077
0.004930
0.005106
0.009618
0.006545
0.008385
0.003816
0.008091
0.007739
0.006139
0.009983
0.004213
0.001499
0.005807
0.003273
0.002304
0.003574
0.000144
0.001136
0.006359
0.001537
0.002742
0.006058
0.003498
0.002043
0.006588
0.005677
0.005485
0.002784
0.002384
0.007543
0.009851
0.007304
0.002649
0.009468
0.003849
0.001034
0.003284
0.001941
0.008763
0.009413
0.001924
0.002976
0.000913
0.007720
0.006239
0.003207
0.001295
0.006373
0.004333
0.007644
0.007900
0.007066
0.003702
0.001398
0.009098
0.000290
0.007066
0.004584
0.003063
0.009440
0.002127
0.002914
0.006744
0.004766
0.002383
0.000593
0.005790
0.005657
0.002524
0.004553
0.005070
0.004438
0.007519
0.005973
0.002158
0.003758
0.009170
0.003443
0.000131
0.003503
0.001087
0.008021
0.000569
0.004778
0.009409
0.009657
0.005058
0.006475
0.004241
0.008111
0.005914
0.006358
0.001026
0.002658
0.001124
0.003398
0.003242
0.006904
0.009045
0.005756
0.001457
0.004116
0.000193
0.008966
0.000089
0.002341
0.002723
0.009249
0.005773
0.002844
0.002752
0.006850
0.000865
0.003311
0.001629
0.000274
0.002968
0.006677
0.006739
0.007199
0.004788
0.002654
0.003557
0.005804
0.005302
0.004670
0.009192
0.008534
0.001574
0.008238
0.004289
0.003021
0.002353
0.004472
0.001987
0.002432
0.006803
0.004700
0.001681
0.002577
0.007534
0.004423
0.009417
0.008389
0.007724
0.001045
0.008654
0.000692
0.007712
0.005393
0.007881
0.002500
0.008037
0.001437
0.008294
0.003339
0.006098
0.007486
0.001873
0.007662
0.005724
0.006152
0.000683
0.008067
0.000625
0.002659
0.000499
0.007418
0.007349
0.002170
0.009985
0.004883
0.006583
0.009402
0.003273
0.004307
0.000447
0.001926
0.004988
0.008149
0.007309
0.002869
0.000649
0.005346
0.004296
0.008933
0.008675
0.000394
0.006419
0.000548
0.008046
0.002143
0.006690
0.008719
0.000210
0.007305
0.001379
0.000700
0.004723
0.008718
0.002860
0.004708
0.003601
0.009433
0.004110
0.006864
0.003740
0.004547
0.008780
0.008718
0.002696
0.006089
0.001587
0.003335
0.001435
0.005873
0.002268
0.000110
0.006258
0.008677
0.000648
0.004304
0.000820
0.007328
0.003023
0.001021
0.004632
0.004392
0.001710
0.009345
0.003110
0.004560
0.004053
0.006701
0.003993
0.008153
0.003566
0.007723
0.002700
0.002346
0.006441
0.005386
0.008425
0.008018
0.008711
0.009851
0.003891
0.000979
0.009951
0.000149
0.009647
0.000599
0.004443
0.000467
0.007917
0.007456
0.001478
0.002549
0.001848
0.003178
0.001894
0.004948
0.007728
0.005937
0.001650
0.001722
0.004090
0.005205
0.009435
0.006780
0.007541
0.005876
0.002165
0.005967
0.003894
0.000877
0.005817
0.007776
0.001846
0.005768
0.007915
0.001493
0.006357
0.002358
0.001950
0.004274
0.009804
0.003418
0.006813
0.001652
0.006586
0.008697
0.006591
0.004314
0.004634
0.008230
0.006026
0.008714
0.003436
0.005461
0.005494
0.000977
0.001337
0.007649
0.006933
0.005221
0.008516
0.002751
0.002997
0.000362
0.008509
0.000911
0.001845
0.004866
0.003259
0.003784
0.009130
0.003064
0.007192
0.005942
0.004706
0.003778
0.004639
0.001297
0.008081
0.009263
0.009517
0.004107
0.007978
0.002953
0.009558
0.003472
0.003919
0.000894
0.001121
0.000853
0.006105
0.009627
0.003593
0.009092
0.009979
0.002102
0.009993
0.001823
0.006958
0.003253
0.005598
0.006087
0.006306
0.002790
0.002029
0.001012
0.006558
0.006659
0.002299
0.004639
0.005922
0.001816
0.008736
0.003900
0.004759
0.008294
0.007361
0.008668
0.009178
0.008472
0.009511
0.005283
0.008099
0.003104
0.004375
0.008078
0.005196
0.004368
0.009891
0.002153
0.007611
0.005489
0.008231
0.003917
0.008269
0.000260
0.004920
0.004827
0.006909
0.007209
0.009456
0.002831
0.009015
0.008192
0.006721
0.003774
0.006486
0.004082
0.002443
0.005664
0.002554
0.001953
0.000947
0.000653
0.005047
0.005312
0.008721
0.000243
0.009671
0.008613
0.002386
0.007282
0.004102
0.000617
0.001199
0.002371
0.000867
0.006108
0.007188
0.007766
0.003317
0.006644
0.000597
0.002332
0.004836
0.007307
0.006097
0.001322
0.001389
0.008529
0.006976
0.003933
0.000482
0.007913
0.004577
0.005520
0.003226
0.003298
0.005753
0.002896
0.001911
0.008129
0.000178
0.006003
0.008736
0.001367
0.008364
0.009593
0.007465
0.005552
0.007359
0.000782
0.002196
0.007946
0.003105
0.007022
0.005253
0.009191
0.008334
0.006632
0.007720
0.005311
0.000566
0.008193
0.003224
0.005132
0.003712
0.006440
0.008420
0.009455
0.009326
0.000331
0.007584
0.009493
0.006323
0.006320
0.000860
0.004687
0.005913
0.008315
0.000239
0.003272
0.009087
0.002425
0.001218
0.002192
0.009438
0.006461
0.001383
0.007772
0.003093
0.009093
0.003083
0.003649
0.007286
0.006297
0.008771
0.000998
0.002736
0.007191
0.000453
0.002062
0.007512
0.008027
0.001555
0.003835
0.004347
0.002405
0.008512
0.000260
0.000720
0.008741
0.003521
0.009797
0.001167
0.004729
0.001989
0.000604
0.001190
0.003362
0.008366
0.004273
0.002455
0.001449
0.007912
0.009730
0.007736
0.006683
0.000728
0.000472
0.003874
0.001171
0.002523
0.001386
0.009188
0.004069
0.005211
0.003535
0.006464
0.003723
0.003784
0.007174
0.002465
0.007295
0.006971
0.003621
0.002025
0.008950
0.004216
0.003205
0.002312
0.002582
0.007468
0.004757
0.004021
0.005380
0.004487
0.001757
0.002063
0.005205
0.002218
0.005927
0.006366
0.004732
0.007303
0.005554
0.008790
0.002514
0.009078
0.005254
0.006228
0.002862
0.002428
0.008683
0.000158
0.009390
0.002304
0.002172
0.008340
0.006510
0.005367
0.000652
0.009082
0.002835
0.005398
0.003103
0.008204
0.009875
0.004850
0.000267
0.005080
0.007058
0.006184
0.001446
0.001790
0.003487
0.006990
0.000580
0.005992
0.006068
0.005824
0.002219
0.008921
0.008243
0.000902
0.009068
0.007633
0.003196
0.001241
0.005973
0.009695
0.006598
0.006615
0.008777
0.009422
0.002013
0.001881
0.007627
0.001888
0.006720
0.007884
0.006958
0.003779
0.004068
0.008394
0.005559
0.007545
0.005384
0.006129
0.003537
0.001452
0.001953
0.005746
0.000373
0.000196
0.006638
0.009431
0.007819
0.009823
0.000672
0.003791
0.009519
0.007260
0.000406
0.008296
0.006682
0.002409
0.000177
0.004308
0.004287
0.006887
0.002192
0.001245
0.000666
0.006250
0.009629
0.006214
0.003795
0.005013
0.002343
0.007322
0.006455
0.004287
0.003068
0.006818
0.004473
0.009695
0.006249
0.002291
0.009518
0.006911
0.006072
0.009037
0.004170
0.006468
0.007333
0.000852
0.008867
0.007500
0.005151
0.003154
0.004387
0.007333
0.004389
0.005043
0.003583
0.004018
0.001258
0.007368
0.009021
0.003591
0.004690
0.005476
0.007868
0.007748
0.002294
0.002340
0.007443
0.008533
0.004621
0.006962
0.005444
0.000694
0.005999
0.009605
0.007152
0.003332
0.000457
0.006019
0.000832
0.005598
0.009163
0.005210
0.002931
0.003552
0.000253
0.006504
0.007560
0.001501
0.003872
0.006581
0.005082
0.008552
0.002057
0.002949
0.006300
0.004341
0.005280
0.003743
0.002875
0.009891
0.000704
0.008309
0.000585
0.006693
0.007914
0.007727
0.000025
0.008361
0.003746
0.000848
0.003959
0.002909
0.006047
0.006880
0.006451
0.006290
0.003383
0.004010
0.007781
0.007245
0.000591
0.002863
0.005797
0.002638
0.005802
0.002097
0.006969
0.001082
0.005830
0.009834
0.000973
0.006524
0.008143
0.001547
0.003217
0.006057
0.009265
0.003232
0.004418
0.003011
0.004070
0.008367
0.005910
0.000117
0.005247
0.002360
0.006397
0.008620
0.006360
0.004178
0.005865
0.006941
0.007031
0.001662
0.009568
0.002833
0.003749
0.006537
0.003904
0.009569
0.006371
0.004867
0.006092
0.004514
0.006405
0.009299
0.000571
0.005669
0.002532
0.004979
0.008670
0.006591
0.003346
0.004579
0.006698
0.008583
0.006929
0.003095
0.007203
0.003290
0.007264
0.003068
0.000230
0.004294
0.004720
0.009789
0.007117
0.008459
0.006326
0.001022
0.008028
0.002697
0.005879
0.004120
0.007200
0.002283
0.003420
0.007761
0.007942
0.005941
0.002740
0.006612
0.002533
0.006076
0.001192
0.009221
0.004658
0.008111
0.002316
0.001861
0.001400
0.009570
0.004920
0.001621
0.003864
0.009630
0.001409
0.000982
0.008089
0.007725
0.001993
0.006117
0.000422
0.007862
0.000238
0.007612
0.000146
0.003647
0.005373
0.008078
0.009579
0.008102
0.004690
0.002112
0.004178
0.005872
0.001333
0.008826
0.003983
0.003639
0.000688
0.005373
0.003209
0.005597
0.006984
0.007063
0.005227
0.008384
0.008035
0.003316
0.006109
0.000029
0.009424
0.006520
0.007881
0.009651
0.004132
0.008016
0.003299
0.009495
0.006095
0.002878
0.007597
0.000785
0.004979
0.001775
0.006647
0.006302
0.000601
0.000630
0.009931
0.001279
0.005993
0.003140
0.006866
0.002977
0.000204
0.002093
0.001360
0.008229
0.005400
0.007459
0.008247
0.004823
0.003979
0.006128
0.004475
0.008102
0.004144
0.007764
0.007596
0.000239
0.000642
0.005193
0.001014
0.005611
0.006958
0.007651
0.001913
0.007550
0.008270
0.001844
0.008818
0.004263
0.004974
0.005684
0.007230
0.005168
0.007768
0.008580
0.003396
0.003167
0.006039
0.001643
0.007981
0.000019
0.007761
0.002456
0.008110
0.001906
0.000220
0.005707
0.002135
0.000851
0.000900
0.003139
0.006452
0.007848
0.000789
0.008355
0.005398
0.009049
0.000200
0.004216
0.003312
0.005164
0.009891
0.000542
0.000331
0.007659
0.009112
0.003717
0.000826
0.005152
0.005351
0.008797
0.005161
0.003112
0.001252
0.003271
0.005008
0.001462
0.008968
0.007133
0.002303
0.009858
0.000271
0.008746
0.007706
0.001050
0.007101
0.003104
0.000100
0.007291
0.007311
0.003402
0.002454
0.007202
0.003934
0.002775
0.004860
0.003046
0.006483
0.005676
0.008188
0.001834
0.004473
0.003348
0.004936
0.005715
0.006609
0.009934
0.007167
0.005577
0.007067
0.009460
0.005435
0.007328
0.008206
0.003142
0.008368
0.005307
0.006236
0.008458
0.002597
0.003547
0.001860
0.005042
0.000749
0.005783
0.007807
0.005599
0.008820
0.004290
0.001275
0.007007
0.006113
0.005738
0.000356
0.001049
0.001453
0.006955
0.000983
0.008610
0.002532
0.008040
0.008070
0.007958
0.005368
0.006276
0.001099
0.003736
0.001583
0.007325
0.002194
0.004170
0.000872
0.004044
0.009202
0.001611
0.009817
0.007009
0.007200
0.008637
0.001299
0.008465
0.005644
0.007402
0.004203
0.005990
0.008442
0.005646
0.002945
0.009415
0.004256
0.005468
0.007455
0.002327
0.003425
0.002823
0.008593
0.004515
0.006549
0.000176
0.001840
0.008734
0.004337
0.002702
0.002778
0.003539
0.004304
0.002595
0.000548
0.001503
0.001232
0.001836
0.009959
0.006866
0.009229
0.004162
0.002856
0.007670
0.009798
0.005791
0.007085
0.004054
0.001259
0.004541
0.006371
0.004674
0.007354
0.004964
0.009179
0.003903
0.005130
0.001019
0.002637
0.009456
0.003712
0.005404
0.002995
0.008005
0.007989
0.003533
0.009499
0.009211
0.005359
0.009457
0.006077
0.004588
0.003619
0.008923
0.002258
0.003417
0.004714
0.009334
0.007461
0.005963
0.003874
0.003831
0.000637
0.001228
0.008785
0.009806
0.005121
0.003915
0.000825
0.007748
0.003371
0.004527
0.003152
0.006356
0.002532
0.001141
0.009879
0.002031
0.000352
0.005238
0.001488
0.006419
0.009815
0.005097
0.005341
0.002074
0.008503
0.000055
0.001407
0.005964
0.006008
0.005271
0.009785
0.006635
0.006489
0.008570
0.006441
0.001610
0.002485
0.007256
0.009348
0.005846
0.001783
0.002500
0.002203
0.004305
0.003631
0.002081
0.006326
0.003973
0.007309
0.007804
0.000392
0.007124
0.002901
0.005723
0.009188
0.001404
0.005768
0.000595
0.007358
0.001775
0.005857
0.007143
0.008400
0.002346
0.005713
0.004840
0.003946
0.008189
0.002096
0.003294
0.004035
0.003869
0.005784
0.006228
0.008164
0.009405
0.008299
0.004490
0.003378
0.005608
0.002294
0.003759
0.002733
0.005184
0.009472
0.001921
0.006578
0.005240
0.002506
0.003936
0.007005
0.008353
0.001079
0.005405
0.000698
0.006783
0.000245
0.004634
0.004971
0.002331
0.007918
0.008997
0.006190
0.003702
0.005225
0.004354
0.003107
0.003524
0.008834
0.006474
0.009122
0.001128
0.000234
0.001854
0.006302
0.009696
0.003765
0.002880
0.004936
0.006261
0.006806
0.001941
0.004613
0.007876
0.007336
0.005302
0.004658
0.007571
0.009926
0.009620
0.009892
0.007844
0.008616
0.006082
0.001546
0.003841
0.000437
0.004643
0.007355
0.009261
0.001117
0.006476
0.000389
0.001341
0.008321
0.006681
0.001037
0.002086
0.009551
0.005962
0.008337
0.006358
0.007893
0.002950
0.004233
0.005229
0.008242
0.008882
0.002800
0.008168
0.008501
0.002692
0.006012
0.007118
0.008764
0.007548
0.000959
0.009191
0.002191
0.008303
0.008452
0.003297
0.004780
0.008831
0.004628
0.003101
0.005512
0.005655
0.005177
0.005063
0.001617
0.003513
0.001421
0.009500
0.006453
0.005644
0.004729
0.004695
0.004526
0.007519
0.002863
0.003027
0.000211
0.008865
0.000145
0.008965
0.006413
0.001094
0.008156
0.008594
0.009388
0.006608
0.001891
0.004167
0.005439
0.006509
0.007258
0.000951
0.002164
0.002435
0.006004
0.003771
0.005938
0.007415
0.003271
0.002391
0.003059
0.007990
0.007076
0.007575
0.005510
0.009929
0.000603
0.005710
0.008794
0.000738
0.004676
0.005208
0.001822
0.002832
0.003801
0.001210
0.009430
0.005683
0.005367
0.004869
0.002192
0.002625
0.005810
0.004346
0.005050
0.001814
0.008107
0.000988
0.009219
0.001378
0.003369
0.002278
0.009359
0.000445
0.009844
0.004868
0.000374
0.000447
0.000579
0.009158
0.001175
0.005244
0.004366
0.002987
0.008066
0.008157
0.004187
0.007496
0.003840
0.009544
0.002365
0.006022
0.002169
0.008165
0.000368
0.007209
0.009968
0.008465
0.008187
0.009187
0.009833
0.001555
0.001466
0.009192
0.001990
0.001309
0.004060
0.002354
0.001746
0.004628
0.001513
0.002911
0.009863
0.005869
0.005888
0.007928
0.004026
0.000075
0.005424
0.007856
0.009609
0.007779
0.003878
0.001778
0.005944
0.004237
0.008977
0.005912
0.002702
0.007164
0.005099
0.002535
0.008710
0.006555
0.001727
0.000700
0.007854
0.005777
0.003044
0.009590
0.000406
0.004547
0.002501
0.000268
0.000415
0.008379
0.008187
0.004431
0.008443
0.003611
0.002287
0.008052
0.001390
0.006156
0.009821
0.007324
0.000392
0.008798
0.003236
0.003084
0.005962
0.008325
0.005610
0.004672
0.004880
0.007327
0.005362
0.002735
0.003105
0.008396
0.002325
0.003500
0.002942
0.004816
0.003759
0.003348
0.003195
0.001945
0.007769
0.001639
0.005546
0.000056
0.009681
0.006926
0.006202
0.009501
0.004250
0.006584
0.008299
0.007476
0.009659
0.004262
0.005801
0.005269
0.008924
0.000681
0.002596
0.004285
0.003406
0.005691
0.002681
0.005721
0.009181
0.005613
0.000537
0.002939
0.008951
0.003722
0.004875
0.006720
0.005351
0.000421
0.006766
0.005032
0.007338
0.002968
0.004533
0.001588
0.009543
0.002833
0.009054
0.009202
0.007084
0.004855
0.004470
0.006008
0.005526
0.007056
0.000293
0.008922
0.002747
0.002964
0.004643
0.001928
0.008567
0.005170
0.004857
0.007518
0.008883
0.009722
0.004238
0.004234
0.000143
0.001005
0.009255
0.007470
0.003963
0.003788
0.009048
0.003506
0.006611
0.008101
0.002708
0.003695
0.002956
0.007168
0.009693
0.008472
0.004224
0.009976
0.007394
0.006961
0.002939
0.002037
0.008878
0.001507
0.007197
0.003735
0.009015
0.006080
0.003457
0.003253
0.000313
0.003589
0.004248
0.009558
0.001060
0.008202
0.003347
0.000107
0.001708
0.009948
0.008199
0.004405
0.003643
0.001155
0.001573
0.003335
0.009616
0.005787
0.003311
0.007010
0.002748
0.006240
0.009037
0.001627
0.007737
0.006234
0.005352
0.006752
0.002313
0.008799
0.009995
0.002616
0.002389
0.004243
0.002174
0.003438
0.002445
0.005511
0.003535
0.004143
0.005459
0.001734
0.008538
0.009091
0.002879
0.000111
0.002427
0.002495
0.005889
0.005728
0.009495
0.008627
0.001968
0.008532
0.000254
0.009695
0.004765
0.005596
0.006447
0.007068
0.004395
0.006442
0.009675
0.006774
0.000686
0.001849
0.000212
0.003121
0.007350
0.003737
0.007253
0.002809
0.005461
0.005791
0.001900
0.008330
0.005892
0.004317
0.000825
0.001781
0.000044
0.000320
0.000408
0.002002
0.008841
0.000651
0.001697
0.003607
0.006237
0.008134
0.000675
0.000632
0.004576
0.000350
0.007396
0.005252
0.002189
0.007598
0.008363
0.009529
0.001335
0.005616
0.002338
0.006786
0.001407
0.004228
0.005116
0.007289
0.008535
0.005930
0.009060
0.008569
0.006240
0.009457
0.000571
0.005082
0.000109
0.002259
0.008678
0.006336
0.000393
0.009343
0.006959
0.004959
0.009683
0.004355
0.000211
0.001872
0.001953
0.008564
0.001401
0.003278
0.004180
0.003728
0.000064
0.005577
0.007946
0.005170
0.002866
0.006481
0.001100
0.001925
0.005050
0.007330
0.001383
0.005611
0.002412
0.001482
0.007860
0.001090
0.007808
0.008243
0.000433
0.004767
0.003202
0.000116
0.009112
0.003404
0.001978
0.001065
0.001968
0.003369
0.004332
0.006138
0.007087
0.004386
0.001714
0.005033
0.009546
0.004570
0.001514
0.000646
0.006485
0.006554
0.007966
0.007858
0.002165
0.000378
0.009330
0.000025
0.001458
0.007138
0.008257
0.001882
0.001905
0.001460
0.001988
0.001017
0.004853
0.003956
0.002071
0.006811
0.007315
0.006394
0.002949
0.004402
0.000780
0.004653
0.009426
0.000326
0.009212
0.000940
0.000962
0.005698
0.007484
0.008918
0.003556
0.009639
0.009286
0.002885
0.009653
0.000744
0.000023
0.007911
0.002616
0.001918
0.009361
0.004594
0.002925
0.004214
0.008541
0.004987
0.001025
0.005856
0.001380
0.003964
0.000258
0.002150
0.008606
0.009674
0.002466
0.007819
0.000614
0.003418
0.003517
0.008088
0.002336
0.007062
0.007726
0.001622
0.009938
0.007380
0.002357
0.009951
0.005291
0.004963
0.001870
0.004651
0.009547
0.004785
0.008855
0.008087
0.009761
0.009870
0.003943
0.001142
0.003834
0.004191
0.003282
0.002440
0.003865
0.005738
0.000259
0.004469
0.009146
0.003766
0.002556
0.001482
0.000828
0.000283
0.003094
0.000766
0.007653
0.005441
0.000717
0.002944
0.000404
0.002576
0.007585
0.009941
0.007351
0.006440
0.008028
0.007112
0.006310
0.001971
0.008244
0.000144
0.006152
0.001526
0.002574
0.000017
0.007255
0.002824
0.004476
0.006401
0.006579
0.007022
0.007873
0.007397
0.007295
0.000968
0.008153
0.004948
0.006399
0.008860
0.007881
0.006792
0.001436
0.005466
0.006733
0.008777
0.001906
0.004761
0.005889
0.008206
0.006722
0.004133
0.008340
0.002875
0.005649
0.000915
0.002882
0.002904
0.003728
0.007348
0.009295
0.000308
0.004370
0.007168
0.007695
0.001665
0.008125
0.005848
0.006602
0.004524
0.004707
0.004484
0.001317
0.006133
0.009939
0.008040
0.004910
0.001845
0.002801
0.000799
0.000052
0.009513
0.004922
0.008382
0.002388
0.000571
0.009287
0.005260
0.003465
0.003015
0.002608
0.002759
0.003313
0.006968
0.009917
0.001008
0.008623
0.008042
0.006846
0.005225
0.002566
0.001553
0.009699
0.003873
0.007676
0.009638
0.001913
0.002585
0.001484
0.004703
0.003374
0.001526
0.004216
0.008286
0.009898
0.006594
0.008847
0.009185
0.001854
0.002311
0.002200
0.004452
0.005061
0.005503
0.001420
0.004977
0.006501
0.000043
0.003020
0.003347
0.005258
0.005576
0.004889
0.004957
0.009439
0.002565
0.004595
0.001352
0.005140
0.006069
0.006045
0.008504
0.007585
0.000261
0.006790
0.007483
0.006845
0.005637
0.006668
0.008690
0.007938
0.008858
0.003142
0.002999
0.004361
0.004552
0.007966
0.000863
0.004585
0.000986
0.004199
0.009833
0.006552
0.009079
0.004790
0.005991
0.001644
0.009375
0.007332
0.006774
0.005444
0.003377
0.005278
0.003029
0.003628
0.002069
0.000512
0.000474
0.007696
0.007169
0.009154
0.005634
0.006027
0.002295
0.008623
0.000388
0.006837
0.006589
0.001241
0.001421
0.007565
0.005430
0.001254
0.004117
0.004509
0.006034
0.000108
0.006143
0.005409
0.007430
0.002917
0.000853
0.000807
0.008185
0.003872
0.004426
0.000254
0.004374
0.004890
0.007940
0.001543
0.004043
0.003574
0.007560
0.006329
0.002196
0.007938
0.003166
0.008775
0.009169
0.004577
0.006340
0.004599
0.005821
0.000457
0.009098
0.001855
0.000555
0.005241
0.007254
0.007975
0.008148
0.008097
0.008772
0.006333
0.001969
0.003198
0.006577
0.006333
0.008078
0.004517
0.007866
0.002121
0.008080
0.005426
0.008440
0.000277
0.003365
0.001605
0.009042
0.002534
0.006172
0.005382
0.007123
0.001994
0.005829
0.006221
0.003838
0.006373
0.001462
0.001092
0.004348
0.009600
0.009179
0.003120
0.005934
0.001148
0.006308
0.002511
0.007470
0.004386
0.007017
0.005336
0.006497
0.005098
0.000762
0.004937
0.005364
0.004117
0.006533
0.004406
0.006641
0.002705
0.009778
0.003764
0.004689
0.005607
0.009975
0.008517
0.001980
0.001438
0.009599
0.006318
0.001038
0.008778
0.009429
0.006961
0.009915
0.005737
0.009462
0.007386
0.000123
0.006480
0.002722
0.006610
0.001577
0.003474
0.001548
0.006931
0.007581
0.008071
0.001337
0.004222
0.000776
0.001116
0.007975
0.005455
0.006713
0.007951
0.003972
0.008683
0.009378
0.003571
0.005001
0.000416
0.002349
0.004430
0.007368
0.002264
0.000167
0.006830
0.009640
0.000280
0.003309
0.002362
0.006880
0.004877
0.005826
0.008418
0.001808
0.003407
0.006489
0.003135
0.007619
0.007255
0.004241
0.005595
0.002709
0.000954
0.003545
0.006671
0.009626
0.002923
0.000241
0.004628
0.003330
0.002580
0.009048
0.000697
0.004834
0.009205
0.007517
0.004474
0.009475
0.000826
0.006825
0.006355
0.005693
0.002652
0.004773
0.007491
0.006049
0.001262
0.000626
0.003668
0.008507
0.004857
0.009253
0.001216
0.005801
0.002798
0.007877
0.005427
0.005711
0.008108
0.000055
0.009031
0.000688
0.009093
0.009718
0.005512
0.008298
0.007235
0.009975
0.007772
0.008051
0.006801
0.004127
0.003743
0.009442
0.008891
0.001234
0.005491
0.000153
0.001850
0.009149
0.008650
0.006697
0.008402
0.009855
0.002498
0.001199
0.007732
0.007916
0.006900
0.005840
0.007961
0.005931
0.006518
0.007053
0.005649
0.002029
0.005351
0.002883
0.002005
0.003123
0.000934
0.008795
0.007241
0.004667
0.008238
0.006131
0.005891
0.003729
0.006274
0.007732
0.002878
0.004924
0.004429
0.001279
0.004779
0.006917
0.002469
0.002511
0.004833
0.009359
0.008341
0.002794
0.005290
0.004858
0.009837
0.000939
0.006878
0.005188
0.003812
0.008872
0.008301
0.004736
0.007668
0.005542
0.009393
0.005905
0.001673
0.005285
0.009624
0.007938
0.003016
0.002502
0.002861
0.007436
0.003771
0.007630
0.004353
0.006230
0.000141
0.009176
0.005589
0.008472
0.001970
0.000879
0.003331
0.001807
0.001808
0.000208
0.006985
0.005610
0.009071
0.005286
0.000346
0.006739
0.000828
0.009729
0.002644
0.002491
0.005014
0.002268
0.000429
0.008020
0.004759
0.003280
0.005455
0.008521
0.000911
0.009799
0.004750
0.001042
0.008975
0.000339
0.009504
0.000944
0.001209
0.002835
0.002741
0.003007
0.003033
0.009715
0.008606
0.002104
0.005001
0.008942
0.008832
0.005819
0.008671
0.001476
0.008301
0.003685
0.003734
0.008719
0.001704
0.008483
0.002000
0.007150
0.007004
0.002900
0.006948
0.001754
0.003932
0.005923
0.002084
0.003436
0.006857
0.003282
0.006261
0.009588
0.006279
0.009284
0.009303
0.004885
0.001387
0.004305
0.003828
0.000219
0.000124
0.002499
0.001685
0.008415
0.006173
0.005409
0.007134
0.007867
0.003892
0.009124
0.005017
0.000896
0.002024
0.001965
0.002641
0.005946
0.007878
0.004714
0.009372
0.004736
0.007987
0.005633
0.004324
0.004266
0.004917
0.003627
0.009141
0.006294
0.007922
0.002969
0.006503
0.008036
0.005457
0.008178
0.006450
0.001630
0.003587
0.003584
0.009488
0.007470
0.002708
0.004505
0.008356
0.004722
0.006460
0.000996
0.000668
0.004339
0.005701
0.000041
0.009064
0.003688
0.005664
0.003388
0.007943
0.000581
0.007005
0.007085
0.006864
0.004926
0.000053
0.003367
0.002962
0.005501
0.001546
0.009402
0.007121
0.005123
0.002987
0.006609
0.002593
0.005685
0.001113
0.000948
0.000407
0.007564
0.001935
0.001066
0.001902
0.007625
0.001097
0.000966
0.001313
0.006751
0.004344
0.009247
0.007321
0.001349
0.006331
0.004186
0.006265
0.006375
0.007543
0.009217
0.001875
0.009079
0.008620
0.008986
0.004202
0.001607
0.005595
0.006784
0.007282
0.006698
0.007722
0.007679
0.004262
0.009647
0.008735
0.006154
0.007273
0.009821
0.007111
0.008576
0.006572
0.001455
0.007822
0.003893
0.002794
0.004153
0.008069
0.009049
0.000528
0.005612
0.008266
0.002394
0.004691
0.006886
0.001380
0.008882
0.008483
0.006965
0.005666
0.005764
0.003663
0.003389
0.003443
0.007915
0.003036
0.002178
0.004069
0.000309
0.001999
0.001180
0.008874
0.008561
0.002624
0.006697
0.002454
0.005408
0.000850
0.000523
0.004457
0.001368
0.006125
0.002723
0.003752
0.000816
0.009599
0.005122
0.009688
0.008082
0.002087
0.005355
0.003846
0.005739
0.008733
0.007279
0.003654
0.001770
0.009447
0.007713
0.002068
0.001445
0.008883
0.000943
0.009996
0.001507
0.007629
0.002450
0.006905
0.008470
0.002963
0.001362
0.009828
0.009078
0.004075
0.003580
0.009884
0.003675
0.008692
0.009572
0.001756
0.000778
0.004927
0.005592
0.006508
0.003660
0.002872
0.000162
0.005420
0.002318
0.007865
0.007478
0.003754
0.006748
0.008411
0.003750
0.008245
0.006040
0.006190
0.005150
0.004510
0.009144
0.006502
0.004337
0.008222
0.000577
0.007907
0.008106
0.004242
0.006599
0.007678
0.005988
0.007367
0.002605
0.001581
0.003874
0.006255
0.004442
0.004026
0.001675
0.006750
0.001891
0.009143
0.000504
0.008629
0.007553
0.004244
0.006874
0.003593
0.000434
0.002024
0.008093
0.009568
0.008516
0.002430
0.007790
0.009084
0.000338
0.005895
0.003326
0.006926
0.003574
0.009304
0.004293
0.006168
0.000885
0.008158
0.002423
0.005317
0.002184
0.004088
0.002068
0.004065
0.003231
0.002562
0.002695
0.000784
0.006796
0.009559
0.004367
0.007220
0.001583
0.002460
0.006788
0.000099
0.004880
0.004577
0.009173
0.005208
0.000473
0.002499
0.002134
0.004036
0.001803
0.006417
0.000205
0.002678
0.004575
0.002618
0.007985
0.006749
0.006696
0.000052
0.000814
0.009917
0.002604
0.003499
0.000701
0.009390
0.003058
0.005058
0.006610
0.004631
0.007508
0.003398
0.004720
0.002388
0.007965
0.003893
0.007586
0.008428
0.006382
0.009711
0.002464
0.008175
0.006128
0.002659
0.000852
0.000703
0.005267
0.008827
0.007442
0.001963
0.008870
0.008246
0.001880
0.001474
0.001746
0.002571
0.000864
0.004793
0.007619
0.007464
0.009414
0.005127
0.000862
0.004135
0.007505
0.008817
0.008018
0.005091
0.007245
0.004400
0.004802
0.009700
0.002575
0.000930
0.002359
0.003417
0.001623
0.007617
0.002244
0.009055
0.009570
0.001114
0.007301
0.001450
0.002577
0.009037
0.004011
0.003431
0.003830
0.001629
0.000895
0.003245
0.006746
0.001747
0.007369
0.004251
0.000565
0.005388
0.009332
0.007800
0.009778
0.004134
0.007500
0.002352
0.005054
0.009849
0.005759
0.006667
0.007466
0.007993
0.005721
0.007036
0.009097
0.003023
0.008476
0.001674
0.002059
0.002487
0.005095
0.005880
0.004106
0.005981
0.009114
0.000852
0.007718
0.006484
0.005093
0.008273
0.001871
0.004425
0.006073
0.001649
0.008549
0.003573
0.003991
0.003603
0.003422
0.009741
0.000270
0.000888
0.007734
0.005981
0.007913
0.006831
0.008994
0.006389
0.008495
0.001053
0.008866
0.003591
0.006923
0.002972
0.009562
0.006037
0.003814
0.007280
0.002521
0.008897
0.005553
0.004382
0.003322
0.001626
0.006021
0.001872
0.005189
0.000013
0.005465
0.008601
0.009743
0.005724
0.009478
0.007478
0.001705
0.007392
0.004309
0.000699
0.003781
0.002804
0.001742
0.002647
0.006385
0.008655
0.005608
0.005947
0.004692
0.009413
0.003227
0.007203
0.008310
0.008770
0.001585
0.001632
0.000395
0.007596
0.003494
0.005574
0.007599
0.008948
0.004175
0.007342
0.004673
0.003654
0.004820
0.006368
0.001045
0.009119
0.007057
0.004816
0.001923
0.008790
0.007453
0.008298
0.007445
0.003061
0.004245
0.002137
0.002474
0.007462
0.009330
0.000783
0.006231
0.000915
0.002406
0.006617
0.008502
0.005889
0.002191
0.006101
0.004838
0.006356
0.003443
0.009501
0.010000
0.008253
0.005869
0.001045
0.007372
0.002926
0.005851
0.009285
0.001716
0.003303
0.007583
0.009151
0.006354
0.001828
0.001288
0.008818
0.009280
0.000618
0.009592
0.005511
0.001523
0.001997
0.002128
0.000025
0.007877
0.004309
0.006116
0.002715
0.000665
0.009549
0.002215
0.000664
0.007802
0.008074
0.001699
0.005174
0.001000
0.007540
0.004459
0.002705
0.000843
0.002043
0.001856
0.007188
0.003861
0.003134
0.006006
0.003141
0.003741
0.005597
0.008642
0.005255
0.007585
0.000770
0.005270
0.005461
0.005069
0.001386
0.008166
0.005724
0.000935
0.000381
0.006378
0.008727
0.008444
0.008067
0.003901
0.009434
0.005607
0.008351
0.002140
0.006441
0.000393
0.003985
0.003628
0.004244
0.007109
0.009624
0.007375
0.000850
0.005222
0.006017
0.006095
0.002806
0.006777
0.001365
0.008257
0.001846
0.002740
0.006423
0.007560
0.003665
0.006794
0.003938
0.002392
0.005238
0.002005
0.006283
0.004672
0.007603
0.004633
0.006802
0.004043
0.005017
0.000787
0.007662
0.009251
0.007886
0.007286
0.006626
0.008727
0.002507
0.002644
0.004821
0.005303
0.009411
0.006176
0.003561
0.001257
0.008906
0.009974
0.008807
0.002571
0.006767
0.002745
0.004953
0.002005
0.004741
0.001235
0.006668
0.002343
0.005859
0.003470
0.006376
0.000875
0.004247
0.004038
0.000126
0.002133
0.001324
0.006742
0.000860
0.003821
0.009376
0.005671
0.009115
0.008787
0.001847
0.002675
0.000044
0.000753
0.002649
0.008842
0.003315
0.009406
0.001587
0.008257
0.001412
0.006318
0.009482
0.008069
0.008651
0.005341
0.001539
0.005027
0.006206
0.005776
0.009055
0.006322
0.007899
0.000379
0.003065
0.008749
0.004190
0.002441
0.004420
0.003304
0.001228
0.006257
0.005970
0.001262
0.007000
0.008609
0.000104
0.000315
0.008015
0.001681
0.008562
0.009417
0.007989
0.008044
0.007486
0.006639
0.003385
0.009015
0.001667
0.009582
0.004791
0.000722
0.005904
0.002690
0.001091
0.008959
0.001438
0.005270
0.001399
0.005848
0.008565
0.002617
0.002105
0.004535
0.003869
0.009095
0.003143
0.003963
0.009400
0.001158
0.005634
0.007962
0.000574
0.003622
0.006006
0.008050
0.000262
0.009382
0.007065
0.001918
0.008963
0.001856
0.002630
0.004867
0.004536
0.003711
0.003826
0.005965
0.008971
0.005215
0.001813
0.007536
0.007822
0.003908
0.002071
0.001691
0.003003
0.005204
0.005643
0.002403
0.006352
0.001277
0.000365
0.006916
0.004889
0.006361
0.004967
0.005141
0.005743
0.002032
0.007049
0.004706
0.003878
0.009669
0.009563
0.008405
0.003380
0.003389
0.004369
0.002351
0.008594
0.006172
0.009877
0.006416
0.000080
0.001948
0.008096
0.003073
0.007141
0.003740
0.005466
0.003493
0.005006
0.005821
0.000409
0.009885
0.002182
0.005366
0.005026
0.007915
0.007388
0.002075
0.002621
0.001266
0.001744
0.002185
0.009661
0.005114
0.005564
0.004030
0.007454
0.004158
0.000203
0.007331
0.000573
0.000273
0.009269
0.008660
0.003336
0.006410
0.002399
0.008792
0.009894
0.007396
0.004613
0.000303
0.007281
0.006785
0.005659
0.002307
0.004700
0.003047
0.004372
0.007311
0.004303
0.006105
0.009486
0.003964
0.001219
0.005050
0.007984
0.008663
0.009198
0.008177
0.005995
0.009761
0.008440
0.005264
0.008421
0.001776
0.001674
0.000820
0.000567
0.001568
0.008206
0.005170
0.001861
0.005487
0.001955
0.007509
0.007784
0.006645
0.000556
0.002156
0.003956
0.004849
0.008251
0.003442
0.008803
0.009460
0.008482
0.006788
0.008124
0.007680
0.004965
0.004119
0.007441
0.003405
0.009373
0.005862
0.005170
0.001047
0.006673
0.005728
0.002605
0.004879
0.000897
0.004456
0.000366
0.002842
0.001965
0.008140
0.009477
0.002511
0.000296
0.003433
0.007351
0.008537
0.006865
0.006154
0.007998
0.005348
0.002942
0.006121
0.003028
0.007896
0.000240
0.000469
0.001301
0.009603
0.006322
0.006461
0.000650
0.002995
0.002189
0.003245
0.007864
0.003077
0.007691
0.008220
0.005909
0.009646
0.006360
0.005386
0.002158
0.006646
0.008809
0.009498
0.005184
0.005674
0.005652
0.003182
0.001022
0.008584
0.009293
0.004040
0.006480
0.009523
0.004499
0.007771
0.009126
0.000821
0.004233
0.009766
0.003806
0.006412
0.003011
0.001670
0.009478
0.000701
0.009879
0.005387
0.000347
0.006240
0.000773
0.002495
0.002886
0.009572
0.001993
0.008060
0.005246
0.007636
0.001242
0.006258
0.006219
0.000535
