0.004802
0.002127
0.007339
0.004235
0.004572
0.001749
0.004222
0.006114
0.000658
0.005330
0.007590
0.002253
0.003524
0.008148
0.009521
0.003131
0.001148
0.003382
0.001357
0.000893
0.001133
0.009573
0.009753
0.005195
0.005460
0.007727
0.009155
0.004342
0.005518
0.009226
0.000529
0.000320
0.001352
0.007858
0.004545
0.005914
0.009597
0.008757
0.002029
0.000254
0.004087
0.009608
0.002497
0.007601
0.007757
0.002018
0.000732
0.008895
0.005389
0.002079
0.009778
0.006513
0.001652
0.009530
0.001708
0.007102
0.007257
0.000863
0.001444
0.002775
0.000089
0.001963
0.003086
0.001431
0.009811
0.007621
0.007335
0.009407
0.006378
0.009354
0.009651
0.000465
0.008962
0.002148
0.008056
0.006719
0.004156
0.008779
0.005614
0.009535
0.000858
0.005392
0.006048
0.002500
0.004922
0.007745
0.009592
0.002180
0.008598
0.001036
0.004945
0.008677
0.002989
0.008021
0.000108
0.002799
0.005642
0.007433
0.002206
0.002019
0.006788
0.001858
0.002474
0.005750
0.003996
0.000531
0.002469
0.008142
0.009300
0.008073
0.007677
0.000158
0.003465
0.003725
0.002648
0.008377
0.001470
0.002240
0.000557
0.000069
0.003266
0.005492
0.008735
0.006245
0.003513
0.008833
0.009034
0.009144
0.006267
0.001241
0.001164
0.003054
0.003089
0.003628
0.008794
0.007075
0.004149
0.001263
0.005217
0.003449
0.009326
0.002894
0.003597
0.002791
0.006609
0.006235
0.001168
0.008069
0.008465
0.001715
0.008128
0.001731
0.007197
0.006863
0.007966
0.000710
0.005696
0.007000
0.009844
0.001963
0.008231
0.001008
0.005008
0.001319
0.004626
0.003802
0.008384
0.008765
0.005056
0.003601
0.002214
0.004382
0.006485
0.005800
0.007163
0.003093
0.002035
0.008321
0.001162
0.000500
0.000036
0.009280
0.002221
0.007222
0.006143
0.000186
0.007922
0.001839
0.007176
0.007766
0.003793
0.005407
0.008764
0.008791
0.006716
0.003390
0.002593
0.005100
0.002155
0.007639
0.008691
0.004359
0.002021
0.005176
0.000159
0.009174
0.008259
0.002184
0.007494
0.009412
0.002674
0.007520
0.008692
0.004884
0.004743
0.004835
0.005061
0.002664
0.006664
0.002237
0.000431
0.000457
0.007634
0.009184
0.009238
0.004350
0.002574
0.001831
0.009440
0.004719
0.009459
0.008131
0.009068
0.001480
0.003307
0.009217
0.000653
0.001566
0.001401
0.008138
0.000978
0.004064
0.005658
0.009659
0.008939
0.000400
0.004494
0.003999
0.003055
0.001158
0.006226
0.003475
0.001605
0.003860
0.002660
0.000843
0.008200
0.005224
0.002663
0.007641
0.009933
0.002122
0.005772
0.009001
0.003592
0.009069
0.008218
0.004235
0.000635
0.009609
0.002373
0.001603
0.003673
0.008021
0.001263
0.002612
0.008412
0.005747
0.006601
0.001466
0.006895
0.002827
0.004932
0.008490
0.006677
0.007582
0.009322
0.004877
0.002806
0.001986
0.002518
0.002739
0.004098
0.008280
0.001741
0.007680
0.007349
0.009949
0.001916
0.007974
0.009557
0.004279
0.009567
0.003231
0.002300
0.000830
0.005832
0.000712
0.006566
0.002434
0.002168
0.003461
0.005251
0.007090
0.001951
0.001928
0.004672
0.001273
0.006796
0.007468
0.003249
0.009304
0.000207
0.007337
0.007584
0.001938
0.005017
0.004932
0.001886
0.006922
0.002906
0.001443
0.001201
0.002474
0.004664
0.003491
0.003293
0.000496
0.004192
0.009850
0.002920
0.006351
0.003311
0.008161
0.003440
0.005251
0.000090
0.008102
0.006515
0.006875
0.005570
0.009753
0.006179
0.005767
0.007090
0.003763
0.007695
0.002107
0.008685
0.009571
0.009019
0.001591
0.001014
0.000220
0.004055
0.005668
0.003701
0.007339
0.006155
0.007884
0.007188
0.009065
0.004234
0.000499
0.007226
0.007665
0.005741
0.007305
0.005767
0.002255
0.004181
0.001337
0.002008
0.000360
0.007094
0.009088
0.004112
0.004788
0.001195
0.002797
0.004359
0.000214
0.004379
0.005363
0.000424
0.008424
0.001031
0.004115
0.005763
0.007176
0.001999
0.002951
0.006240
0.006223
0.003440
0.003466
0.003888
0.009170
0.000772
0.009644
0.001426
0.004942
0.000981
0.003424
0.005292
0.008064
0.002513
0.009394
0.002853
0.003698
0.002192
0.007201
0.003902
0.006561
0.002565
0.004316
0.004984
0.003586
0.008422
0.000747
0.000762
0.000420
0.003688
0.006992
0.006633
0.007118
0.000458
0.000521
0.006288
0.001220
0.000165
0.007704
0.006152
0.001136
0.001128
0.001445
0.009190
0.003631
0.000839
0.002043
0.007318
0.003021
0.009234
0.001220
0.009571
0.001799
0.005526
0.004556
0.005375
0.003948
0.005293
0.006127
0.004358
0.008971
0.003119
0.000992
0.006088
0.003567
0.001503
0.002377
0.004777
0.001658
0.000080
0.000930
0.002784
0.001198
0.002364
0.001974
0.004819
0.003193
0.004007
0.002137
0.006204
0.003242
0.003347
0.005775
0.005031
0.008864
0.000331
0.000405
0.002811
0.005614
0.006522
0.007160
0.004584
0.009631
0.008142
0.000673
0.003198
0.009635
0.003039
0.007965
0.001293
0.003109
0.008885
0.004067
0.004298
0.001249
0.006031
0.009106
0.004433
0.000039
0.001243
0.000637
0.003270
0.004581
0.006402
0.008291
0.003444
0.006723
0.008686
0.006246
0.002336
0.005208
0.003406
0.006910
0.004839
0.001547
0.007573
0.008026
0.001182
0.000612
0.005992
0.002465
0.003711
0.004877
0.006522
0.007999
0.006116
0.002553
0.007105
0.000549
0.002582
0.008339
0.001175
0.005842
0.002920
0.007567
0.004133
0.006354
0.004289
0.002819
0.002600
0.006616
0.008016
0.005995
0.003526
0.002855
0.007533
0.001099
0.000882
0.008705
0.001701
0.006863
0.001170
0.005402
0.001740
0.007681
0.003401
0.007846
0.000235
0.000506
0.008384
0.002806
0.008835
0.009550
0.008638
0.001755
0.007116
0.002771
0.008099
0.001406
0.005579
0.000698
0.008011
0.003596
0.006684
0.001537
0.006441
0.004216
0.002626
0.007312
0.002921
0.004317
0.004175
0.004081
0.009709
0.005905
0.001762
0.003110
0.003751
0.001987
0.003606
0.002136
0.004783
0.002442
0.001685
0.003421
0.004187
0.008792
0.006182
0.002285
0.000197
0.001761
0.002974
0.008198
0.005347
0.009648
0.009725
0.001788
0.003864
0.002351
0.009090
0.006775
0.006658
0.003265
0.000856
0.006367
0.009161
0.002608
0.009467
0.002912
0.004585
0.003073
0.005038
0.009358
0.005505
0.006713
0.002779
0.009681
0.005505
0.008952
0.001967
0.005692
0.000713
0.004930
0.003890
0.006050
0.004578
0.003616
0.007827
0.008432
0.005957
0.006917
0.005207
0.002615
0.000183
0.006053
0.008972
0.009333
0.008651
0.008439
0.002245
0.003236
0.001512
0.007273
0.002594
0.007007
0.003987
0.005363
0.006688
0.009481
0.004315
0.008645
0.005173
0.005018
0.003575
0.009054
0.001067
0.008143
0.002670
0.008885
0.006575
0.008617
0.005802
0.001782
0.001232
0.005975
0.007825
0.000205
0.005308
0.006475
0.008634
0.007543
0.009701
0.000146
0.004817
0.002295
0.007143
0.008793
0.007648
0.003831
0.008275
0.001963
0.002476
0.003448
0.006970
0.006042
0.002502
0.008028
0.004185
0.005161
0.006912
0.000760
0.003778
0.002714
0.002532
0.005001
0.008679
0.000357
0.005196
0.003987
0.006822
0.003830
0.001530
0.006523
0.003966
0.006337
0.008808
0.001109
0.005130
0.006456
0.004931
0.003404
0.008409
0.007397
0.006842
0.005380
0.003438
0.009334
0.003407
0.007613
0.004495
0.000320
0.008363
0.008264
0.003024
0.000895
0.003265
0.001703
0.001242
0.008450
0.005680
0.008054
0.002280
0.007200
0.004578
0.006236
0.003537
0.003386
0.007335
0.008657
0.009832
0.002266
0.002061
0.008241
0.009653
0.008894
0.003621
0.003091
0.008228
0.007018
0.000704
0.002723
0.007328
0.009058
0.000987
0.000353
0.009943
0.004242
0.002046
0.001185
0.002692
0.007716
0.009229
0.004963
0.004916
0.003807
0.001199
0.008443
0.007182
0.008524
0.007100
0.007014
0.000790
0.009152
0.005255
0.000443
0.008046
0.008866
0.003524
0.006273
0.005885
0.004219
0.008987
0.003213
0.003276
0.009964
0.003556
0.003219
0.004206
0.005592
0.004394
0.006889
0.003308
0.003623
0.001851
0.008214
0.007420
0.003040
0.006658
0.004602
0.001565
0.003758
0.001616
0.002345
0.002910
0.006862
0.002778
0.000955
0.005728
0.006293
0.007219
0.001613
0.000511
0.006205
0.004816
0.003778
0.006170
0.008362
0.006987
0.000376
0.003954
0.001381
0.007255
0.007252
0.004994
0.009096
0.005466
0.002413
0.002136
0.002123
0.007005
0.003691
0.005871
0.008611
0.006026
0.008771
0.005473
0.008794
0.009716
0.001201
0.005087
0.006934
0.002804
0.005588
0.003140
0.007610
0.009356
0.009299
0.005972
0.006342
0.009665
0.009915
0.007713
0.006920
0.007167
0.002707
0.006016
0.002633
0.005110
0.008142
0.004746
0.002115
0.001833
0.000617
0.000726
0.007849
0.009378
0.006189
0.006642
0.009093
0.007380
0.001729
0.006028
0.000184
0.007307
0.009157
0.007784
0.006663
0.008457
0.003756
0.003005
0.008122
0.003671
0.000718
0.005042
0.000839
0.003415
0.001058
0.003461
0.008514
0.009190
0.008197
0.000629
0.001023
0.008805
0.001345
0.008862
0.008182
0.007525
0.005504
0.007276
0.004905
0.007223
0.003303
0.005079
0.004530
0.002461
0.002863
0.001193
0.000918
0.006609
0.004188
0.009030
0.000281
0.004896
0.004073
0.001109
0.008301
0.005121
0.004561
0.006815
0.004311
0.002758
0.007434
0.005325
0.001563
0.008770
0.004187
0.009735
0.006294
0.009681
0.007011
0.001199
0.006904
0.000314
0.006268
0.001435
0.002765
0.009122
0.002618
0.003673
0.005731
0.006796
0.002703
0.006002
0.001692
0.006766
0.007101
0.009983
0.001886
0.001662
0.006798
0.006188
0.004410
0.004232
0.001513
0.005962
0.003002
0.005689
0.005697
0.009287
0.005370
0.002708
0.000486
0.002275
0.003012
0.006745
0.003700
0.005767
0.005866
0.006308
0.009429
0.001597
0.003104
0.002132
0.007589
0.004786
0.008888
0.004690
0.004769
0.000775
0.006342
0.001567
0.006952
0.000752
0.005789
0.008455
0.006704
0.008781
0.004144
0.002401
0.008068
0.009505
0.005099
0.008544
0.001780
0.008101
0.005289
0.005469
0.003867
0.001155
0.001777
0.003297
0.002743
0.004871
0.005419
0.000332
0.009646
0.004307
0.005012
0.004415
0.005072
0.001354
0.005972
0.002024
0.002096
0.001761
0.000479
0.008790
0.000543
0.004614
0.001191
0.008601
0.004119
0.006280
0.007145
0.005888
0.004381
0.002434
0.001358
0.008238
0.003580
0.003125
0.001535
0.006313
0.007985
0.006944
0.006635
0.007632
0.001251
0.001647
0.002047
0.006313
0.002991
0.008009
0.008328
0.005077
0.009760
0.008797
0.003867
0.000303
0.003411
0.005048
0.008893
0.007519
0.001328
0.006039
0.003407
0.005699
0.008463
0.004755
0.003937
0.002043
0.007869
0.005462
0.008346
0.005855
0.002406
0.004981
0.003487
0.003648
0.006618
0.005524
0.009951
0.009599
0.003532
0.008278
0.004677
0.003293
0.007075
0.008534
0.003585
0.000486
0.003582
0.002479
0.007995
0.004901
0.008507
0.001402
0.000600
0.006971
0.006147
0.004527
0.009004
0.004017
0.009979
0.007349
0.009861
0.002385
0.002330
0.003348
0.006022
0.008938
0.008862
0.005973
0.008537
0.002394
0.004252
0.003213
0.005677
0.001327
0.001747
0.009252
0.001803
0.005320
0.001730
0.009788
0.000220
0.000238
0.001190
0.000810
0.007198
0.007327
0.005327
0.006202
0.001344
0.005306
0.003551
0.001205
0.007681
0.005871
0.004543
0.003703
0.004809
0.003405
0.009666
0.003346
0.005789
0.003918
0.006549
0.001466
0.005235
0.008287
0.000718
0.007028
0.003606
0.002438
0.006817
0.003817
0.002666
0.007997
0.004617
0.009854
0.005324
0.009934
0.006056
0.006658
0.005240
0.009597
0.007854
0.002921
0.005469
0.002397
0.006614
0.000278
0.005792
0.006280
0.003614
0.001582
0.000198
0.000163
0.003037
0.005424
0.008440
0.003745
0.002452
0.002046
0.006173
0.009259
0.005853
0.008828
0.007256
0.000470
0.008682
0.002580
0.000404
0.004738
0.009228
0.005633
0.004335
0.007082
0.008544
0.009794
0.009469
0.005158
0.000072
0.005262
0.001438
0.003676
0.006833
0.001627
0.003829
0.009860
0.007040
0.002269
0.003605
0.009483
0.004305
0.009768
0.008742
0.000157
0.008596
0.005997
0.000617
0.007278
0.008567
0.001010
0.002016
0.007795
0.006634
0.006342
0.004877
0.005178
0.006136
0.004347
0.000336
0.006198
0.009598
0.001764
0.009864
0.006432
0.003380
0.003693
0.006292
0.000421
0.005951
0.009887
0.009894
0.000256
0.009655
0.008635
0.000403
0.008252
0.004632
0.001010
0.005530
0.003200
0.002010
0.007536
0.000995
0.008634
0.003878
0.005862
0.003812
0.000014
0.000209
0.004138
0.006202
0.009798
0.005891
0.006065
0.006229
0.009262
0.009748
0.002521
0.009673
0.005699
0.002409
0.009566
0.005945
0.002064
0.008202
0.006338
0.000316
0.002834
0.007338
0.005836
0.006024
0.009339
0.003372
0.007008
0.007973
0.007240
0.002871
0.001784
0.007243
0.003070
0.005912
0.003445
0.002868
0.001803
0.009501
0.009087
0.001065
0.009249
0.001608
0.000738
0.004948
0.004007
0.000304
0.000893
0.006062
0.008496
0.007222
0.006368
0.001330
0.004560
0.002203
0.007344
0.003899
0.005565
0.004352
0.001871
0.002805
0.007213
0.003646
0.000048
0.000283
0.009548
0.003483
0.003140
0.001351
0.002984
0.002227
0.002406
0.002232
0.003826
0.003134
0.007171
0.007823
0.003429
0.008054
0.003885
0.001925
0.005276
0.000252
0.003245
0.009826
0.002446
0.000588
0.003724
0.008000
0.004930
0.005586
0.000805
0.002143
0.009222
0.000843
0.002416
0.008769
0.004316
0.005546
0.000121
0.007290
0.007764
0.002517
0.009512
0.001590
0.005642
0.006683
0.009403
0.009060
0.004736
0.003287
0.000985
0.000012
0.003530
0.004220
0.009828
0.005965
0.004798
0.003552
0.003966
0.009718
0.009128
0.004761
0.001861
0.008350
0.005594
0.004267
0.007119
0.009900
0.009804
0.007230
0.007190
0.007567
0.009737
0.006702
0.009147
0.005379
0.003384
0.008550
0.004439
0.008111
0.001837
0.005414
0.008113
0.005357
0.009624
0.007941
0.001322
0.004422
0.001493
0.005278
0.004140
0.000621
0.000038
0.005991
0.008961
0.005622
0.000258
0.006080
0.005522
0.000062
0.003310
0.002712
0.007619
0.003047
0.009403
0.006766
0.008416
0.002787
0.005316
0.002855
0.000898
0.007143
0.008258
0.009001
0.002500
0.007882
0.006941
0.003812
0.002304
0.008424
0.009079
0.006433
0.009036
0.009108
0.002424
0.007997
0.004730
0.002673
0.004077
0.000252
0.002724
0.007377
0.002954
0.000344
0.000424
0.002357
0.007100
0.008829
0.005134
0.002416
0.001684
0.006022
0.009549
0.009932
0.005022
0.002048
0.007814
0.001963
0.005850
0.000118
0.000388
0.004929
0.006541
0.009413
0.004037
0.008956
0.007410
0.008757
0.001629
0.001486
0.008999
0.004343
0.008853
0.001953
0.004677
0.009267
0.004300
0.001777
0.008096
0.009424
0.004183
0.009770
0.005445
0.003731
0.009703
0.000468
0.005770
0.007517
0.002421
0.001620
0.007625
0.002799
0.006539
0.004167
0.002212
0.000577
0.003122
0.009612
0.009324
0.004741
0.001098
0.008323
0.009074
0.009941
0.000276
0.003751
0.009208
0.004566
0.005518
0.007304
0.003990
0.009690
0.007075
0.009425
0.003421
0.006777
0.009883
0.009181
0.004294
0.002304
0.000801
0.001919
0.005092
0.007330
0.006076
0.007294
0.007896
0.009188
0.006906
0.007220
0.003929
0.007994
0.005544
0.003003
0.007936
0.005810
0.006744
0.007144
0.000376
0.002262
0.004448
0.004356
0.001952
0.001523
0.003781
0.005363
0.008290
0.003664
0.004544
0.002584
0.005957
0.005335
0.004493
0.001050
0.002665
0.000569
0.008334
0.000561
0.009747
0.005241
0.007771
0.003677
0.003235
0.003315
0.006670
0.001171
0.009115
0.003414
0.008305
0.009481
0.005665
0.002753
0.003837
0.007607
0.004266
0.007608
0.002970
0.002556
0.001272
0.007504
0.005130
0.007219
0.002838
0.009614
0.008259
0.005493
0.000183
0.006593
0.006044
0.009920
0.001834
0.003815
0.003597
0.005059
0.007120
0.000267
0.006219
0.006235
0.003671
0.004524
0.005717
0.009326
0.007267
0.009544
0.006933
0.001533
0.007152
0.009893
0.004079
0.008414
0.007397
0.009199
0.005633
0.000235
0.008813
0.003892
0.005718
0.008986
0.000485
0.001762
0.008906
0.002309
0.005567
0.002503
0.007358
0.002688
0.002760
0.003577
0.008913
0.006420
0.008091
0.004630
0.005747
0.005358
0.004174
0.002680
0.006881
0.001326
0.002572
0.000959
0.009729
0.009959
0.000159
0.005362
0.000194
0.008961
0.009244
0.005902
0.007947
0.009720
0.007654
0.006853
0.002029
0.003222
0.009346
0.009376
0.005899
0.002106
0.002953
0.004813
0.008516
0.001044
0.009432
0.004263
0.006392
0.003606
0.006932
0.003272
0.004922
0.009495
0.004222
0.004651
0.009454
0.004371
0.000013
0.009638
0.003332
0.009248
0.005540
0.001279
0.008967
0.003195
0.008122
0.000996
0.006406
0.007468
0.000372
0.002306
0.009564
0.003315
0.007108
0.008080
0.004349
0.006541
0.002343
0.000741
0.000147
0.009265
0.004003
0.005058
0.008760
0.008215
0.009699
0.008214
0.002586
0.009702
0.007852
0.005908
0.008950
0.003392
0.007177
0.007917
0.006576
0.005299
0.008903
0.002983
0.002767
0.009264
0.005278
0.002331
0.002579
0.002387
0.000411
0.006918
0.008918
0.002744
0.007649
0.009054
0.002009
0.001653
0.004113
0.000769
0.009858
0.003812
0.008973
0.002444
0.003514
0.006824
0.008342
0.002464
0.000216
0.005519
0.000381
0.006783
0.000818
0.009274
0.009755
0.003575
0.008539
0.005034
0.005896
0.001118
0.007411
0.006298
0.008026
0.006328
0.009032
0.005676
0.005383
0.001041
0.007318
0.009485
0.001801
0.007176
0.003297
0.000773
0.009610
0.006801
0.007588
0.007952
0.009256
0.007794
0.003470
0.009627
0.004577
0.004278
0.008901
0.004332
0.007843
0.007440
0.009356
0.003739
0.008548
0.006767
0.000037
0.006574
0.003095
0.009059
0.002250
0.008468
0.000100
0.009558
0.007953
0.001891
0.006734
0.001250
0.002654
0.006344
0.008042
0.000242
0.004296
0.007298
0.008026
0.007756
0.006925
0.002603
0.002033
0.005826
0.006926
0.009866
0.003266
0.006282
0.003605
0.001814
0.003049
0.003632
0.008378
0.006134
0.002691
0.000628
0.004602
0.002781
0.000186
0.002555
0.004662
0.006910
0.003795
0.007306
0.003254
0.001837
0.007539
0.007539
0.009125
0.005565
0.005295
0.006050
0.008158
0.007318
0.001876
0.005084
0.007185
0.005132
0.001366
0.000790
0.006935
0.004404
0.004412
0.005313
0.000538
0.007093
0.005931
0.005130
0.009864
0.006106
0.007675
0.004527
0.003016
0.001470
0.001833
0.006260
0.003297
0.009362
0.003799
0.002422
0.004927
0.009084
0.008462
0.003085
0.006403
0.000338
0.008159
0.003587
0.005460
0.009515
0.004367
0.002395
0.003919
0.008770
0.007698
0.004447
0.005863
0.003629
0.009567
0.005727
0.009725
0.007242
0.000254
0.002741
0.008702
0.002077
0.008991
0.001999
0.001438
0.002790
0.004412
0.006355
0.001874
0.002874
0.009431
0.008267
0.003202
0.007590
0.001854
0.008652
0.007105
0.006212
0.001047
0.001024
0.004981
0.008736
0.005462
0.000844
0.002364
0.005029
0.006561
0.002089
0.002270
0.006805
0.004820
0.000972
0.008872
0.003811
0.002961
0.000310
0.006591
0.007363
0.006655
0.008455
0.000237
0.006086
0.006722
0.003429
0.003676
0.008566
0.002081
0.000781
0.004778
0.003118
0.001795
0.009749
0.001854
0.007246
0.000593
0.004208
0.002275
0.007144
0.006288
0.004535
0.003949
0.001108
0.005497
0.002820
0.004909
0.008449
0.003120
0.001499
0.005811
0.009766
0.009944
0.006038
0.005852
0.006666
0.009457
0.009518
0.005232
0.001538
0.000298
0.010000
0.004646
0.002083
0.009748
0.006490
0.009320
0.000341
0.000699
0.001595
0.007475
0.006976
0.006120
0.001423
0.008074
0.001617
0.004234
0.002983
0.000066
0.007344
0.004472
0.005867
0.007110
0.004417
0.001905
0.002962
0.001083
0.001362
0.002480
0.006305
0.002890
0.002768
0.006305
0.007527
0.004841
0.006053
0.004017
0.004161
0.006384
0.004706
0.005745
0.003859
0.001682
0.001865
0.005272
0.009746
0.003472
0.009496
0.002729
0.003528
0.006840
0.007191
0.009385
0.003950
0.001608
0.001290
0.006902
0.002680
0.002643
0.009372
0.008975
0.005523
0.002140
0.005280
0.003049
0.006971
0.001333
0.007056
0.001131
0.007707
0.001762
0.006867
0.001566
0.003434
0.008722
0.006828
0.003180
0.002194
0.006324
0.005899
0.005712
0.003164
0.003090
0.005098
0.007105
0.004688
0.006378
0.004007
0.007358
0.009011
0.003378
0.006334
0.004533
0.005508
0.001614
0.007573
0.002479
0.002936
0.004629
0.003600
0.000643
0.006381
0.000466
0.002199
0.009805
0.009178
0.009016
0.002985
0.001372
0.005340
0.008875
0.007074
0.008495
0.001965
0.002172
0.005599
0.006643
0.008540
0.009596
0.004001
0.007551
0.002975
0.000335
0.002084
0.008473
0.001939
0.009646
0.000951
0.004865
0.004275
0.004541
0.005498
0.000656
0.004998
0.007686
0.000462
0.004176
0.006703
0.003437
0.005538
0.002043
0.002312
0.002612
0.000538
0.004267
0.004774
0.006127
0.000910
0.003314
0.005724
0.004901
0.000865
0.008688
0.005226
0.002939
0.007161
0.007155
0.002585
0.008102
0.002020
0.006851
0.002643
0.007508
0.007497
0.007630
0.005194
0.007949
0.001806
0.001897
0.001385
0.007334
0.003930
0.003687
0.009936
0.004459
0.007944
0.004711
0.000586
0.008843
0.008015
0.006299
0.003745
0.008870
0.004988
0.008961
0.001809
0.002148
0.006116
0.004384
0.000250
0.008125
0.001234
0.002883
0.005633
0.008721
0.000513
0.000827
0.006670
0.002309
0.002714
0.008045
0.009633
0.006635
0.001733
0.009569
0.001093
0.009666
0.004280
0.001669
0.008510
0.002295
0.007959
0.002254
0.001164
0.002946
0.001215
0.002963
0.005084
0.007321
0.007337
0.005324
0.005446
0.008561
0.008197
0.001080
0.007283
0.008700
0.001897
0.003952
0.001009
0.004601
0.001998
0.000642
0.001236
0.003721
0.000211
0.002319
0.003387
0.004481
0.003978
0.001897
0.006765
0.001937
0.004141
0.007919
0.004873
0.005347
0.000882
0.009947
0.002668
0.008209
0.005271
0.008104
0.006770
0.003468
0.009173
0.004052
0.002168
0.001070
0.007995
0.003167
0.005661
0.009983
0.003798
0.006887
0.003703
0.003999
0.009196
0.007080
0.008470
0.003174
0.008967
0.005235
0.005101
0.003109
0.003155
0.009964
0.008445
0.004027
0.009911
0.001113
0.002235
0.005183
0.009207
0.008995
0.008641
0.008380
0.003048
0.000808
0.009440
0.001042
0.003965
0.005102
0.001025
0.007753
0.001989
0.004718
0.001753
0.001185
0.001799
0.000223
0.004349
0.000766
0.005448
0.009441
0.003865
0.008593
0.009405
0.002310
0.002619
0.009316
0.003413
0.004845
0.004499
0.002620
0.003840
0.003139
0.001000
0.006877
0.003937
0.000440
0.007910
0.007892
0.005532
0.008925
0.005646
0.007511
0.003643
0.007389
0.008686
0.005432
0.007602
0.003036
0.006188
0.003050
0.002476
0.000053
0.001642
0.001881
0.002353
0.004251
0.001197
0.005756
0.009086
0.005685
0.008366
0.002926
0.008814
0.009356
0.009794
0.002752
0.009786
0.007703
0.000644
0.005318
0.006628
0.006280
0.002829
0.000272
0.003669
0.001515
0.005694
0.001271
0.004541
0.001882
0.004310
0.007007
0.001926
0.005943
0.008878
0.004269
0.000194
0.000075
0.000025
0.009270
0.005750
0.008381
0.002196
0.004564
0.007736
0.001990
0.007306
0.007522
0.009683
0.007941
0.002840
0.006312
0.004221
0.005659
0.006574
0.007880
0.007165
0.002268
0.009141
0.001705
0.004140
0.003451
0.008702
0.006055
0.009384
0.007580
0.000324
0.009568
0.007645
0.000339
0.008838
0.003395
0.008710
0.001035
0.007949
0.006446
0.003015
0.005255
0.003968
0.002698
0.003196
0.006798
0.009000
0.007407
0.002458
0.005573
0.005287
0.009612
0.007831
0.004428
0.001318
0.001971
0.007869
0.000020
0.008016
0.007252
0.007590
0.008330
0.006820
0.005234
0.008659
0.005658
0.008619
0.007369
0.006683
0.006568
0.003815
0.009687
0.001823
0.007773
0.002385
0.005009
0.004571
0.001385
0.002416
0.007019
0.006948
0.007693
0.006631
0.004779
0.002121
0.007939
0.006740
0.009980
0.007949
0.004756
0.007232
0.005538
0.003086
0.004052
0.000772
0.001746
0.009700
0.009381
0.009105
0.006383
0.005948
0.002920
0.006071
0.007761
0.000693
0.008446
0.002771
0.005255
0.009821
0.005177
0.002274
0.006769
0.002870
0.008895
0.001548
0.004981
0.006834
0.008278
0.004961
0.004783
0.003034
0.002193
0.000321
0.006110
0.006235
0.001083
0.007846
0.005935
0.000464
0.006951
0.002319
0.006402
0.009861
0.008379
0.004164
0.000554
0.006825
0.006924
0.005799
0.006646
0.002101
0.008063
0.003415
0.004961
0.006958
0.004953
0.009932
0.003792
0.003231
0.004893
0.008565
0.006255
0.007076
0.008876
0.002365
0.003311
0.009949
0.000211
0.009236
0.000413
0.007152
0.001554
0.006805
0.007013
0.009924
0.000969
0.007557
0.006749
0.007883
0.003356
0.003395
0.009975
0.001419
0.006801
0.004936
0.008367
0.001754
0.004868
0.002159
0.004975
0.009751
0.000724
0.001230
0.006827
0.009590
0.003585
0.000138
0.009539
0.003786
0.009363
0.009942
0.000939
0.000918
0.006747
0.007942
0.000842
0.007706
0.005499
0.007581
0.005590
0.008846
0.000976
0.005564
0.000265
0.007767
0.000500
0.008622
0.009511
0.005358
0.000781
0.004487
0.005110
0.001495
0.005707
0.001937
0.001085
0.009282
0.002064
0.000624
0.003069
0.001428
0.000566
0.003997
0.002336
0.007303
0.001939
0.003167
0.005010
0.007429
0.000748
0.000599
0.006274
0.001715
0.006153
0.006529
0.009472
0.006643
0.005151
0.008983
0.002001
0.005922
0.003470
0.007101
0.007407
0.009167
0.009028
0.008482
0.008449
0.001092
0.009096
0.001518
0.002510
0.009652
0.005505
0.004836
0.006956
0.007435
0.007993
0.001966
0.004863
0.008731
0.002555
0.001137
0.000446
0.008698
0.007656
0.009908
0.005341
0.002807
0.008890
0.007333
0.008718
0.002360
0.004434
0.006125
0.001527
0.003462
0.004607
0.009966
0.004544
0.003703
0.001484
0.007044
0.003355
0.006979
0.001879
0.000311
0.004414
0.009862
0.002267
0.009267
0.008594
0.004811
0.000404
0.009030
0.003509
0.008050
0.008937
0.008840
0.000857
0.007828
0.006173
0.009565
0.000188
0.000607
0.005690
0.001705
0.004058
0.000296
0.001670
0.008592
0.003989
0.003144
0.005635
0.007334
0.000123
0.007505
0.007636
0.004527
0.007367
0.009892
0.003794
0.005961
0.004704
0.004188
0.004990
0.008203
0.002238
0.003928
0.007043
0.003085
0.001755
0.003216
0.002650
0.001933
0.003813
0.008329
0.003628
0.007861
0.008616
0.005288
0.006453
0.002605
0.008422
0.002088
0.009929
0.008535
0.009583
0.007565
0.003062
0.006950
0.007457
0.006845
0.002911
0.002161
0.001033
0.007891
0.000364
0.003261
0.001819
0.007397
0.006336
0.003564
0.000613
0.008976
0.005487
0.004416
0.007305
0.009105
0.002277
0.005921
0.004393
0.008720
0.008516
0.002815
0.000808
0.008446
0.001350
0.000391
0.006011
0.004401
0.007331
0.003468
0.001247
0.000242
0.005618
0.002270
0.008123
0.005972
0.005521
0.009932
0.003369
0.001857
0.003496
0.003972
0.000833
0.008973
0.008377
0.008128
0.008077
0.000654
0.004050
0.002470
0.009364
0.002566
0.005275
0.000172
0.001011
0.006614
0.000553
0.007012
0.001016
0.007873
0.000480
0.002252
0.008105
0.006088
0.004512
0.006228
0.002060
0.000034
0.006159
0.005419
0.001881
0.009645
0.009380
0.002704
0.008618
0.007757
0.000833
0.006695
0.008402
0.004872
0.009155
0.007765
0.007428
0.004430
0.007927
0.008429
0.001044
0.008470
0.005441
0.002050
0.006343
0.005911
0.004292
0.004448
0.001999
0.008795
0.000676
0.004049
0.008819
0.006826
0.009457
0.000700
0.006471
0.008837
0.003394
0.005088
0.006595
0.004216
0.001784
0.004996
0.009079
0.000939
0.002762
0.006506
0.005359
0.000689
0.004936
0.006393
0.009148
0.000377
0.008433
0.005491
0.006278
0.002725
0.009930
0.008266
0.001520
0.000606
0.002315
0.000338
0.007422
0.001772
0.001028
0.003892
0.000609
0.004412
0.008971
0.007194
0.008618
0.000754
0.002191
0.007697
0.001683
0.004942
0.004203
0.007032
0.005621
0.009129
0.003425
0.004769
0.009496
0.001858
0.000261
0.005773
0.004573
0.000190
0.004040
0.006082
0.000786
0.006344
0.006411
0.008198
0.008107
0.007429
0.002090
0.008706
0.001841
0.001061
0.005900
0.000459
0.001805
0.008080
0.008146
0.003478
0.003023
0.002349
0.000510
0.008634
0.001478
0.003925
0.003403
0.000973
0.005772
0.003654
0.006737
0.000345
0.003835
0.000776
0.006417
0.004611
0.007111
0.002828
0.002809
0.005217
0.000256
0.004889
0.003923
0.002087
0.005940
0.009813
0.002536
0.007735
0.007894
0.000681
0.001213
0.000916
0.003020
0.001712
0.009540
0.004488
0.005627
0.002944
0.005451
0.001399
0.006588
0.002188
0.001734
0.000422
0.002954
0.008141
0.005023
0.000065
0.000968
0.007822
0.005273
0.001215
0.002710
0.009186
0.003292
0.008640
0.008999
0.005818
0.006375
0.006893
0.006489
0.007577
0.007799
0.009499
0.009280
0.007340
0.003986
0.004907
0.000283
0.009427
0.006296
0.006861
0.001615
0.008019
0.007273
0.004560
0.006160
0.002296
0.004615
0.007118
0.000117
0.009877
0.008323
0.002818
0.009063
0.001615
0.001458
0.008062
0.007423
0.007823
0.004955
0.003911
0.005400
0.002754
0.003410
0.004679
0.000094
0.007386
0.009576
0.000367
0.006814
0.005872
0.007218
0.008419
0.003891
0.004490
0.002979
0.000051
0.006776
0.007583
0.007160
0.006883
0.007461
0.005483
0.009691
0.006524
0.007088
0.001149
0.004586
0.004511
0.008962
0.009531
0.008412
0.004361
0.002286
0.001822
0.009031
0.002369
0.009198
0.008607
0.002726
0.006012
0.004479
0.009934
0.004431
0.008360
0.004424
0.007400
0.008401
0.001201
0.004983
0.005561
0.008074
0.002444
0.001044
0.007765
0.008958
0.008122
0.008904
0.003544
0.002632
0.007866
0.003075
0.001044
0.002227
0.005351
0.002856
0.001258
0.007710
0.002054
0.009855
0.000437
0.008056
0.004333
0.000371
0.002487
0.002693
0.004785
0.009877
0.001094
0.005976
0.004860
0.006645
0.004050
0.007294
0.007679
0.001815
0.006251
0.005801
0.000719
0.009785
0.008423
0.008574
0.002860
0.009457
0.000801
0.008201
0.002313
0.002049
0.005911
0.004357
0.001904
0.006338
0.002413
0.006227
0.006698
0.004890
0.008910
0.001484
0.004767
0.009995
0.007449
0.009617
0.006640
0.001499
0.006910
0.004319
0.003304
0.003162
0.000119
0.004013
0.002947
0.008532
0.002587
0.005797
0.007989
0.003379
0.003998
0.000302
0.005418
0.009900
0.004649
0.007311
0.006237
0.007052
0.003538
0.002936
0.001943
0.002449
0.004410
0.006700
0.002443
0.001859
0.006316
0.009073
0.003348
0.003227
0.003392
0.006642
0.006379
0.003501
0.000655
0.009316
0.002033
0.003232
0.005113
0.000022
0.006600
0.009101
0.000314
0.002018
0.009001
0.004953
0.009319
0.005238
0.002006
0.002858
0.008164
0.003938
0.005296
0.002574
0.000638
0.007730
0.004423
0.006944
0.006803
0.007761
0.000171
0.000195
0.004403
0.006539
0.003686
0.005048
0.005855
0.005709
0.008269
0.000968
0.005721
0.004870
0.000069
0.006025
0.006878
0.009060
0.000979
0.006197
0.004299
0.002974
0.009045
0.002463
0.006903
0.004341
0.005027
0.007530
0.002071
0.009440
0.004474
0.008863
0.007201
0.004635
0.009048
0.001604
0.001175
0.002734
0.006641
0.007020
0.008433
0.004911
0.007978
0.004154
0.009771
0.008037
0.000179
0.006648
0.007097
0.001148
0.002846
0.001396
0.004112
0.001891
0.003849
0.001015
0.006222
0.008866
0.008535
0.008282
0.008306
0.003009
0.007146
0.005507
0.007635
0.006194
0.007100
0.008799
0.008918
0.003742
0.005819
0.007350
0.008643
0.003797
0.001504
0.008413
0.001834
0.001673
0.005062
0.008921
0.002811
0.007897
0.000317
0.006913
0.009778
0.004156
0.007918
0.006000
0.003022
0.006453
0.004282
0.001327
0.009453
0.001428
0.006824
0.007087
0.007612
0.003924
0.005887
0.006529
0.007656
0.001706
0.003880
0.006298
0.005492
0.005374
0.004712
0.007316
0.007037
0.009763
0.006237
0.009839
0.007661
0.006544
0.006752
0.007438
0.000699
0.004670
0.003438
0.003711
0.001123
0.007710
0.005029
0.000576
0.009128
0.001853
0.007653
0.006740
0.005767
0.003540
0.003269
0.003423
0.005235
0.007139
0.009711
0.000728
0.002513
0.004423
0.008034
0.009540
0.004186
0.004271
0.009379
0.001847
0.000814
0.006131
0.009275
0.001504
0.000801
0.002713
0.005205
0.001915
0.000423
0.000234
0.002481
0.009541
0.002077
0.000134
0.006280
0.007833
0.003663
0.009539
0.001256
0.008889
0.006678
0.000967
0.009607
0.009181
0.005380
0.007641
0.008722
0.009556
0.001911
0.008101
0.001403
0.002716
0.004232
0.000678
0.004210
0.005024
0.003381
0.009405
0.006928
0.003794
0.009629
0.009399
0.003335
0.001705
0.009522
0.009605
0.009529
0.003186
0.009144
0.000785
0.002075
0.005823
0.001742
0.001681
0.005004
0.007112
0.009312
0.003726
0.006669
0.001223
0.001827
0.008061
0.003929
0.006049
0.008729
0.008129
0.001073
0.002110
0.007534
0.007991
0.005893
0.007163
0.007390
0.009218
0.008859
0.006912
0.008823
0.008388
0.000098
0.007968
0.009163
0.002162
0.003790
0.000905
0.003834
0.008785
0.008007
0.003146
0.002511
0.004676
0.004359
0.004327
0.002737
0.008279
0.000376
0.001466
0.006408
0.001439
0.003566
0.003942
0.009420
0.009449
0.001106
0.006810
0.008667
0.009954
0.003722
0.007491
0.008342
0.003810
0.005458
0.007505
0.005962
0.009239
0.008399
0.009786
0.008023
0.006407
0.002932
0.000534
0.001083
0.007281
0.004851
0.003810
0.005560
0.005218
0.005266
0.001967
0.006647
0.008822
0.005900
0.006067
0.008271
0.006995
0.002876
0.006939
0.006950
0.006588
0.004429
0.005292
0.000398
0.009877
0.002796
0.006350
0.009116
0.001196
0.006136
0.007139
0.007592
0.009057
0.007663
0.008665
0.006338
0.002514
0.002475
0.001898
0.007722
0.007731
0.003855
0.004368
0.006554
0.009745
0.000435
0.004825
0.006740
0.003301
0.001764
0.003690
0.009879
0.006183
0.008972
0.000277
0.006060
0.001768
0.006616
0.005176
0.002953
0.002752
0.002315
0.000546
0.001809
0.009968
0.009201
0.008137
0.002483
0.001676
0.000035
0.000205
0.009398
0.003880
0.004563
0.005951
0.003626
0.004988
0.000776
0.000366
0.008279
0.002530
0.004046
0.008158
0.008702
0.003017
0.008425
0.004763
0.004775
0.005041
0.009929
0.007718
0.007783
0.002244
0.008254
0.009582
0.002213
0.007455
0.007720
0.004686
0.009121
0.007745
0.004880
0.008519
0.001625
0.009433
0.004470
0.005241
0.004421
0.005236
0.005597
0.002700
0.007755
0.009633
0.000858
0.006458
0.002650
0.009273
0.001221
0.007415
0.004314
0.001150
0.005133
0.002097
0.003384
0.003387
0.001679
0.005587
0.000842
0.009389
0.000273
0.009953
0.007134
0.005143
0.008472
0.008749
0.004576
0.002941
0.003990
0.008987
0.008167
0.009577
0.001688
0.005922
0.009210
0.002536
0.002380
0.001860
0.001809
0.003591
0.009265
0.006113
0.004731
0.004398
0.008201
0.008105
0.007776
0.009870
0.003692
0.008608
0.009259
0.003954
0.008561
0.006393
0.009087
0.007032
0.005142
0.003663
0.009963
0.009123
0.002651
0.008130
0.008700
0.004328
0.004053
0.007910
0.006854
0.006423
0.009759
0.008654
0.000014
0.009024
0.004767
0.004734
0.003423
0.002968
0.002839
0.001199
0.002837
0.006521
0.009796
0.002096
0.000475
0.008357
0.008479
0.009553
0.005389
0.003622
0.003216
0.005352
0.002744
0.005857
0.003483
0.001444
0.000185
0.007525
0.009344
0.007029
0.003948
0.009103
0.005683
0.003952
0.008128
0.000450
0.008676
0.001550
0.003407
0.001515
0.002739
0.006235
0.008026
0.002535
0.008321
0.008491
0.000892
0.006800
0.008044
0.006271
0.000422
0.001260
0.001623
0.003156
0.007107
0.005096
0.004590
0.007281
0.002621
0.003934
0.004311
0.006560
0.003037
0.009983
0.000512
0.001164
0.000433
0.009178
0.002705
0.003830
0.000693
0.005434
0.000065
0.008710
0.007959
0.008376
0.007201
0.008841
0.005176
0.005245
0.005112
0.005588
0.006495
0.006725
0.008734
0.003602
0.001821
0.003324
0.000883
0.004432
0.007248
0.005184
0.000992
0.000285
0.005167
0.001494
0.001439
0.005590
0.000672
0.004134
0.009410
0.001355
0.009558
0.009464
0.000064
0.007517
0.007840
0.007255
0.006358
0.003015
0.002500
0.001470
0.008593
0.008985
0.008185
0.007327
0.002587
0.009996
0.000651
0.003460
0.004428
0.007889
0.008634
0.005410
0.008163
0.003801
0.006894
0.009592
0.009380
0.007555
0.003726
0.008790
0.008900
0.003283
0.008254
0.008954
0.000800
0.006093
0.006210
0.007148
0.009099
0.008700
0.008607
0.007692
0.007685
0.006792
0.005019
0.000272
0.006788
0.005660
0.003722
0.001216
0.003549
0.002356
0.006616
0.001712
0.006147
0.003509
0.001304
0.005527
0.001065
0.005020
0.004316
0.009955
0.008294
0.002570
0.008909
0.009084
0.008654
0.005119
0.006231
0.007753
0.003819
0.004838
0.005445
0.001504
0.001630
0.000464
0.001766
0.008408
0.006114
0.005478
0.009613
0.009653
0.007824
0.006229
0.001365
0.003970
0.009729
0.002659
0.009487
0.000793
0.007669
0.003804
0.000748
0.005963
0.006364
0.009647
0.005046
0.005018
0.004765
0.001278
0.002770
0.008574
0.006106
0.008205
0.000078
0.007726
0.008659
0.001833
0.006134
0.004773
0.007301
0.005747
0.004426
0.005125
0.001976
0.005781
0.009086
0.001705
0.008430
0.008573
0.002489
0.006099
0.002377
0.003226
0.002062
0.008730
0.002873
0.007099
0.003748
0.007628
0.008366
0.006508
0.006202
0.004472
0.004713
0.006270
0.002198
0.003372
0.008093
0.008322
0.008136
0.005395
0.004069
0.002562
0.000520
0.006036
0.008333
0.009596
0.007731
0.006763
0.008169
0.000219
0.002862
0.000545
0.003436
0.004914
0.009266
0.006299
0.002013
0.003014
0.003927
0.000379
0.009512
0.000130
0.004841
0.004226
0.006390
0.007030
0.007588
0.004483
0.005352
0.005724
0.009868
0.009411
0.008276
0.000388
0.005447
0.006608
0.009974
0.003178
0.003371
0.008142
0.003387
0.006223
0.008678
0.006813
0.001138
0.007944
0.003112
0.003140
0.000958
0.007029
0.003509
0.000470
0.007149
0.008341
0.004685
0.003538
0.005371
0.002273
0.008011
0.000722
0.007987
0.007879
0.000133
0.006263
0.008256
0.005570
0.002871
0.008230
0.008738
0.006232
0.006372
0.002125
0.002455
0.005050
0.008927
0.003583
0.002994
0.002039
0.006713
0.003942
0.009058
0.000223
0.004402
0.006207
0.008554
0.009077
0.009735
0.003924
0.001350
0.007746
0.004636
0.009327
0.005625
0.004760
0.005590
0.003882
0.000330
0.008451
0.002112
0.009057
0.004683
0.008474
0.001182
0.007128
0.003524
0.000109
0.000711
0.006509
0.002138
0.007414
0.000450
0.001196
0.007627
0.004842
0.007393
0.006181
0.003919
0.007128
0.000105
0.005260
0.004875
0.004731
0.004587
0.000500
0.009481
0.000177
0.004371
0.009800
0.008618
0.006473
0.008857
0.003300
0.004947
0.000039
0.000428
0.008461
0.000138
0.001129
0.004970
0.002266
0.008534
0.005410
0.003453
0.006161
0.000253
0.000846
0.002341
0.004162
0.007964
0.002436
0.009411
0.002839
0.007157
0.003998
0.003329
0.006638
0.004165
0.007690
0.006438
0.002782
0.004163
0.005296
0.006073
0.009100
