0.005325
0.006491
0.007561
0.005453
0.007611
0.002531
0.007710
0.006145
0.007931
0.001162
0.002305
0.008173
0.001998
0.004637
0.002335
0.009952
0.007063
0.001746
0.002791
0.004220
0.005734
0.006109
0.000858
0.009889
0.003799
0.007287
0.002672
0.007952
0.002583
0.008735
0.007052
0.007898
0.005226
0.004612
0.003351
0.002837
0.007133
0.001061
0.008971
0.005064
0.002213
0.001277
0.003237
0.004201
0.005903
0.005563
0.004153
0.002966
0.007299
0.006934
0.007177
0.003033
0.003044
0.008025
0.002923
0.006833
0.005312
0.005584
0.004785
0.007885
0.004319
0.001837
0.005783
0.009535
0.006439
0.009124
0.002372
0.003572
0.000185
0.001343
0.008626
0.002388
0.002610
0.001863
0.006579
0.008503
0.007416
0.000733
0.001470
0.004715
0.007657
0.008636
0.007738
0.000701
0.006661
0.000661
0.007523
0.001973
0.006235
0.002308
0.009848
0.000554
0.004135
0.005631
0.000089
0.000574
0.004755
0.002451
0.004136
0.004929
0.003784
0.002762
0.007308
0.006383
0.004615
0.003887
0.004887
0.002031
0.004610
0.006347
0.006736
0.002267
0.004983
0.004474
0.002958
0.001644
0.005124
0.000481
0.003607
0.001359
0.002779
0.003455
0.001903
0.006904
0.009076
0.001982
0.007468
0.003831
0.004423
0.001604
0.008750
0.008196
0.004356
0.006058
0.004580
0.008961
0.009935
0.009457
0.000992
0.004545
0.005803
0.007718
0.006802
0.000786
0.002192
0.009749
0.002420
0.007306
0.000230
0.006018
0.008655
0.003000
0.009463
0.000558
0.009894
0.008539
0.002530
0.007363
0.002370
0.006943
0.008957
0.001120
0.005139
0.003313
0.007167
0.009709
0.002275
0.007102
0.009166
0.003257
0.001647
0.004969
0.000975
0.008439
0.005745
0.003157
0.008188
0.008155
0.000463
0.008409
0.004173
0.009108
0.001408
0.003636
0.009656
0.001303
0.002175
0.002186
0.008656
0.004535
0.009119
0.007613
0.005645
0.004259
0.000926
0.002812
0.003968
0.003190
0.009905
0.003134
0.006437
0.001552
0.008093
0.007402
0.009980
0.003838
0.000559
0.008169
0.001993
0.001012
0.006577
0.006156
0.000119
0.007976
0.009782
0.009765
0.009269
0.001958
0.001952
0.007924
0.006483
0.001071
0.005537
0.002128
0.005320
0.006453
0.004930
0.009278
0.009633
0.004835
0.002412
0.006070
0.006376
0.000505
0.003473
0.006357
0.004332
0.004022
0.004526
0.006315
0.005024
0.001103
0.002471
0.005133
0.009069
0.002254
0.004898
0.008337
0.004202
0.006840
0.006261
0.000685
0.007901
0.001798
0.002803
0.003222
0.008240
0.007723
0.002500
0.007873
0.002558
0.004901
0.003944
0.008924
0.005396
0.007407
0.005281
0.009718
0.001429
0.009797
0.006033
0.006442
0.000900
0.008495
0.001575
0.009958
0.000748
0.006463
0.008296
0.004940
0.003304
0.004557
0.005615
0.001205
0.006345
0.008407
0.004417
0.004585
0.006130
0.006906
0.002459
0.008678
0.001808
0.006392
0.007602
0.007194
0.003799
0.002883
0.006912
0.005218
0.002680
0.002945
0.001660
0.003570
0.001440
0.003225
0.003528
0.002178
0.009679
0.001824
0.007108
0.002982
0.006371
0.002723
0.004177
0.002716
0.001130
0.008584
0.007291
0.007250
0.005490
0.009739
0.005928
0.007288
0.006132
0.003530
0.004482
0.009921
0.006403
0.001393
0.005139
0.009073
0.004329
0.006789
0.002643
0.005758
0.000014
0.006161
0.007926
0.009682
0.007975
0.005035
0.002665
0.004346
0.007747
0.006832
0.007052
0.008867
0.005416
0.004343
0.006117
0.000906
0.004082
0.002045
0.008185
0.000214
0.005565
0.002666
0.000135
0.001968
0.004050
0.005264
0.001041
0.008368
0.002053
0.003675
0.004127
0.002057
0.009826
0.002053
0.001739
0.007801
0.007078
0.004394
0.002148
0.004825
0.001226
0.009189
0.003692
0.006632
0.003532
0.009799
0.007528
0.007604
0.001843
0.005713
0.007808
0.007398
0.008369
0.007933
0.009356
0.002419
0.003197
0.000398
0.000787
0.005240
0.004063
0.004904
0.007287
0.003889
0.006947
0.009016
0.001690
0.004025
0.003409
0.003828
0.008839
0.004625
0.003017
0.002531
0.001257
0.006539
0.002330
0.008775
0.004143
0.004163
0.004488
0.001951
0.001562
0.002857
0.009875
0.000918
0.005265
0.003072
0.001306
0.006042
0.008302
0.005359
0.000946
0.005588
0.009237
0.007883
0.004604
0.000927
0.001908
0.008003
0.004745
0.000747
0.002629
0.007752
0.003268
0.003875
0.004291
0.005588
0.002650
0.008424
0.009742
0.007128
0.000375
0.001303
0.009974
0.000250
0.002212
0.005240
0.003312
0.003508
0.001282
0.001613
0.008856
0.002218
0.007192
0.008094
0.000101
0.001796
0.009011
0.001999
0.009789
0.003756
0.002736
0.002418
0.001508
0.005995
0.006283
0.005789
0.001583
0.008923
0.004213
0.001325
0.006051
0.004579
0.002618
0.006025
0.004819
0.004820
0.001265
0.008120
0.008317
0.002537
0.009723
0.007174
0.004745
0.006915
0.005268
0.004836
0.008701
0.004279
0.006825
0.008490
0.008025
0.009551
0.000908
0.009523
0.005545
0.007180
0.005313
0.007118
0.006103
0.009516
0.008433
0.002154
0.004094
0.001051
0.008169
0.008903
0.005861
0.009424
0.007023
0.004178
0.001961
0.006747
0.001352
0.006695
0.003662
0.006609
0.001531
0.002363
0.000888
0.008346
0.000852
0.008903
0.007896
0.001750
0.008427
0.003442
0.008920
0.003739
0.000560
0.005024
0.003255
0.008983
0.007168
0.007340
0.000034
0.005338
0.006243
0.005885
0.004762
0.003266
0.000063
0.006712
0.000013
0.001404
0.003407
0.003665
0.008003
0.004928
0.006017
0.008882
0.003274
0.006860
0.007785
0.001170
0.008600
0.006212
0.004602
0.007520
0.009942
0.005152
0.002544
0.003197
0.004135
0.009702
0.000537
0.004160
0.005040
0.006770
0.000044
0.009792
0.000036
0.000097
0.006504
0.000039
0.001491
0.009901
0.003693
0.009484
0.004829
0.009700
0.008366
0.008093
0.006560
0.006151
0.009253
0.005160
0.002364
0.003855
0.002680
0.002305
0.008998
0.005214
0.005492
0.003133
0.004916
0.006019
0.007283
0.009946
0.002789
0.007317
0.009738
0.002814
0.007403
0.006242
0.002843
0.008884
0.006143
0.006526
0.008369
0.000972
0.006226
0.006735
0.009055
0.002786
0.002886
0.008309
0.007935
0.005240
0.002164
0.000615
0.007535
0.001162
0.005819
0.003027
0.004285
0.000735
0.009036
0.001567
0.000681
0.001824
0.008874
0.000419
0.004629
0.006278
0.006651
0.007461
0.005162
0.002793
0.003987
0.003531
0.003755
0.000213
0.000266
0.002811
0.002989
0.003142
0.001119
0.000925
0.008372
0.003273
0.001530
0.005907
0.004425
0.007339
0.008924
0.008700
0.008064
0.007960
0.000267
0.008735
0.009774
0.009132
0.009144
0.004403
0.005409
0.005795
0.001864
0.000571
0.008578
0.005842
0.004092
0.002333
0.006045
0.004348
0.005134
0.009024
0.007480
0.006243
0.009939
0.005852
0.009507
0.001469
0.001758
0.003932
0.008798
0.000682
0.002632
0.006862
0.008631
0.002889
0.005597
0.008405
0.002021
0.004741
0.002808
0.007420
0.000536
0.004662
0.007982
0.009104
0.000504
0.002074
0.001437
0.006539
0.006412
0.006561
0.005563
0.003892
0.002804
0.005502
0.009733
0.002311
0.006961
0.001491
0.006233
0.005759
0.002163
0.008854
0.002620
0.000794
0.001744
0.008207
0.009190
0.003755
0.002948
0.001998
0.001175
0.003474
0.006650
0.009147
0.002577
0.007143
0.001221
0.004004
0.003682
0.007623
0.000565
0.009235
0.001515
0.003359
0.004737
0.001248
0.005660
0.001697
0.002730
0.001892
0.007446
0.004883
0.000747
0.000066
0.005667
0.002480
0.008263
0.004857
0.006225
0.001211
0.006844
0.007390
0.004675
0.003494
0.006537
0.007242
0.000637
0.007748
0.001247
0.004309
0.005371
0.001802
0.003544
0.006876
0.005151
0.008270
0.008114
0.000811
0.009958
0.000844
0.002693
0.007404
0.005716
0.003430
0.007460
0.001383
0.005900
0.005723
0.006230
0.002126
0.006925
0.003075
0.009506
0.001600
0.006559
0.006043
0.008832
0.007186
0.003791
0.000079
0.001495
0.009152
0.001871
0.005029
0.006028
0.007012
0.003300
0.004142
0.007812
0.003257
0.004976
0.000506
0.000661
0.000692
0.003926
0.008111
0.002066
0.009816
0.003834
0.008286
0.001942
0.000759
0.001360
0.001448
0.002348
0.007909
0.007481
0.001180
0.005095
0.001272
0.001249
0.006580
0.000424
0.003110
0.001609
0.006442
0.000122
0.004899
0.000584
0.007924
0.008146
0.005550
0.008420
0.008797
0.006232
0.002345
0.006908
0.008288
0.002161
0.000743
0.006574
0.004093
0.001491
0.007924
0.005531
0.003830
0.005833
0.003011
0.005000
0.000928
0.004273
0.006240
0.007498
0.004687
0.009339
0.009097
0.001129
0.009451
0.003996
0.001704
0.007375
0.002142
0.007244
0.005795
0.000939
0.003476
0.008130
0.007838
0.001764
0.000291
0.008570
0.008328
0.004375
0.000062
0.006252
0.009895
0.003882
0.002085
0.002906
0.008872
0.003003
0.007169
0.005111
0.000501
0.001856
0.004451
0.009589
0.002976
0.003902
0.003585
0.004670
0.001277
0.005717
0.001913
0.007062
0.006646
0.005380
0.005192
0.004484
0.007134
0.005473
0.003055
0.005462
0.009838
0.003107
0.001714
0.009733
0.006978
0.003789
0.002639
0.005850
0.006782
0.009798
0.000962
0.007273
0.001655
0.005402
0.006862
0.004621
0.009294
0.000447
0.009280
0.000571
0.006153
0.001194
0.007623
0.002800
0.006564
0.002814
0.007274
0.003697
0.008278
0.000329
0.009149
0.008115
0.003425
0.000863
0.007848
0.000403
0.004641
0.000487
0.006243
0.001423
0.000286
0.007195
0.008687
0.001931
0.002598
0.005549
0.006542
0.001892
0.005985
0.005822
0.002453
0.002139
0.007006
0.000076
0.004928
0.003569
0.002880
0.002202
0.007257
0.001158
0.002521
0.006405
0.009263
0.005936
0.007258
0.007112
0.006329
0.001899
0.007589
0.002572
0.003313
0.007865
0.009758
0.001999
0.009786
0.002355
0.007538
0.006327
0.004237
0.003523
0.002149
0.006680
0.005652
0.009145
0.006746
0.000580
0.002714
0.009616
0.002772
0.009961
0.000774
0.005283
0.006366
0.000037
0.001219
0.003624
0.007139
0.007538
0.005513
0.004728
0.000110
0.008816
0.002593
0.009858
0.000816
0.002378
0.002213
0.008344
0.008696
0.006440
0.001867
0.000845
0.003120
0.007509
0.009979
0.009856
0.008079
0.002693
0.009472
0.000851
0.002654
0.000246
0.006124
0.009010
0.000273
0.007333
0.002634
0.007402
0.004871
0.008137
0.002130
0.004971
0.006954
0.004713
0.004829
0.007759
0.007081
0.007032
0.006103
0.005777
0.003472
0.007960
0.006611
0.006582
0.005469
0.006591
0.006438
0.003548
0.009274
0.005909
0.004389
0.001928
0.006145
0.000513
0.000938
0.006408
0.007836
0.003562
0.003810
0.002707
0.001699
0.005930
0.007668
0.008643
0.000643
0.002498
0.006402
0.007714
0.009519
0.002505
0.003491
0.002991
0.000464
0.000103
0.009563
0.005923
0.006683
0.006001
0.009461
0.005957
0.001910
0.003850
0.007875
0.008045
0.004353
0.008803
0.004453
0.002189
0.002365
0.008253
0.004887
0.004054
0.004184
0.002555
0.002697
0.004817
0.005043
0.009089
0.002531
0.004562
0.001593
0.006013
0.007544
0.002048
0.006105
0.007107
0.007961
0.002788
0.003108
0.007422
0.008736
0.005008
0.001271
0.006611
0.003053
0.005614
0.005414
0.007496
0.007794
0.007768
0.005749
0.002680
0.001822
0.009923
0.005226
0.004509
0.004740
0.000268
0.003598
0.007261
0.004821
0.005181
0.003274
0.002364
0.007219
0.009369
0.009461
0.005180
0.002157
0.002569
0.002602
0.000893
0.007567
0.003863
0.007494
0.000620
0.009467
0.002907
0.008106
0.007261
0.000676
0.003856
0.009931
0.002488
0.003779
0.005157
0.006987
0.008509
0.005415
0.000585
0.005770
0.000236
0.005757
0.009033
0.002590
0.002976
0.008402
0.002052
0.008146
0.000559
0.004611
0.000747
0.001442
0.002178
0.004600
0.008926
0.002788
0.004067
0.001833
0.000894
0.001328
0.002499
0.004740
0.001259
0.004977
0.008508
0.006405
0.001964
0.007017
0.001821
0.002540
0.002787
0.002046
0.008286
0.001820
0.004626
0.001262
0.000222
0.006668
0.009398
0.000771
0.001279
0.000145
0.002203
0.003446
0.004735
0.001129
0.006224
0.008792
0.002952
0.007108
0.000120
0.005441
0.001848
0.001369
0.000418
0.000356
0.007764
0.002372
0.007363
0.009575
0.004901
0.000149
0.001621
0.003188
0.001959
0.006238
0.004440
0.002171
0.002906
0.003837
0.002932
0.004174
0.003973
0.005125
0.007611
0.008698
0.006244
0.003835
0.007490
0.009186
0.000943
0.007601
0.004627
0.002781
0.008960
0.005034
0.003127
0.006724
0.007396
0.000489
0.006299
0.002297
0.000629
0.007910
0.005475
0.002578
0.004148
0.009905
0.004739
0.007043
0.003742
0.007661
0.001218
0.007705
0.002786
0.008819
0.006403
0.009021
0.002653
0.003893
0.008207
0.003586
0.001494
0.002834
0.006357
0.000453
0.007858
0.009473
0.007167
0.005254
0.009953
0.003466
0.007542
0.000582
0.001376
0.003017
0.003149
0.005514
0.002921
0.007878
0.002558
0.006653
0.005539
0.003766
0.004358
0.008316
0.002584
0.000761
0.007337
0.005228
0.004644
0.005544
0.008804
0.006127
0.008368
0.005161
0.006571
0.006226
0.004634
0.003738
0.001480
0.004587
0.007195
0.009012
0.005159
0.008561
0.002029
0.008298
0.004075
0.004940
0.006177
0.006623
0.001593
0.001716
0.000389
0.005941
0.000032
0.002963
0.006692
0.007359
0.008180
0.001335
0.002902
0.006985
0.007453
0.001270
0.002145
0.004024
0.007486
0.006770
0.007752
0.008956
0.001357
0.004946
0.007967
0.006506
0.003507
0.009986
0.004804
0.007573
0.004926
0.000981
0.004196
0.006509
0.002687
0.004574
0.002451
0.002709
0.007527
0.009133
0.000067
0.005707
0.000468
0.002959
0.002692
0.007911
0.004219
0.004827
0.001935
0.001705
0.001597
0.009676
0.000660
0.002945
0.004623
0.008618
0.009441
0.008120
0.008604
0.004245
0.005693
0.003530
0.005216
0.009878
0.000039
0.007892
0.004452
0.002480
0.000601
0.001980
0.001612
0.000658
0.007677
0.002070
0.003607
0.000369
0.009971
0.007816
0.005187
0.001906
0.009511
0.006774
0.001582
0.000171
0.009709
0.006195
0.008779
0.009149
0.004315
0.007383
0.003394
0.009998
0.000912
0.008600
0.009876
0.000941
0.006492
0.004329
0.003411
0.007083
0.006298
0.005013
0.007731
0.003975
0.007074
0.001338
0.004334
0.007045
0.009144
0.009511
0.008941
0.008655
0.006284
0.000524
0.008817
0.005993
0.006709
0.007596
0.005142
0.001024
0.004978
0.008526
0.001022
0.005880
0.007126
0.000898
0.006812
0.003618
0.005216
0.000223
0.000701
0.001514
0.005226
0.008421
0.005479
0.002300
0.009749
0.009803
0.009335
0.008894
0.009314
0.008276
0.007549
0.005598
0.008790
0.006366
0.001591
0.005498
0.003961
0.006724
0.006512
0.008930
0.005250
0.007523
0.004810
0.002376
0.008411
0.001622
0.005984
0.003627
0.001834
0.006675
0.005131
0.007050
0.005096
0.000610
0.009340
0.004845
0.000413
0.008675
0.003739
0.009717
0.006951
0.001288
0.005315
0.005740
0.007643
0.006897
0.001238
0.001605
0.003620
0.007740
0.000535
0.008861
0.005264
0.005335
0.001237
0.003675
0.006946
0.007211
0.007292
0.008770
0.003885
0.002423
0.005820
0.008971
0.003023
0.005160
0.003816
0.003427
0.003835
0.007545
0.003144
0.000785
0.008823
0.008449
0.006516
0.006466
0.005346
0.007744
0.008061
0.008957
0.005485
0.008586
0.007817
0.000748
0.003920
0.009044
0.004413
0.000866
0.006255
0.001705
0.009627
0.000140
0.004117
0.005447
0.009101
0.007130
0.000607
0.002917
0.000557
0.004432
0.000462
0.003691
0.005207
0.009275
0.002140
0.001723
0.005741
0.007476
0.009457
0.003802
0.006432
0.004941
0.002387
0.004250
0.005680
0.006298
0.003293
0.000093
0.007154
0.009538
0.001787
0.006780
0.009668
0.005895
0.002227
0.008769
0.003025
0.002824
0.001686
0.003572
0.007246
0.002139
0.007252
0.002452
0.001414
0.009382
0.004165
0.007144
0.006858
0.003622
0.000946
0.003291
0.008554
0.003324
0.007530
0.004233
0.009611
0.000824
0.004316
0.006765
0.000362
0.006093
0.003546
0.000029
0.001988
0.005763
0.008788
0.005003
0.008577
0.000475
0.008564
0.005822
0.002603
0.005817
0.008265
0.004007
0.005199
0.002430
0.001151
0.002057
0.006042
0.002088
0.005338
0.004596
0.005401
0.002868
0.008819
0.005013
0.003682
0.003135
0.001778
0.004034
0.009218
0.005314
0.004053
0.001206
0.001076
0.002841
0.006198
0.009643
0.003306
0.004763
0.005465
0.005899
0.000580
0.003730
0.009896
0.005769
0.006150
0.001047
0.007816
0.002192
0.003124
0.003154
0.006777
0.008516
0.006012
0.005596
0.003529
0.009684
0.008721
0.005297
0.003718
0.007939
0.000611
0.007761
0.009135
0.001677
0.000602
0.005333
0.001320
0.003898
0.000096
0.006775
0.009787
0.000666
0.000505
0.009682
0.006424
0.006645
0.000729
0.004241
0.008826
0.003843
0.007385
0.005604
0.002359
0.003397
0.001200
0.005878
0.003082
0.009911
0.001175
0.006790
0.007850
0.001776
0.004550
0.006985
0.003443
0.005143
0.002319
0.004753
0.009030
0.002405
0.001528
0.008817
0.003061
0.002023
0.008499
0.009475
0.008658
0.009218
0.003716
0.007484
0.003061
0.001100
0.003088
0.005411
0.004487
0.004277
0.001289
0.007559
0.004188
0.002454
0.004349
0.002038
0.004220
0.008889
0.009014
0.007653
0.004032
0.001332
0.002406
0.003062
0.003727
0.003924
0.001878
0.006778
0.005938
0.000377
0.006253
0.004596
0.009585
0.009959
0.002080
0.002646
0.001059
0.005157
0.008047
0.005536
0.009425
0.009326
0.003095
0.003613
0.001780
0.007434
0.005642
0.005990
0.006323
0.004655
0.003643
0.000354
0.005978
0.006040
0.003406
0.009695
0.009954
0.005274
0.006473
0.005892
0.005642
0.002726
0.000487
0.005227
0.002685
0.002557
0.007863
0.003734
0.007704
0.005910
0.009260
0.007129
0.005236
0.002356
0.000742
0.007006
0.009780
0.006374
0.002997
0.006103
0.001029
0.006630
0.006447
0.006997
0.002670
0.009843
0.006692
0.002624
0.005118
0.003165
0.008506
0.000759
0.005881
0.008983
0.005976
0.008556
0.001540
0.003839
0.002290
0.009235
0.009740
0.001551
0.006364
0.004976
0.003896
0.007096
0.001982
0.003676
0.003470
0.004969
0.009769
0.004489
0.001599
0.006216
0.001486
0.004259
0.006059
0.008168
0.006873
0.001176
0.001333
0.005379
0.001925
0.007204
0.004362
0.007892
0.005760
0.005892
0.001731
0.008040
0.005126
0.001471
0.009580
0.001490
0.006437
0.003477
0.008577
0.008409
0.007143
0.002047
0.003378
0.006912
0.006526
0.004968
0.003127
0.008002
0.009217
0.009176
0.006170
0.006090
0.000352
0.007493
0.001469
0.002268
0.004697
0.005820
0.000159
0.000457
0.001712
0.001880
0.008487
0.006829
0.003341
0.008067
0.008309
0.009768
0.001544
0.006886
0.008177
0.008677
0.008922
0.001555
0.005589
0.005448
0.006513
0.008706
0.003450
0.005730
0.007882
0.009610
0.001820
0.008224
0.007103
0.003278
0.000492
0.001800
0.009089
0.000641
0.002247
0.000801
0.002511
0.000733
0.007620
0.005842
0.008790
0.005929
0.005610
0.000334
0.002814
0.003786
0.009001
0.001736
0.005331
0.004590
0.007175
0.001844
0.003296
0.000625
0.007564
0.001178
0.000235
0.009373
0.009392
0.007329
0.002652
0.009873
0.009119
0.001740
0.000514
0.001365
0.002531
0.003015
0.002088
0.000150
0.008847
0.000879
0.006069
0.004457
0.001203
0.008873
0.008233
0.000204
0.000610
0.003565
0.004784
0.007774
0.005399
0.008070
0.008389
0.002963
0.009237
0.008615
0.002336
0.008629
0.005943
0.004977
0.008502
0.005062
0.006707
0.009006
0.006417
0.009228
0.002022
0.008495
0.009369
0.000869
0.009364
0.005438
0.005316
0.000567
0.004311
0.003549
0.000762
0.004911
0.007103
0.005536
0.002685
0.002502
0.003606
0.001075
0.005454
0.002843
0.009679
0.007780
0.001472
0.005623
0.002758
0.009964
0.000685
0.009455
0.008971
0.007092
0.008684
0.000992
0.005587
0.008052
0.001851
0.004951
0.003490
0.007157
0.005509
0.007792
0.000705
0.006260
0.002702
0.007799
0.001796
0.005378
0.000301
0.005392
0.006442
0.005745
0.008225
0.006122
0.003525
0.009687
0.001744
0.006273
0.009651
0.002419
0.005728
0.008622
0.009501
0.004412
0.009604
0.005088
0.002464
0.001456
0.000039
0.005945
0.008602
0.005538
0.003736
0.009298
0.001798
0.006428
0.007096
0.003584
0.001806
0.007387
0.008966
0.008238
0.003132
0.007190
0.004360
0.006647
0.006877
0.006094
0.002920
0.006528
0.008503
0.008638
0.005150
0.008004
0.003050
0.004755
0.003092
0.005504
0.006200
0.003121
0.001449
0.004803
0.008649
0.005175
0.004100
0.000448
0.001603
0.001196
0.004022
0.003399
0.008573
0.002988
0.001637
0.001705
0.000178
0.005987
0.008342
0.007046
0.002081
0.001262
0.003574
0.000584
0.009890
0.008714
0.008578
0.002940
0.003469
0.001670
0.008434
0.009659
0.004782
0.009872
0.004462
0.003431
0.005047
0.008552
0.003869
0.006640
0.009738
0.007881
0.000039
0.008311
0.000869
0.001666
0.000016
0.001037
0.007643
0.008348
0.008073
0.009714
0.009600
0.001646
0.000299
0.009490
0.000360
0.008867
0.002429
0.003819
0.000537
0.000863
0.003479
0.005309
0.000736
0.007930
0.008730
0.005772
0.006483
0.002599
0.002412
0.006221
0.000479
0.002441
0.004533
0.001338
0.004097
0.004539
0.002365
0.001740
0.002887
0.000438
0.001454
0.002486
0.002074
0.001743
0.001976
0.002425
0.000610
0.004395
0.006234
0.001137
0.005249
0.009703
0.006436
0.005974
0.007633
0.005166
0.001747
0.004116
0.007755
0.004149
0.000337
0.008224
0.006580
0.004859
0.009552
0.000677
0.009388
0.001917
0.002408
0.002274
0.002345
0.003852
0.004751
0.004409
0.005585
0.006717
0.006824
0.006185
0.001112
0.003058
0.007312
0.006351
0.002760
0.003749
0.002325
0.000393
0.008905
0.004062
0.004499
0.006660
0.008201
0.004825
0.004884
0.004781
0.009675
0.004436
0.005449
0.009062
0.006343
0.007847
0.001337
0.008678
0.001699
0.006078
0.003088
0.007274
0.002794
0.009901
0.003458
0.003897
0.002959
0.000771
0.000247
0.005709
0.004509
0.002563
0.006093
0.003414
0.006615
0.000591
0.000073
0.004816
0.005407
0.004947
0.009587
0.005081
0.009373
0.005036
0.004144
0.005716
0.002883
0.005471
0.004395
0.004571
0.001548
0.007473
0.001845
0.004333
0.007374
0.005293
0.008219
0.000333
0.006054
0.008457
0.006033
0.000563
0.001019
0.002125
0.003967
0.007624
0.002707
0.004030
0.002439
0.008103
0.008967
0.002026
0.003185
0.008340
0.007052
0.007319
0.004057
0.009925
0.002790
0.008442
0.004496
0.004328
0.005914
0.006331
0.008651
0.003288
0.001624
0.006870
0.003611
0.007667
0.005327
0.009634
0.008220
0.006336
0.001759
0.002187
0.003960
0.004456
0.006207
0.006390
0.002559
0.005174
0.008406
0.005734
0.003515
0.005458
0.003053
0.007561
0.005383
0.005833
0.006003
0.009869
0.000161
0.001917
0.006200
0.008802
0.005195
0.007814
0.005672
0.008797
0.005481
0.000999
0.008431
0.003702
0.007325
0.000190
0.005879
0.001286
0.004636
0.002086
0.007665
0.007185
0.007250
0.006071
0.002920
0.000765
0.001530
0.005963
0.008317
0.006903
0.001795
0.004320
0.006772
0.001946
0.006227
0.002972
0.000748
0.001422
0.000786
0.006410
0.000219
0.006257
0.007399
0.008640
0.009949
0.004724
0.008820
0.005828
0.006000
0.003456
0.007904
0.003665
0.000641
0.005154
0.009726
0.003551
0.005910
0.001256
0.009503
0.004226
0.008149
0.001299
0.008536
0.004921
0.003234
0.004762
0.007883
0.003972
0.006174
0.008660
0.000382
0.006383
0.004917
0.007770
0.005022
0.004866
0.002494
0.003842
0.000694
0.008484
0.007288
0.008588
0.002149
0.007920
0.003742
0.001875
0.001471
0.009642
0.003121
0.000974
0.003868
0.001269
0.002263
0.002404
0.006180
0.005487
0.007156
0.004064
0.009449
0.003330
0.002724
0.009821
0.009703
0.007631
0.007591
0.004725
0.002497
0.000086
0.008558
0.003181
0.008560
0.005846
0.001769
0.000709
0.003766
0.005502
0.002574
0.005226
0.005144
0.005685
0.006190
0.009002
0.006944
0.008443
0.001405
0.003125
0.003930
0.008551
0.007178
0.003379
0.001881
0.009892
0.003199
0.001584
0.007523
0.000790
0.006299
0.000020
0.000866
0.004857
0.003192
0.009416
0.000703
0.004951
0.000124
0.004458
0.000453
0.002688
0.009674
0.005587
0.008363
0.005864
0.004589
0.005307
0.004307
0.005984
0.008421
0.008226
0.004535
0.005600
0.001605
0.006406
0.005492
0.004794
0.007980
0.003015
0.005575
0.004279
0.003026
0.006431
0.009126
0.006207
0.005846
0.009818
0.001159
0.005961
0.004276
0.001602
0.008639
0.003951
0.007179
0.007002
0.009805
0.001767
0.002309
0.004112
0.007741
0.000730
0.002338
0.002276
0.006320
0.003933
0.008673
0.001812
0.008718
0.006653
0.004818
0.004293
0.000932
0.007833
0.000723
0.000058
0.004041
0.006560
0.009866
0.005189
0.002521
0.004142
0.006781
0.001160
0.008083
0.003960
0.008151
0.007888
0.005717
0.000460
0.002000
0.003458
0.001181
0.004329
0.005725
0.007491
0.008252
0.004398
0.009293
0.006970
0.001050
0.004111
0.001263
0.001972
0.001944
0.001976
0.002020
0.005975
0.008526
0.001886
0.001164
0.001046
0.006018
0.007935
0.002196
0.004101
0.001894
0.000347
0.001990
0.007601
0.000798
0.003980
0.001060
0.001968
0.008298
0.006775
0.009449
0.006550
0.001172
0.008742
0.003520
0.002212
0.002853
0.004773
0.004175
0.004787
0.006739
0.006184
0.000762
0.005264
0.008060
0.001916
0.006301
0.004078
0.009841
0.008486
0.008170
0.001735
0.008824
0.000159
0.009327
0.009611
0.004129
0.000386
0.001580
0.002427
0.007151
0.001029
0.008967
0.008313
0.009761
0.002488
0.000525
0.002614
0.007250
0.004690
0.007391
0.003989
0.000874
0.008143
0.009243
0.008924
0.000059
0.005544
0.003003
0.009890
0.004030
0.001172
0.001625
0.002854
0.001321
0.000952
0.002465
0.005440
0.001328
0.004035
0.007857
0.008469
0.005053
0.006825
0.006782
0.004814
0.009302
0.007297
0.007418
0.006553
0.001987
0.004810
0.000542
0.002851
0.002953
0.009775
0.001776
0.003002
0.005319
0.004768
0.002892
0.009339
0.005930
0.004507
0.002193
0.007242
0.005449
0.004648
0.002682
0.006767
0.008673
0.000539
0.005236
0.003727
0.007354
0.002017
0.008531
0.006656
0.009305
0.005949
0.003209
0.001292
0.000759
0.003740
0.004133
0.003703
0.003515
0.005899
0.006695
0.008824
0.000667
0.009577
0.008163
0.006587
0.004084
0.000356
0.003829
0.009523
0.004994
0.006501
0.006290
0.003667
0.007030
0.001525
0.007384
0.004383
0.003533
0.005915
0.001039
0.002837
0.001864
0.004238
0.004119
0.002614
0.007968
0.008242
0.006306
0.001484
0.004141
0.003001
0.000308
0.004798
0.002578
0.008461
0.001385
0.006653
0.008807
0.005204
0.006176
0.003801
0.001705
0.002466
0.007458
0.008724
0.003981
0.004842
0.003107
0.007504
0.000757
0.004137
0.000341
0.002611
0.008365
0.004450
0.005215
0.006333
0.002692
0.001521
0.007807
0.006823
0.004512
0.008105
0.001621
0.007080
0.006565
0.002996
0.003732
0.005372
0.008189
0.009898
0.009163
0.009884
0.002364
0.006621
0.008608
0.006335
0.001463
0.001716
0.003839
0.002210
0.005842
0.004170
0.004811
0.004207
0.008610
0.000025
0.000540
0.001302
0.001536
0.008337
0.008115
0.006037
0.006442
0.009725
0.003117
0.003007
0.002721
0.006840
0.008369
0.000910
0.006738
0.007532
0.000794
0.009092
0.004153
0.009393
0.005426
0.005606
0.001108
0.009255
0.007806
0.006940
0.003425
0.002616
0.001148
0.002034
0.002632
0.001678
0.003326
0.004157
0.000015
0.001441
0.000195
0.006447
0.001167
0.003302
0.009444
0.003878
0.000141
0.007814
0.004778
0.006869
0.005346
0.005562
0.005961
0.009489
0.004955
0.001387
0.005095
0.006053
0.000642
0.002901
0.002994
0.004057
0.005507
0.004131
0.006081
0.008129
0.005799
0.009397
0.002286
0.005804
0.000839
0.002470
0.002251
0.001995
0.005762
0.001696
0.005863
0.005894
0.009499
0.000641
0.002763
0.004845
0.006193
0.008714
0.004334
0.001148
0.000101
0.009419
0.007191
0.000733
0.002320
0.000185
0.004780
0.007817
0.004306
0.000861
0.005946
0.000105
0.000258
0.008222
0.005899
0.001087
0.000692
0.008140
0.003072
0.006445
0.009825
0.008925
0.002338
0.009325
0.009555
0.005091
0.004170
0.005749
0.003805
0.008494
0.006887
0.003896
0.007914
0.004078
0.004619
0.000234
0.004253
0.009388
0.008042
0.008549
0.000249
0.003988
0.008644
0.000497
0.002210
0.004543
0.001574
0.002892
0.002683
0.004635
0.009327
0.002508
0.003560
0.001665
0.001833
0.003115
0.006746
0.005993
0.008854
0.000551
0.004487
0.005741
0.004437
0.002401
0.009809
0.009046
0.002625
0.004063
0.008434
0.000666
0.002612
0.008673
0.004644
0.001256
0.009160
0.006844
0.005789
0.000734
0.009726
0.008461
0.005359
0.009052
0.000969
0.008909
0.000717
0.002792
0.002024
0.007454
0.008774
0.000878
0.007995
0.003261
0.006609
0.002432
0.005652
0.006418
0.001478
0.008267
0.000481
0.009902
0.008923
0.003083
0.008575
0.003567
0.004329
0.007735
0.000411
0.000117
0.008458
0.000136
0.008568
0.003817
0.009179
0.009527
0.002726
0.009886
0.002319
0.004741
0.007340
0.001093
0.005609
0.005335
0.004344
0.002218
0.007757
0.009986
0.008626
0.009225
0.008252
0.009097
0.009126
0.007175
0.002180
0.007701
0.000742
0.006498
0.005436
0.001143
0.006605
0.003894
0.001269
0.005174
0.007701
0.000448
0.004701
0.000428
0.000334
0.007010
0.005158
0.007664
0.008093
0.000767
0.002999
0.002436
0.002975
0.000756
0.002422
0.001601
0.009971
0.000674
0.000698
0.009097
0.007839
0.002868
0.006798
0.008571
0.009356
0.002234
0.009704
0.005962
0.006118
0.000973
0.001135
0.003819
0.001411
0.005826
0.004237
0.001735
0.002836
0.009385
0.009390
0.000928
0.000152
0.002389
0.003355
0.003117
0.003135
0.005767
0.004708
0.003106
0.006431
0.005396
0.002203
0.004270
0.008254
0.008991
0.002841
0.007610
0.001224
0.002545
0.003572
0.007332
0.003508
0.004697
0.001151
0.004909
0.000523
0.005378
0.006635
0.003349
0.004764
0.006024
0.004267
0.004906
0.008403
0.007612
0.008013
0.001538
0.003378
0.002722
0.004633
0.009799
0.008108
0.006826
0.004069
0.006362
0.005817
0.006900
0.003972
0.007031
0.009435
0.007534
0.004363
0.002943
0.002231
0.005504
0.007842
0.002744
0.000882
0.004477
0.006083
0.005636
0.000501
0.000350
0.000542
0.008895
0.007952
0.008545
0.000432
0.001330
0.001267
0.005056
0.001129
0.009365
0.001882
0.005188
0.005727
0.007689
0.002088
0.009689
0.004720
0.001522
0.007223
0.009072
0.004455
0.009444
0.004576
0.002297
0.002188
0.005449
0.006764
0.008261
0.001084
0.007256
0.008601
0.001616
0.006150
0.006553
0.000161
0.006573
0.007873
0.001418
0.001629
0.008992
0.000783
0.003501
0.004180
0.006500
0.001190
0.006258
0.006189
0.005899
0.007770
0.003412
0.004972
0.002225
0.002856
0.009538
0.004512
0.005033
0.004987
0.001277
0.003294
0.006061
0.008523
0.001895
0.007667
0.004673
0.008437
0.007819
0.001246
0.006310
0.009227
0.002865
0.005302
0.000010
0.006356
0.009472
0.006500
0.007535
0.005730
0.002689
0.003435
0.003500
0.006091
0.008396
0.005716
0.008936
0.007935
0.000228
0.003970
0.002921
0.001495
0.007254
0.008973
0.000017
0.009138
0.006640
0.004681
0.007575
0.004459
0.005917
0.003885
0.003686
0.008771
0.009177
0.003687
0.005127
0.008650
0.000187
0.002663
0.004380
0.002866
0.006087
0.007871
0.008946
0.004484
0.003586
0.007883
0.002418
0.003804
0.001852
0.005330
0.005289
0.009096
0.004302
0.005297
0.008234
0.000943
0.009967
0.005810
0.005392
0.005884
0.009685
0.009068
0.004655
0.008862
0.002755
0.009773
0.007512
0.002931
0.002435
0.001893
0.005787
0.008512
0.009753
0.004733
0.002996
0.003340
0.002616
0.005404
0.007134
0.004459
0.000734
0.002423
0.003555
0.005026
0.007710
0.001789
0.005959
0.007677
0.007589
0.001351
0.003561
0.007273
0.000419
0.008206
0.006136
0.003163
0.007979
0.003648
0.006085
0.000414
0.005531
0.001872
0.008917
0.005284
0.006595
0.001913
0.008614
0.009201
0.007307
0.005748
0.003660
0.008031
0.008162
0.007205
0.003057
0.005872
0.008984
0.009006
0.003549
0.006572
0.000357
0.007100
0.003846
0.000766
0.005307
0.009971
0.003919
0.003286
0.003620
0.009994
0.003690
0.009140
0.001866
0.002606
0.004425
0.008451
0.004509
0.003039
0.007653
0.001816
0.008777
0.001313
0.009837
0.006938
0.008508
0.002894
0.002810
0.007491
0.001901
0.006349
0.004063
0.002248
0.003449
0.007899
0.003004
0.008746
0.007870
0.006913
0.002032
0.001490
0.006907
0.005711
0.000630
0.008763
0.008308
0.005045
0.007214
0.002817
0.008073
0.004867
0.004623
0.006850
0.006169
0.004460
0.003788
0.004677
0.007344
0.006588
0.002168
0.009235
0.002938
0.006222
0.001483
0.006377
0.004120
0.004477
0.005123
0.001991
0.001390
0.007144
0.003471
0.008287
0.002856
0.004091
0.007050
0.001163
0.009126
0.004264
0.003970
0.007199
0.009121
0.008583
0.004049
0.005290
0.003043
0.007828
0.009957
0.000387
0.004416
0.002125
0.009612
0.007344
0.008337
0.001094
0.003721
0.002457
0.005561
0.008833
0.004438
0.006940
0.005978
0.007899
0.005227
0.008823
0.001990
0.002277
0.009977
0.001116
0.006531
0.003947
0.008305
0.005651
0.002529
0.002354
0.000942
0.005562
0.000182
0.000899
0.005939
0.004588
0.003014
0.005550
0.001932
0.001350
0.006635
0.005643
0.003798
0.002196
0.004476
0.008226
0.009126
0.000454
0.006124
0.004353
0.009267
0.008104
0.006620
0.009243
0.009210
0.003151
0.003190
0.007514
0.008793
0.005710
0.009859
0.009724
0.001272
0.000041
0.000623
0.007200
0.004619
0.003627
0.002751
0.006541
0.004967
0.009375
0.002184
0.008755
0.001571
0.006650
0.006980
0.000697
0.007093
0.003104
0.005040
0.006360
0.001208
0.001660
0.005603
0.000418
0.004801
0.008783
0.007922
0.003594
0.004493
0.007781
0.003318
0.005754
0.007812
0.003931
0.002955
0.002430
0.007548
0.005695
0.008961
0.002514
0.005071
0.001145
0.001269
0.006632
0.007784
0.008239
0.007318
0.004878
0.001344
0.002358
0.001237
0.002542
0.004009
0.006831
0.002950
0.008800
0.005614
0.000872
0.002394
0.000106
0.008643
0.005702
0.005851
0.006455
0.009623
0.008795
0.008875
0.007171
0.004491
0.007836
0.009675
0.009551
0.008971
0.000944
0.006183
0.006756
0.009174
0.003501
0.001633
0.000517
0.005849
0.002861
0.003049
0.009848
0.009681
0.005989
0.008648
0.005295
0.006851
0.001043
0.005391
0.005494
0.006735
0.001242
0.001949
0.006358
0.000037
0.000824
0.003529
0.004518
0.008650
0.003205
0.004069
0.007622
0.004139
0.000252
0.004378
0.003313
0.003743
0.006001
0.003820
0.009582
0.008852
0.006859
0.009431
0.008533
0.002848
0.008079
0.003828
0.009689
0.009112
0.009210
0.005183
0.005847
0.000452
0.007122
0.002205
0.000479
0.007935
0.005725
0.004987
0.006586
0.008920
0.009046
0.004207
0.003059
0.009288
0.008575
0.006362
0.003031
0.004576
0.000182
0.002614
0.003428
0.007031
0.002044
0.001961
0.009869
0.000123
0.005780
0.009558
0.009225
0.004989
0.004741
0.005072
0.005431
0.001862
0.007267
0.005901
0.009788
0.002992
0.000888
0.006373
0.001911
0.009924
0.000581
0.004960
0.009213
0.009146
0.001322
0.002244
0.003722
0.001494
0.004848
0.007140
0.008515
0.006882
0.009091
0.008384
0.006995
0.004871
0.007942
0.006220
0.009850
0.002683
0.001292
0.005282
0.004535
0.008550
0.001182
0.004322
0.001542
0.002060
0.000696
0.003443
0.001984
0.001267
0.008393
0.001197
0.000412
0.009706
0.003431
0.004124
0.001200
0.008269
0.001264
0.009705
0.005151
0.000356
0.008089
0.002146
0.005217
0.006030
0.008356
0.005067
0.008703
0.009639
0.000349
0.003238
0.008188
0.001521
0.007550
0.009720
0.003571
0.008236
0.003163
0.005545
0.009492
0.001556
0.006733
0.009895
0.001262
0.000164
0.004019
0.002451
0.008423
0.005274
0.002156
0.003573
0.005620
0.000244
0.005710
0.000836
0.006265
0.004066
0.005894
0.004968
0.003705
0.006232
0.008195
0.001893
0.007743
0.005745
0.001613
0.001314
0.003981
0.004766
0.006850
0.003474
0.006312
0.003582
0.003368
0.007564
0.003736
0.007378
0.000016
0.002159
0.002651
0.002162
0.005722
0.008261
0.002396
0.001432
0.009087
0.008651
0.005488
0.004981
0.003619
0.009182
0.001213
0.001814
0.001076
0.008946
0.007549
0.002679
0.000260
0.001530
0.007435
0.007100
0.004994
0.003747
0.000682
0.008352
0.001311
0.004408
0.005730
0.001317
0.006557
0.008371
0.003469
0.002279
0.006632
0.005855
0.003701
0.005719
0.004506
0.009179
0.000700
0.008114
0.008361
0.001903
0.009918
0.009427
0.000849
0.007467
0.002105
0.001100
0.008988
0.009530
0.008189
0.003981
0.003277
0.008861
0.002334
0.004578
0.003270
0.008053
0.005885
0.009816
0.006424
0.009344
0.002096
0.003056
0.005199
0.005787
0.008765
0.009694
0.004965
0.009455
0.007808
0.003326
0.001358
0.007726
0.002753
0.002197
0.005194
0.004848
0.003287
0.004181
0.004378
0.001476
0.008153
0.007645
0.000337
0.000486
0.002224
0.003597
0.008529
0.008099
0.003414
0.004954
0.007443
0.005499
0.008000
0.002641
0.001286
0.006765
0.002336
0.006241
0.006220
0.000144
0.009558
0.007568
0.007860
0.002311
0.009755
0.003054
0.007149
0.003041
0.007225
0.001528
0.004507
0.005378
0.009163
0.004835
0.005854
0.001387
0.008422
0.004383
0.009476
0.001836
0.009327
0.006918
0.007325
0.007327
0.009550
0.008601
0.004092
0.001885
0.004842
0.000312
0.002019
0.004399
0.007870
0.009870
0.006700
0.007624
0.002924
0.003849
0.000666
0.000149
0.005367
0.005163
0.005517
0.004530
0.009988
0.001370
0.005906
0.008410
0.005744
0.005382
0.000246
0.005071
0.002300
0.007560
0.002398
0.001850
0.006161
0.006479
0.003726
0.001003
0.006781
0.005735
0.005392
0.004651
0.005605
0.002092
0.002275
0.008519
0.005931
0.002931
0.008658
0.001297
0.008084
0.004174
0.005817
0.008072
0.005535
0.001723
0.006482
0.001278
0.007095
0.006718
0.006339
0.009386
0.004278
0.008727
0.001236
0.000439
0.005206
0.004952
0.001432
0.001987
0.000687
0.006814
0.006628
0.006281
0.008896
0.008893
0.004800
0.004827
0.001824
0.003458
0.006114
0.009898
0.007622
0.001931
0.007970
0.003156
0.003644
0.004452
0.004425
0.000739
0.001170
0.000764
0.000125
0.005438
0.009480
0.001351
0.005868
0.004686
0.006292
0.007290
0.006664
0.006969
0.004104
0.003292
0.003250
0.002999
0.002185
0.008041
0.007816
0.003999
0.001498
0.003930
0.003896
0.009110
0.005851
0.001867
0.002266
0.009485
0.006309
0.006681
0.000224
0.007469
0.007435
0.000339
0.002907
0.006915
0.001680
0.008765
0.001602
0.007963
0.006055
0.008255
0.004932
0.000158
0.001547
0.008172
0.003148
0.003722
0.006213
0.000964
0.007710
0.007701
0.004884
0.001607
0.006811
0.000735
0.003463
0.009067
0.000220
0.009762
0.005748
0.000434
0.007231
0.003184
0.000763
0.000138
0.000099
0.002434
0.008893
0.001691
0.000396
0.004948
0.009936
0.005318
0.005096
0.001483
0.003490
0.008234
0.005195
0.009692
0.009188
0.002905
0.007393
0.004072
0.004501
0.004204
0.004797
0.007954
0.003271
0.005006
0.007716
0.009009
0.005430
0.004947
0.002193
