0.006184
0.005075
0.002282
0.008608
0.003969
0.003963
0.008994
0.008907
0.003899
0.004312
0.004003
0.005372
0.007791
0.002237
0.000567
0.007484
0.001425
0.003462
0.004877
0.005487
0.007953
0.009071
0.000284
0.005908
0.002342
0.005280
0.003624
0.001351
0.000710
0.008561
0.003534
0.006884
0.003637
0.005806
0.005492
0.007595
0.009759
0.004485
0.006502
0.003658
0.008787
0.000505
0.009021
0.006578
0.002732
0.009578
0.004062
0.004147
0.003040
0.008929
0.009625
0.000993
0.008000
0.009898
0.006891
0.000341
0.005178
0.000515
0.001682
0.005878
0.009066
0.005206
0.002763
0.002702
0.001013
0.008244
0.000298
0.000772
0.002730
0.006790
0.004420
0.001517
0.007285
0.003441
0.008085
0.000017
0.003019
0.002147
0.004154
0.006049
0.001076
0.003779
0.007032
0.009065
0.003677
0.003923
0.009396
0.008845
0.004428
0.001079
0.004724
0.003493
0.006275
0.007476
0.006186
0.007278
0.005720
0.006473
0.008040
0.008440
0.003263
0.002460
0.009947
0.000548
0.005891
0.008031
0.000555
0.008901
0.000178
0.004699
0.004950
0.001244
0.008468
0.001982
0.000309
0.002145
0.005895
0.009696
0.000991
0.000322
0.000775
0.005704
0.003806
0.007040
0.003181
0.009981
0.004318
0.008891
0.006454
0.002358
0.007331
0.009707
0.004808
0.007278
0.000255
0.000699
0.005309
0.000800
0.009590
0.005478
0.005489
0.004540
0.006712
0.003957
0.006511
0.007011
0.006092
0.002406
0.006707
0.007073
0.002718
0.007471
0.002778
0.006514
0.004511
0.005948
0.006495
0.008819
0.004839
0.002950
0.001177
0.002171
0.002657
0.005974
0.009439
0.002902
0.006664
0.004748
0.003692
0.006254
0.000226
0.009171
0.000793
0.006927
0.003128
0.007295
0.003939
0.009211
0.009691
0.000646
0.006284
0.002409
0.008107
0.009051
0.008913
0.002618
0.005000
0.005408
0.001437
0.009829
0.008348
0.002604
0.002000
0.001005
0.008568
0.001438
0.003897
0.005232
0.006176
0.007579
0.001486
0.006392
0.006750
0.002269
0.003319
0.009868
0.009554
0.007248
0.009079
0.009245
0.007883
0.005362
0.001654
0.005990
0.004414
0.000567
0.008598
0.009403
0.005966
0.000036
0.009233
0.004313
0.002629
0.001232
0.005308
0.001197
0.002661
0.009195
0.006419
0.008827
0.006774
0.007895
0.005219
0.003524
0.000163
0.008528
0.003392
0.009707
0.005776
0.002471
0.008952
0.003659
0.007823
0.000606
0.009640
0.002237
0.001163
0.008238
0.001641
0.007119
0.008264
0.000873
0.001432
0.000893
0.002096
0.006730
0.002080
0.004746
0.005926
0.008489
0.003574
0.002700
0.006384
0.008783
0.006214
0.006537
0.007311
0.009597
0.006244
0.003087
0.002068
0.005196
0.006737
0.009881
0.005792
0.006376
0.002118
0.006945
0.004615
0.003749
0.004063
0.002878
0.004612
0.005485
0.003761
0.006698
0.002216
0.005832
0.001444
0.008131
0.004321
0.005008
0.000831
0.000705
0.003791
0.007035
0.007232
0.001102
0.006632
0.003476
0.004179
0.008690
0.008662
0.000916
0.008571
0.004454
0.007282
0.000689
0.001399
0.001897
0.004428
0.005452
0.004765
0.009030
0.000938
0.008516
0.005728
0.003144
0.004348
0.007162
0.001275
0.008659
0.002170
0.002096
0.009354
0.005951
0.009121
0.006585
0.007042
0.005753
0.000061
0.001221
0.004443
0.008714
0.002127
0.003014
0.003168
0.009399
0.003694
0.004557
0.001296
0.008112
0.009999
0.006051
0.007143
0.000937
0.004567
0.002871
0.004071
0.008905
0.000033
0.005335
0.007564
0.002193
0.007421
0.006918
0.008134
0.006543
0.003503
0.005176
0.002296
0.003555
0.006387
0.006729
0.002268
0.008504
0.009734
0.005426
0.007904
0.003427
0.009973
0.009189
0.001539
0.009972
0.005240
0.008672
0.000909
0.009798
0.001543
0.004970
0.008703
0.001566
0.000305
0.006267
0.003749
0.007716
0.003185
0.001882
0.004259
0.006679
0.007049
0.006545
0.000233
0.003436
0.003274
0.002492
0.001941
0.003008
0.007908
0.009834
0.006425
0.007881
0.009024
0.007954
0.007854
0.004264
0.006626
0.008753
0.004061
0.008159
0.003723
0.002765
0.009715
0.004018
0.009022
0.003463
0.001735
0.002207
0.005336
0.005984
0.008876
0.002384
0.002529
0.009099
0.005810
0.005793
0.001591
0.007741
0.008791
0.009489
0.007575
0.005216
0.007371
0.006599
0.003170
0.005224
0.000862
0.009786
0.003977
0.004914
0.007945
0.007690
0.007668
0.007659
0.001709
0.006690
0.001123
0.003433
0.008888
0.006448
0.009407
0.007764
0.008823
0.001936
0.006863
0.004633
0.007719
0.008444
0.002374
0.006509
0.007934
0.009939
0.001725
0.005304
0.006538
0.004885
0.000529
0.007390
0.004671
0.004496
0.002304
0.002615
0.002186
0.009962
0.000275
0.003885
0.006653
0.001387
0.007308
0.005541
0.007826
0.006715
0.003305
0.006648
0.008641
0.000168
0.001282
0.006360
0.008602
0.003646
0.002870
0.006536
0.003585
0.004584
0.001841
0.000123
0.009459
0.002359
0.007503
0.004130
0.006845
0.009797
0.006735
0.009022
0.009759
0.007000
0.002906
0.006412
0.008377
0.000215
0.001953
0.006203
0.006920
0.005248
0.002851
0.005562
0.005406
0.004122
0.001922
0.004008
0.007758
0.004781
0.000544
0.001343
0.009356
0.002375
0.001456
0.008815
0.004724
0.008948
0.002945
0.001569
0.008745
0.009670
0.000591
0.008505
0.006669
0.003487
0.004917
0.005046
0.003692
0.006860
0.001249
0.000612
0.002108
0.004090
0.006164
0.007504
0.008203
0.008076
0.001512
0.005961
0.002857
0.002046
0.007294
0.002213
0.004411
0.008739
0.001028
0.009125
0.007687
0.003963
0.000695
0.006433
0.003633
0.001276
0.004937
0.000302
0.004753
0.009844
0.005338
0.008435
0.006704
0.006578
0.009037
0.008802
0.000668
0.005202
0.006306
0.008860
0.003278
0.007808
0.004821
0.006125
0.009845
0.002114
0.008328
0.004256
0.000853
0.009346
0.003381
0.008531
0.003309
0.004066
0.004963
0.006932
0.005332
0.009891
0.007224
0.000085
0.009735
0.002562
0.008510
0.006439
0.009130
0.007547
0.005242
0.009787
0.002749
0.001548
0.008648
0.006016
0.009346
0.003468
0.002141
0.009191
0.005573
0.000470
0.003447
0.006416
0.009806
0.006818
0.004947
0.003115
0.000884
0.009900
0.000046
0.006206
0.009791
0.007260
0.006281
0.009526
0.009812
0.004790
0.005966
0.008942
0.002338
0.001208
0.008729
0.005076
0.002746
0.007377
0.001093
0.002092
0.000845
0.003224
0.001282
0.006408
0.003684
0.004719
0.002824
0.003489
0.001537
0.007761
0.006594
0.002411
0.007661
0.006631
0.008607
0.007452
0.003891
0.004888
0.006978
0.003703
0.009668
0.002944
0.002645
0.002006
0.004142
0.001374
0.007072
0.006877
0.008740
0.008155
0.008959
0.009575
0.001379
0.000241
0.005983
0.005053
0.004950
0.008797
0.008533
0.006478
0.006557
0.005127
0.008879
0.004218
0.001758
0.007486
0.001671
0.005639
0.002374
0.008639
0.009331
0.002043
0.001583
0.001976
0.004039
0.005715
0.003340
0.001111
0.002592
0.002080
0.009256
0.001551
0.001655
0.000636
0.001782
0.007628
0.005679
0.006723
0.006425
0.004212
0.003200
0.002982
0.009329
0.002079
0.007191
0.001086
0.009555
0.008851
0.006715
0.001929
0.007490
0.006046
0.003962
0.009063
0.008012
0.007991
0.004778
0.001352
0.009092
0.007360
0.003422
0.008348
0.008900
0.005067
0.008974
0.000682
0.002695
0.004653
0.007395
0.009110
0.008855
0.000595
0.002093
0.008183
0.002664
0.009273
0.009260
0.002219
0.008125
0.005975
0.004139
0.005615
0.002021
0.008091
0.004678
0.000034
0.006082
0.009446
0.001376
0.005173
0.006806
0.004788
0.003521
0.005706
0.009845
0.002495
0.006378
0.002541
0.007138
0.003773
0.001651
0.005993
0.004358
0.003734
0.004176
0.007012
0.003007
0.003436
0.009221
0.001132
0.009401
0.003359
0.006737
0.001422
0.001450
0.001415
0.001446
0.007522
0.000861
0.002811
0.002695
0.007657
0.007589
0.006206
0.003363
0.007434
0.008692
0.009731
0.009965
0.005830
0.003504
0.001616
0.001823
0.007851
0.005340
0.005989
0.004863
0.008337
0.009414
0.004084
0.009459
0.008815
0.007433
0.006195
0.000237
0.008873
0.007600
0.001672
0.006395
0.008452
0.004474
0.009080
0.006108
0.002063
0.005287
0.009461
0.009488
0.003978
0.009192
0.009453
0.009798
0.002696
0.001069
0.001621
0.000547
0.006399
0.007600
0.005400
0.004735
0.007014
0.009473
0.004194
0.005829
0.006907
0.000389
0.006056
0.005780
0.007980
0.007718
0.002175
0.006431
0.002192
0.001255
0.002540
0.004245
0.006532
0.002001
0.003733
0.000510
0.001193
0.003185
0.000308
0.003878
0.004244
0.001919
0.004415
0.000643
0.009509
0.009805
0.005368
0.006523
0.009278
0.009552
0.002353
0.006185
0.009931
0.008399
0.001965
0.007911
0.006117
0.004130
0.004342
0.008299
0.005375
0.006872
0.002544
0.001907
0.008863
0.006267
0.002407
0.000056
0.009442
0.002705
0.003924
0.003686
0.004615
0.008330
0.004319
0.004124
0.008135
0.009677
0.000647
0.007413
0.009229
0.002990
0.003598
0.009160
0.001388
0.005553
0.007071
0.007495
0.009672
0.001413
0.005795
0.005047
0.008275
0.008329
0.006944
0.007138
0.004596
0.009340
0.007183
0.004038
0.002046
0.001108
0.007715
0.006650
0.009427
0.002034
0.000774
0.007562
0.001711
0.001411
0.004975
0.000940
0.004391
0.008563
0.000100
0.005769
0.004115
0.007160
0.003264
0.003788
0.008563
0.009049
0.008825
0.006838
0.007378
0.005769
0.003975
0.001974
0.005109
0.001159
0.006002
0.007145
0.002256
0.003717
0.003795
0.001684
0.005740
0.004559
0.009235
0.007441
0.005959
0.004210
0.008371
0.000350
0.002773
0.008461
0.006109
0.006879
0.005621
0.009363
0.000666
0.004184
0.008412
0.009482
0.001021
0.005790
0.005250
0.004987
0.007753
0.000360
0.006135
0.003755
0.007495
0.008381
0.007462
0.001289
0.000065
0.003202
0.005838
0.009290
0.000643
0.001797
0.003501
0.009004
0.002137
0.006264
0.007465
0.008236
0.003142
0.003086
0.007599
0.003799
0.007260
0.006011
0.003280
0.008271
0.001801
0.008521
0.003257
0.009544
0.008870
0.009383
0.003299
0.006365
0.007764
0.000761
0.007644
0.007819
0.003953
0.003482
0.007109
0.004586
0.005270
0.000609
0.003590
0.007397
0.006863
0.001055
0.005633
0.009995
0.004131
0.003233
0.003794
0.001391
0.009234
0.007064
0.009652
0.001035
0.005585
0.002909
0.000579
0.004455
0.002292
0.003868
0.000820
0.000055
0.004619
0.008454
0.007864
0.008562
0.001936
0.004973
0.003148
0.007196
0.005572
0.006728
0.004593
0.002435
0.007773
0.000227
0.002430
0.001904
0.003449
0.006214
0.003285
0.002683
0.003278
0.002937
0.003708
0.008853
0.005836
0.004277
0.003308
0.008117
0.008135
0.004118
0.008162
0.002754
0.002572
0.006026
0.001315
0.004498
0.000999
0.004453
0.001694
0.006561
0.001181
0.006277
0.008986
0.008944
0.006494
0.001416
0.000849
0.009933
0.007621
0.004124
0.002616
0.000899
0.007050
0.006314
0.009742
0.002886
0.000591
0.003050
0.001003
0.008716
0.007157
0.009155
0.001469
0.009719
0.005182
0.002774
0.004217
0.006171
0.007217
0.005901
0.002732
0.008388
0.002179
0.001718
0.007332
0.008663
0.003124
0.008171
0.008596
0.000745
0.002294
0.001212
0.001633
0.009335
0.007516
0.001375
0.002220
0.008097
0.004415
0.003213
0.006812
0.001572
0.002368
0.008271
0.001291
0.007540
0.001046
0.005498
0.003710
0.008253
0.001399
0.006432
0.006641
0.003568
0.008140
0.003973
0.002231
0.001264
0.002144
0.000826
0.001998
0.004428
0.002028
0.003622
0.003763
0.009534
0.004987
0.005973
0.007631
0.009392
0.009176
0.004443
0.000964
0.001544
0.002714
0.002245
0.009074
0.003750
0.007733
0.002785
0.002002
0.009122
0.009207
0.008633
0.002690
0.007346
0.002607
0.004911
0.008600
0.004741
0.005727
0.000599
0.009159
0.007745
0.004210
0.002922
0.007279
0.009187
0.008885
0.004910
0.008579
0.008061
0.009342
0.009532
0.009596
0.002056
0.001777
0.008670
0.005796
0.009500
0.001454
0.007788
0.008622
0.000661
0.006422
0.001312
0.007997
0.009018
0.006212
0.006598
0.003759
0.001939
0.007186
0.002918
0.009674
0.001397
0.005830
0.006954
0.000584
0.004715
0.001863
0.009153
0.002776
0.001206
0.008685
0.002371
0.003252
0.000462
0.001041
0.009038
0.009951
0.002485
0.006826
0.008573
0.003136
0.003248
0.009874
0.001134
0.002266
0.006087
0.007722
0.006014
0.008016
0.004908
0.008922
0.007691
0.006295
0.004752
0.004644
0.006868
0.009456
0.006497
0.006021
0.002232
0.007693
0.004706
0.004593
0.000945
0.005158
0.005625
0.009973
0.005109
0.008100
0.006799
0.003682
0.001236
0.000046
0.003556
0.002360
0.002302
0.009633
0.000082
0.008306
0.007649
0.004980
0.007228
0.005339
0.001274
0.001980
0.009973
0.008133
0.001436
0.006471
0.004154
0.003659
0.004164
0.008850
0.008242
0.005099
0.004007
0.003867
0.005072
0.009106
0.001967
0.001871
0.002787
0.003193
0.001907
0.006333
0.005543
0.004199
0.005966
0.005615
0.002506
0.003614
0.000595
0.009724
0.008944
0.001859
0.001704
0.008917
0.009982
0.003131
0.005388
0.004135
0.006779
0.009541
0.002985
0.005021
0.004641
0.006982
0.008878
0.009702
0.006088
0.000845
0.001573
0.008865
0.004028
0.003470
0.005198
0.009561
0.007660
0.001164
0.005176
0.000165
0.004769
0.005761
0.009880
0.003712
0.007610
0.001584
0.002629
0.007591
0.004705
0.008007
0.001726
0.001484
0.007548
0.004701
0.006495
0.002189
0.001683
0.005374
0.001891
0.007761
0.006208
0.003454
0.006626
0.000236
0.006915
0.001825
0.009787
0.004574
0.002979
0.004963
0.004730
0.007738
0.000724
0.004609
0.001450
0.008323
0.006183
0.004069
0.005914
0.000888
0.002076
0.007631
0.002362
0.009614
0.002332
0.008847
0.001803
0.004005
0.004221
0.003684
0.001766
0.000429
0.007128
0.008382
0.000655
0.004043
0.000207
0.000442
0.008608
0.003176
0.005395
0.003338
0.000913
0.006109
0.007937
0.002354
0.004432
0.004120
0.006413
0.000346
0.004998
0.008479
0.007967
0.007350
0.008093
0.000299
0.006197
0.009886
0.004295
0.000418
0.003570
0.006051
0.000837
0.000698
0.004433
0.001482
0.004732
0.004629
0.001915
0.003339
0.007795
0.007300
0.006667
0.008698
0.003408
0.004604
0.001052
0.007830
0.008714
0.007455
0.008167
0.003712
0.005934
0.006134
0.001062
0.004027
0.006424
0.007249
0.003913
0.000718
0.007657
0.007473
0.006759
0.008484
0.008161
0.001192
0.009956
0.002893
0.005811
0.001871
0.006222
0.003606
0.009161
0.002889
0.002305
0.002569
0.007483
0.003347
0.000399
0.006197
0.000801
0.008556
0.009899
0.006725
0.004690
0.000961
0.000752
0.001114
0.008199
0.004655
0.001822
0.005856
0.002128
0.008571
0.004340
0.000289
0.009752
0.004296
0.003172
0.005564
0.006157
0.009384
0.009160
0.005318
0.002274
0.001464
0.007877
0.009747
0.004801
0.008266
0.005944
0.005592
0.006822
0.005843
0.002318
0.001512
0.006794
0.003060
0.002616
0.004993
0.007704
0.004428
0.000849
0.009822
0.002999
0.005178
0.000111
0.002751
0.009464
0.003272
0.008305
0.005621
0.002657
0.007465
0.000939
0.004920
0.008919
0.008806
0.004667
0.003720
0.007071
0.000611
0.009302
0.003893
0.006444
0.001620
0.005396
0.003238
0.004670
0.008002
0.008221
0.002374
0.002430
0.009060
0.002196
0.005419
0.004238
0.002296
0.008160
0.003703
0.005559
0.006465
0.009314
0.008205
0.003930
0.000253
0.003125
0.002849
0.009049
0.007783
0.006559
0.006120
0.008384
0.005862
0.000013
0.004828
0.007472
0.005399
0.008057
0.002141
0.003401
0.006278
0.004505
0.005820
0.005337
0.006691
0.001239
0.009566
0.008977
0.009390
0.003268
0.004535
0.005855
0.002583
0.002740
0.009775
0.002826
0.005856
0.002624
0.001874
0.003638
0.009174
0.007984
0.002022
0.005035
0.007988
0.006841
0.002507
0.003387
0.004897
0.004638
0.006777
0.001175
0.009133
0.002598
0.006502
0.005824
0.003827
0.006068
0.004800
0.003217
0.009326
0.009326
0.009062
0.001909
0.002066
0.008837
0.004725
0.007912
0.001461
0.006589
0.001551
0.000635
0.004573
0.003563
0.005661
0.002561
0.000404
0.008157
0.005938
0.005291
0.002796
0.002715
0.006456
0.001929
0.005302
0.002958
0.007742
0.009119
0.009016
0.002543
0.002336
0.008343
0.001868
0.001398
0.000252
0.003925
0.000234
0.004966
0.001837
0.001686
0.001555
0.003377
0.002311
0.006118
0.006930
0.007962
0.008669
0.007324
0.006119
0.004607
0.002615
0.008905
0.007312
0.009060
0.000833
0.002614
0.002019
0.008566
0.001733
0.001035
0.001109
0.004059
0.009367
0.002967
0.005446
0.009609
0.006882
0.005671
0.004575
0.008708
0.007347
0.006120
0.002086
0.009648
0.002239
0.009006
0.007610
0.000908
0.006329
0.003729
0.005505
0.008934
0.002633
0.002817
0.007994
0.003457
0.005421
0.000013
0.002023
0.007144
0.001038
0.003121
0.001202
0.000405
0.006078
0.006639
0.000014
0.002960
0.002310
0.004579
0.001668
0.009647
0.000700
0.003744
0.009294
0.002928
0.002749
0.006904
0.003826
0.009069
0.000633
0.009321
0.008003
0.003256
0.002138
0.005997
0.006703
0.007549
0.006000
0.008715
0.004692
0.007028
0.001836
0.005885
0.007423
0.007905
0.002524
0.007427
0.000865
0.004823
0.002006
0.002523
0.004470
0.002696
0.006257
0.003764
0.005614
0.008996
0.000668
0.009430
0.008065
0.001291
0.008752
0.006068
0.004537
0.000890
0.002065
0.001239
0.008429
0.008055
0.009944
0.003121
0.005083
0.001781
0.008996
0.002506
0.009675
0.001519
0.009923
0.000540
0.006332
0.001929
0.003053
0.000802
0.004614
0.009299
0.004556
0.000228
0.008296
0.005214
0.009648
0.006361
0.006495
0.008400
0.002428
0.001032
0.009280
0.004483
0.002261
0.007709
0.002538
0.002205
0.000829
0.007611
0.003976
0.009815
0.000117
0.003651
0.001334
0.000040
0.004182
0.007656
0.001959
0.007224
0.008449
0.006563
0.006524
0.003005
0.006781
0.004819
0.008209
0.006429
0.001180
0.004704
0.004830
0.003598
0.005726
0.004110
0.008072
0.007977
0.001818
0.000610
0.000182
0.002638
0.008211
0.004148
0.002453
0.008319
0.007789
0.003777
0.008348
0.001971
0.001433
0.000307
0.009185
0.009872
0.006860
0.005709
0.002877
0.003641
0.000529
0.001086
0.000070
0.001698
0.005780
0.004890
0.005287
0.001506
0.008989
0.003358
0.009473
0.000807
0.003958
0.009645
0.003435
0.002170
0.003793
0.005878
0.000488
0.001583
0.009644
0.008827
0.003544
0.001077
0.009124
0.002729
0.000949
0.005983
0.008428
0.003816
0.009614
0.008947
0.004891
0.009674
0.000645
0.000672
0.004564
0.005922
0.002168
0.003553
0.009270
0.001641
0.004350
0.003228
0.001287
0.007775
0.005388
0.005070
0.003653
0.005866
0.006642
0.003297
0.004693
0.000186
0.004365
0.003816
0.002905
0.005304
0.009790
0.001333
0.009109
0.009404
0.000280
0.004001
0.009078
0.000915
0.004663
0.003642
0.006827
0.006821
0.007185
0.006096
0.008452
0.001535
0.009314
0.009729
0.009301
0.004702
0.004798
0.002954
0.000568
0.001441
0.006241
0.005250
0.001617
0.000606
0.009056
0.004511
0.005900
0.008846
0.005835
0.005009
0.008250
0.006104
0.009000
0.007328
0.007009
0.003663
0.000969
0.003836
0.000484
0.008144
0.009922
0.008926
0.009669
0.009236
0.008654
0.008970
0.003938
0.003453
0.001924
0.004496
0.004883
0.008155
0.009736
0.006490
0.008751
0.008793
0.001001
0.004650
0.007639
0.006826
0.009649
0.005889
0.002930
0.008649
0.003216
0.009930
0.002312
0.004175
0.003766
0.002786
0.002320
0.003688
0.001712
0.001989
0.002924
0.000366
0.000959
0.006853
0.003809
0.002873
0.001349
0.008682
0.001028
0.001085
0.005172
0.009768
0.009868
0.006163
0.004418
0.007507
0.002989
0.004068
0.003395
0.005909
0.002717
0.006601
0.005839
0.005019
0.000777
0.009595
0.007795
0.003086
0.003282
0.009497
0.005065
0.006197
0.009853
0.006015
0.003049
0.003661
0.008877
0.004388
0.002343
0.009895
0.005463
0.007504
0.009663
0.005331
0.003667
0.004082
0.002838
0.006646
0.008139
0.006223
0.002555
0.000857
0.002825
0.008384
0.005866
0.003591
0.007979
0.003661
0.006668
0.001261
0.003158
0.001733
0.007448
0.003010
0.007738
0.000497
0.006661
0.006615
0.004876
0.008994
0.006510
0.000339
0.006499
0.006174
0.005660
0.000166
0.000255
0.008488
0.006802
0.008385
0.004711
0.009347
0.009231
0.007526
0.007731
0.005097
0.001117
0.005710
0.008748
0.007775
0.006961
0.001906
0.009499
0.004409
0.004906
0.007237
0.004896
0.001568
0.003852
0.009762
0.000562
0.000363
0.000101
0.007051
0.006526
0.005751
0.007207
0.006772
0.004239
0.004009
0.005156
0.008940
0.003356
0.004387
0.006466
0.001088
0.009474
0.007574
0.006788
0.008222
0.005349
0.003749
0.000128
0.004848
0.008147
0.005024
0.002085
0.003044
0.006582
0.005927
0.002805
0.007134
0.006280
0.002896
0.004185
0.002806
0.008636
0.001391
0.009567
0.002875
0.005390
0.004724
0.001815
0.008736
0.009101
0.008271
0.009814
0.008575
0.005845
0.006601
0.006797
0.001194
0.000350
0.006915
0.006032
0.008487
0.001939
0.008106
0.001531
0.008511
0.004033
0.004326
0.005645
0.000313
0.007212
0.009819
0.003108
0.005849
0.001211
0.002676
0.008714
0.006591
0.007389
0.000529
0.005327
0.006490
0.008790
0.005141
0.005065
0.004635
0.001743
0.001862
0.005819
0.002083
0.008767
0.001851
0.000570
0.000706
0.009947
0.002091
0.009207
0.003980
0.006407
0.004852
0.004282
0.003619
0.004671
0.007381
0.009458
0.005872
0.000057
0.008171
0.002463
0.007436
0.008690
0.007780
0.003926
0.007481
0.002921
0.008981
0.002116
0.004654
0.000842
0.007925
0.006727
0.009599
0.009766
0.007287
0.000305
0.009713
0.009368
0.009502
0.003693
0.005775
0.004353
0.007965
0.009384
0.009015
0.005346
0.008842
0.004887
0.005392
0.007013
0.007340
0.002828
0.005704
0.005120
0.006744
0.003184
0.008031
0.005725
0.005291
0.002685
0.006557
0.003216
0.009402
0.006156
0.002981
0.006688
0.006451
0.002694
0.006056
0.005952
0.006377
0.001831
0.000306
0.004342
0.001215
0.009310
0.009677
0.000057
0.004197
0.005070
0.007060
0.001536
0.007888
0.002763
0.006646
0.004632
0.005938
0.004677
0.000357
0.001228
0.007353
0.006905
0.004434
0.006754
0.003061
0.007405
0.003443
0.009502
0.000100
0.009489
0.005454
0.006466
0.001319
0.005749
0.000808
0.002524
0.005060
0.000485
0.002571
0.009247
0.005545
0.009620
0.000783
0.003433
0.002384
0.007419
0.008056
0.008312
0.002097
0.008403
0.009530
0.009439
0.005308
0.003964
0.006194
0.008359
0.001370
0.009626
0.007860
0.001459
0.009115
0.003314
0.007916
0.000434
0.009054
0.008714
0.002948
0.004113
0.009189
0.005509
0.003360
0.004734
0.005130
0.004133
0.008157
0.007503
0.001552
0.006213
0.005815
0.003639
0.004616
0.005346
0.003078
0.009914
0.009300
0.009262
0.008273
0.000670
0.008888
0.006133
0.002119
0.008003
0.009437
0.000035
0.008427
0.008491
0.008739
0.001376
0.002604
0.007928
0.006875
0.005954
0.002662
0.002004
0.000087
0.000819
0.009498
0.001629
0.007022
0.005313
0.005258
0.001639
0.000659
0.008326
0.001553
0.009949
0.007587
0.009816
0.000619
0.006475
0.005949
0.002728
0.004478
0.005386
0.002753
0.002905
0.003877
0.001491
0.004271
0.006471
0.009409
0.001146
0.002425
0.002071
0.003140
0.002501
0.002880
0.002638
0.004120
0.009892
0.007942
0.009368
0.001531
0.008590
0.007693
0.003074
0.008539
0.005281
0.002890
0.009148
0.001756
0.008829
0.001875
0.006224
0.004216
0.004618
0.009119
0.008083
0.006100
0.003391
0.004553
0.005509
0.004527
0.006968
0.007569
0.007657
0.009459
0.000449
0.000295
0.003580
0.000341
0.008227
0.002947
0.001862
0.006817
0.000641
0.004926
0.005356
0.005912
0.007806
0.004504
0.007657
0.006635
0.006369
0.003881
0.000851
0.000987
0.003001
0.008923
0.007077
0.006381
0.003477
0.002585
0.000908
0.000445
0.000155
0.008555
0.009894
0.000594
0.008840
0.003474
0.000925
0.007067
0.006411
0.002777
0.003884
0.007042
0.007693
0.009230
0.002954
0.005498
0.003734
0.000611
0.002133
0.000103
0.004483
0.002974
0.001080
0.007473
0.001897
0.008147
0.003855
0.005364
0.000732
0.004753
0.005798
0.000877
0.003308
0.005693
0.001460
0.002148
0.009157
0.002375
0.009205
0.005568
0.005142
0.003090
0.002610
0.002834
0.002320
0.005554
0.008323
0.006044
0.006155
0.000456
0.006137
0.000637
0.003420
0.007208
0.008101
0.005307
0.005354
0.001955
0.000671
0.006077
0.006698
0.006459
0.006943
0.009996
0.002152
0.008394
0.002144
0.001309
0.000769
0.001350
0.006866
0.005901
0.004429
0.009466
0.008725
0.006740
0.005020
0.007048
0.002784
0.001175
0.007494
0.008911
0.001802
0.000914
0.006118
0.009893
0.006211
0.001473
0.001848
0.006872
0.007540
0.008536
0.003331
0.004483
0.008533
0.005473
0.002877
0.000677
0.006772
0.003636
0.002017
0.003638
0.009527
0.006436
0.003105
0.008252
0.003176
0.008115
0.005299
0.005949
0.009279
0.002793
0.004860
0.001081
0.003697
0.000979
0.000974
0.009897
0.002442
0.002812
0.006769
0.009971
0.001349
0.000100
0.004454
0.009871
0.005563
0.007321
0.000548
0.002335
0.000957
0.002555
0.005963
0.000484
0.008981
0.009058
0.008725
0.002157
0.007173
0.004025
0.008096
0.006452
0.006808
0.002957
0.007523
0.000504
0.003925
0.008488
0.000402
0.006357
0.001300
0.007161
0.006328
0.002638
0.007251
0.000783
0.002509
0.002814
0.008094
0.003048
0.005139
0.009041
0.005593
0.001103
0.009515
0.004574
0.000161
0.008241
0.006721
0.007323
0.002265
0.004817
0.003775
0.009063
0.007764
0.001299
0.009557
0.001689
0.009776
0.009949
0.008036
0.001076
0.007109
0.004364
0.003704
0.004360
0.005137
0.006204
0.007165
0.003231
0.009241
0.002304
0.002272
0.004834
0.003397
0.001787
0.009398
0.003547
0.000028
0.006118
0.000870
0.002283
0.000935
0.004635
0.001346
0.008689
0.005924
0.000903
0.000378
0.005700
0.000852
0.008404
0.006766
0.007952
0.002768
0.000470
0.002312
0.007895
0.006664
0.009467
0.001126
0.005905
0.001771
0.003388
0.000739
0.005157
0.005165
0.000137
0.008694
0.005183
0.006245
0.009555
0.007456
0.007171
0.004190
0.008793
0.005860
0.000114
0.009686
0.006227
0.005805
0.000538
0.004631
0.002571
0.008480
0.007389
0.003031
0.000792
0.005283
0.009685
0.000258
0.006399
0.005591
0.002019
0.009776
0.006320
0.007166
0.004942
0.006447
0.005861
0.000125
0.002693
0.005415
0.007571
0.009853
0.009595
0.006364
0.005713
0.009700
0.006050
0.001940
0.005504
0.006578
0.006561
0.008065
0.005058
0.003949
0.001096
0.005840
0.009223
0.000782
0.006088
0.005621
0.006362
0.008097
0.005398
0.002683
0.005263
0.000339
0.009120
0.001124
0.000454
0.001813
0.006529
0.008015
0.001666
0.006124
0.004379
0.007369
0.005824
0.000430
0.009299
0.001328
0.006998
0.005860
0.009383
0.002056
0.009800
0.000479
0.007886
0.009022
0.001251
0.003974
0.004644
0.007603
0.002071
0.000041
0.000286
0.007324
0.000371
0.009396
0.008438
0.000815
0.001209
0.004967
0.008820
0.002865
0.001091
0.003200
0.000235
0.006905
0.003620
0.009524
0.008223
0.000617
0.005384
0.007607
0.002663
0.005184
0.008076
0.000549
0.004206
0.009317
0.004513
0.008840
0.006920
0.006574
0.008871
0.007196
0.003898
0.009232
0.006592
0.002335
0.000047
0.007792
0.007292
0.008857
0.000657
0.008373
0.002057
0.000882
0.005278
0.005667
0.000406
0.003502
0.006274
0.005780
0.001108
0.008927
0.000964
0.009174
0.009467
0.005160
0.008491
0.003980
0.004000
0.005411
0.000553
0.002871
0.002607
0.004441
0.002103
0.009190
0.006766
0.002140
0.006981
0.004058
0.000997
0.007628
0.002431
0.003044
0.008500
0.007699
0.008701
0.008896
0.001201
0.004975
0.004676
0.002299
0.003902
0.005629
0.001473
0.003369
0.000790
0.009954
0.007338
0.004780
0.005366
0.007882
0.007641
0.007963
0.002323
0.009734
0.007153
0.009078
0.001874
0.004134
0.003136
0.002861
0.001763
0.005557
0.005895
0.000263
0.003256
0.004595
0.009148
0.004446
0.009560
0.003824
0.006735
0.003462
0.009443
0.008199
0.006821
0.000233
0.008153
0.004160
0.005003
0.003519
0.002041
0.002643
0.001482
0.004354
0.002377
0.008624
0.003432
0.004241
0.002759
0.006559
0.007092
0.004511
0.002115
0.002986
0.004764
0.005361
0.007572
0.003912
0.009798
0.007132
0.007726
0.006533
0.000594
0.007169
0.004732
0.007405
0.007392
0.002885
0.001565
0.002395
0.006394
0.003596
0.005028
0.007865
0.007940
0.007395
0.006490
0.001372
0.001636
0.009238
0.007921
0.008718
0.003750
0.000036
0.001704
0.008504
0.005387
0.009266
0.002416
0.005185
0.006398
0.000142
0.001718
0.006982
0.007302
0.006440
0.004387
0.004694
0.009315
0.005942
0.007079
0.005709
0.009528
0.002107
0.003574
0.007468
0.009492
0.000063
0.008830
0.001129
0.009291
0.006750
0.009837
0.003041
0.006776
0.001541
0.001545
0.002164
0.000807
0.003951
0.007339
0.007195
0.004083
0.009047
0.004177
0.001385
0.005487
0.008554
0.006069
0.004802
0.004495
0.003148
0.000510
0.004023
0.005244
0.004074
0.001491
0.004737
0.004127
0.000320
0.005855
0.003419
0.007061
0.005692
0.006450
0.003837
0.007223
0.007985
0.005991
0.008020
0.001936
0.003330
0.005214
0.006009
0.002377
0.009381
0.007385
0.007853
0.007935
0.003453
0.002655
0.002430
0.006591
0.003156
0.006443
0.001836
0.007220
0.007924
0.006562
0.001347
0.008234
0.002418
0.004756
0.005295
0.008100
0.001206
0.009122
0.005323
0.009181
0.005113
0.003343
0.001117
0.008433
0.008547
0.007117
0.000810
0.007928
0.004501
0.008653
0.005863
0.007945
0.001309
0.008283
0.004536
0.004455
0.004726
0.006361
0.001675
0.002650
0.002924
0.003012
0.000884
0.005332
0.007758
0.006169
0.003432
0.008954
0.005292
0.008744
0.008135
0.000405
0.002087
0.009243
0.008829
0.000634
0.006359
0.009629
0.008552
0.000860
0.008282
0.004415
0.008795
0.009581
0.002698
0.003330
0.004035
0.007414
0.009682
0.005700
0.000064
0.002606
0.008702
0.000939
0.007927
0.006460
0.007098
0.001359
0.005414
0.002390
0.000103
0.003550
0.002785
0.002180
0.002792
0.001614
0.002804
0.009141
0.001242
0.001356
0.009992
0.009514
0.005761
0.008786
0.009095
0.008449
0.002117
0.003130
0.005863
0.001799
0.008820
0.005917
0.004394
0.007522
0.006846
0.002322
0.003982
0.003944
0.003671
0.009387
0.006323
0.003764
0.002936
0.009098
0.005934
0.005719
0.000712
0.008728
0.004860
0.001944
0.000084
0.004852
0.001458
0.005834
0.003638
0.000553
0.004283
0.005745
0.003673
0.000146
0.007534
0.002494
0.006053
0.001928
0.000016
0.002899
0.004240
0.003988
0.006833
0.007900
0.003375
0.003156
0.001664
0.006302
0.002254
0.007588
0.002020
0.002956
0.006315
0.006871
0.004890
0.006389
0.001722
0.006338
0.002223
0.005350
0.006881
0.006497
0.001095
0.000555
0.006633
0.008619
0.003038
0.002686
0.000547
0.003044
0.005575
0.004776
0.007023
0.002408
0.002676
0.000398
0.005554
0.004330
0.006689
0.007798
0.001918
0.008700
0.000754
0.008223
0.005570
0.005634
0.004612
0.007283
0.001972
0.006826
0.002633
0.008843
0.003322
0.003718
0.009387
0.009945
0.002337
0.002426
0.002631
0.002873
0.005460
0.008196
0.007640
0.002483
0.000604
0.000316
0.002870
0.006148
0.004636
0.009550
0.003945
0.006544
0.008250
0.004689
0.004767
0.003820
0.000323
0.009369
0.001103
0.002285
0.006195
0.003726
0.001127
0.009507
0.007434
0.000515
0.009452
0.009761
0.002930
0.002083
0.002634
0.008380
0.000280
0.000274
0.000863
0.000874
0.000580
0.003723
0.007012
0.005206
0.003273
0.000957
0.001750
0.001523
0.005636
0.006507
0.005333
0.005949
0.005876
0.006425
0.008224
0.002071
0.000151
0.009341
0.001579
0.007575
0.009846
0.001031
0.007336
0.002776
0.003104
0.009960
0.001156
0.003374
0.000234
0.002009
0.004238
0.000803
0.005722
0.001249
0.005999
0.008985
0.002196
0.007739
0.000508
0.007823
0.004246
0.005830
0.003772
0.000122
0.002256
0.001995
0.002184
0.002397
0.001336
0.003752
0.009962
0.001182
0.004773
0.007298
0.003948
0.007867
0.007258
0.005095
0.001241
0.007481
0.007094
0.005469
0.008275
0.002816
0.006709
0.004274
0.001801
0.008895
0.002013
0.002299
0.006718
0.006248
0.008119
0.000490
0.006361
0.000375
0.002475
0.008534
0.002762
0.003801
0.002286
0.002723
0.004974
0.007049
0.000021
0.008912
0.004917
0.007268
0.004007
0.006148
0.004750
0.001100
0.001617
0.003025
0.003906
0.008316
0.007288
0.005698
0.007211
0.009291
0.007987
0.003929
0.005539
0.006106
0.004408
0.001900
0.006471
0.006873
0.000434
0.009223
0.000675
0.002710
0.001946
0.005638
0.009750
0.001957
0.004550
0.004667
0.009215
0.008546
0.000815
0.003965
0.009637
0.002422
0.006980
0.003543
0.000738
0.004268
0.009231
0.007938
0.003559
0.007218
0.001867
0.009089
0.003324
0.006265
0.000989
0.009785
0.003139
0.001413
0.009007
0.003803
0.004113
0.000953
0.009431
0.003863
0.002900
0.003981
0.008519
0.002115
0.002527
0.009324
0.006070
0.002164
0.001746
0.003050
0.005697
0.002473
0.007308
0.004928
0.000412
0.000867
0.002146
0.002269
0.009946
0.005460
0.008524
0.000935
0.005245
0.001663
0.002337
0.004252
0.005456
0.006440
0.005195
0.004887
0.000303
0.008085
0.008858
0.008812
0.000201
0.001385
0.008136
0.006261
0.003539
0.009871
0.009301
0.009226
0.002345
0.006609
0.004155
0.002746
0.007467
0.006291
0.005005
0.007413
0.001750
0.003529
0.008337
0.006985
0.005182
0.000674
0.001237
0.000638
0.007104
0.006422
0.005515
0.007397
0.004508
0.004373
0.006209
0.004699
0.005748
0.004345
0.000960
0.009277
0.004216
0.000261
0.008503
0.006551
0.006860
0.002658
0.009287
0.004327
0.008938
0.004292
0.001739
0.000689
0.007812
0.000076
0.007664
0.002994
0.000740
0.008891
0.003622
0.007835
0.005313
0.009127
0.005231
0.009811
0.003499
0.001440
0.004510
0.009237
0.005775
0.005460
0.008514
0.009981
0.005711
0.007017
0.006532
0.002571
0.009664
0.005819
0.006888
0.008602
0.000112
0.008617
0.009281
0.007914
0.008683
0.006945
0.000908
0.009413
0.005835
0.004520
0.007248
0.001148
0.003647
0.002479
0.000960
0.007136
0.003910
0.005459
0.006373
0.009675
0.000919
0.004886
0.009656
0.006620
0.001903
0.006188
0.009181
0.001567
0.002007
0.006068
0.000170
0.002109
0.004685
0.009441
0.000023
0.003368
0.006385
0.000920
0.002781
0.002221
0.005430
0.000029
0.003359
0.009067
0.002499
0.004309
0.006203
0.006399
0.009758
0.002576
0.006074
0.000677
0.007452
0.005730
0.007287
0.009345
0.001918
0.006468
0.000912
0.003915
0.002536
0.001072
0.006015
0.007211
0.000513
0.006027
0.000579
0.006888
0.006938
0.003350
0.009099
0.002368
0.003369
0.002458
0.001435
0.005858
0.006757
0.007627
0.002257
0.006515
0.000203
0.008321
0.007182
0.007645
0.004051
0.004469
0.006990
0.005959
0.000937
0.007892
0.009864
0.003462
0.008954
0.005879
0.000673
0.009457
0.001906
0.001242
0.006346
0.008834
0.004582
0.005444
0.001201
0.007941
0.007892
0.002626
0.003800
0.004649
0.000254
0.006047
0.001163
0.000446
0.004368
0.008335
0.008081
0.008408
0.002804
0.005071
0.004367
0.003731
0.002963
0.004231
0.007183
0.001918
0.000110
0.007846
0.001375
0.002005
0.009078
0.007711
0.000839
0.003660
0.003155
0.002030
0.001601
0.001047
0.004647
0.005391
0.005686
0.004890
0.001438
0.006840
0.005327
0.005796
0.005175
0.003408
0.004204
0.007969
0.008469
0.008561
0.001699
0.001432
0.002792
0.008872
0.003340
0.002892
0.006718
0.004705
0.004887
0.005796
0.002416
0.005716
0.009446
0.005561
0.007737
0.001048
0.006598
0.002383
0.006429
0.002284
0.007264
0.007857
0.009114
0.002590
0.003653
0.004289
0.005988
0.007848
0.002257
0.004457
0.006409
0.003947
0.005880
0.009191
0.002819
0.009210
0.002083
0.009527
0.003915
0.006961
0.005323
0.006321
0.002677
0.004770
0.001882
0.000414
0.005808
0.008470
0.002787
0.002237
0.000755
0.000051
0.000094
0.009858
0.002631
0.003738
0.004147
0.008609
0.001585
0.006394
0.003066
0.007984
0.000341
0.008936
0.007176
0.003150
0.008146
0.009249
0.002677
0.002061
0.006210
0.007990
0.008372
0.008877
0.002760
0.000254
0.009281
0.008558
0.008714
0.002068
0.000795
0.009459
0.002108
0.000879
0.009317
0.004729
0.004606
0.003464
0.003338
0.006182
0.009848
0.006394
0.004166
0.000189
0.005329
0.001342
0.003329
0.003475
0.000591
0.005996
0.005526
0.006791
0.003986
0.003898
0.005668
0.006737
0.004141
0.004949
0.005295
0.002855
0.007006
0.006079
0.002314
0.009105
0.006948
0.001631
0.003834
0.001554
0.005085
0.007161
0.007726
0.004933
0.003555
0.001892
0.005112
0.008875
0.003224
0.008432
0.002349
0.003805
0.004428
0.007865
0.000596
0.008404
0.001763
0.006254
0.005141
0.005894
0.001203
0.000435
0.008740
0.008199
0.006504
0.001054
0.007304
0.003452
0.002675
0.001137
0.004996
0.007749
0.008289
0.002722
0.002683
0.001844
0.004603
0.007785
0.000719
0.007817
0.006217
0.003058
0.001622
0.000644
0.000923
0.002208
0.009038
0.002676
0.008452
0.004179
0.008560
0.009645
0.004604
0.007300
0.007845
0.001109
0.008343
0.005148
0.004551
0.001018
0.006276
0.009537
0.008757
0.004565
0.002259
0.001440
0.006399
0.006853
0.009215
0.007107
0.004670
0.005432
0.000166
0.006281
0.006066
0.001079
0.008479
0.005104
0.003745
0.006932
0.009273
0.002305
0.006577
0.003878
0.009595
0.004421
0.004976
0.007938
0.009560
0.009518
0.008946
0.005836
0.009055
0.007703
0.000400
0.001314
0.009133
0.006789
0.008157
0.008348
0.003897
0.002826
0.003780
0.004052
0.009098
0.009836
0.005121
0.007577
0.004940
0.008856
0.004509
0.004213
0.001161
0.001086
0.008081
0.000755
0.005497
0.003057
0.008683
0.005057
0.002575
0.007629
0.000892
0.001629
0.005332
0.001283
0.002934
0.004465
0.008062
0.001090
0.002813
0.001959
0.003907
0.006583
0.006001
0.003004
0.006418
0.001122
0.000581
0.001358
0.009968
0.005080
0.005561
0.001129
0.006156
0.003642
0.001874
0.001653
0.006689
0.000558
0.006699
0.009253
0.008177
0.007582
0.000883
0.003509
0.008854
0.003807
0.007964
0.006917
0.004887
0.000777
0.008866
0.008784
0.007350
0.004867
0.001788
0.003768
0.005979
0.002359
0.005116
0.005947
0.007429
0.000678
0.007066
0.003585
0.004310
0.008931
0.005227
0.000999
0.009479
0.001927
0.000252
0.007656
0.009498
0.001125
0.001165
0.008353
0.004922
0.009119
0.005269
0.009799
0.009886
0.004135
0.008582
0.007235
0.008992
0.000370
0.001003
0.004971
0.002719
0.006110
0.000918
0.000148
0.006778
0.007975
0.003723
0.001087
0.006906
0.008941
0.002076
0.006384
0.000867
0.002318
0.004040
0.000365
0.003433
0.005195
0.008708
0.008345
0.004313
0.003977
0.008143
0.004199
0.008102
0.006725
0.001434
0.007093
0.007085
0.002428
0.002064
0.009794
0.008528
0.002972
0.009933
0.005305
0.000947
0.003656
0.006383
0.007842
0.002596
0.008449
0.004227
0.003454
0.000767
0.008257
0.003809
0.004190
0.003451
0.002517
0.002535
0.007755
0.006484
0.000678
