0.001954
0.004585
0.007394
0.003378
0.001678
0.004479
0.005796
0.003732
0.004273
0.004323
0.006694
0.004206
0.009618
0.007631
0.007852
0.006001
0.005473
0.000448
0.004450
0.009690
0.003892
0.005207
0.007947
0.007691
0.009387
0.001398
0.000207
0.001922
0.009143
0.006681
0.002590
0.001097
0.001266
0.009974
0.004464
0.002934
0.004453
0.000260
0.006657
0.008717
0.004573
0.003351
0.002923
0.004192
0.000982
0.000775
0.000193
0.006446
0.001213
0.004633
0.006136
0.005095
0.009830
0.004082
0.002785
0.009217
0.005471
0.002983
0.001139
0.004613
0.009653
0.003719
0.005700
0.000919
0.003694
0.000164
0.003844
0.008137
0.000414
0.000501
0.006853
0.004978
0.003842
0.009766
0.009159
0.004814
0.000541
0.009342
0.001260
0.001744
0.003975
0.007385
0.006828
0.003804
0.001468
0.009604
0.003021
0.006928
0.002586
0.004150
0.001542
0.002240
0.007859
0.007232
0.003149
0.001553
0.007386
0.006983
0.009679
0.007791
0.007474
0.006533
0.002768
0.001315
0.006299
0.001928
0.006119
0.006830
0.001270
0.007369
0.008564
0.005234
0.004754
0.005392
0.009028
0.006212
0.004996
0.002049
0.003140
0.007572
0.006189
0.004672
0.009802
0.004048
0.001904
0.002951
0.005591
0.009280
0.009924
0.005270
0.007071
0.007398
0.001803
0.009829
0.008703
0.008092
0.001757
0.004822
0.004922
0.003016
0.002191
0.003485
0.008241
0.006935
0.008867
0.007269
0.003147
0.003863
0.009309
0.006277
0.001435
0.005498
0.000949
0.001237
0.009536
0.002843
0.004178
0.005127
0.002123
0.004102
0.000397
0.009183
0.001499
0.002190
0.009013
0.000202
0.000282
0.000769
0.005014
0.005194
0.003776
0.007195
0.008670
0.002017
0.004130
0.007537
0.009276
0.007267
0.001400
0.008584
0.003544
0.002825
0.004082
0.004483
0.004052
0.003618
0.007315
0.008219
0.008735
0.009428
0.002321
0.009122
0.008611
0.003811
0.001312
0.007624
0.004003
0.001584
0.008383
0.009007
0.006768
0.002159
0.006202
0.005438
0.004165
0.000332
0.002975
0.003441
0.007589
0.004365
0.002026
0.001132
0.007179
0.006098
0.005605
0.001231
0.009706
0.002920
0.009441
0.008441
0.002348
0.001762
0.007563
0.000959
0.005562
0.008865
0.008572
0.009555
0.000449
0.006955
0.008562
0.007207
0.009104
0.004764
0.002645
0.003270
0.005085
0.005609
0.006701
0.002674
0.009964
0.008716
0.003796
0.007143
0.004814
0.009391
0.008365
0.004520
0.002311
0.007805
0.002961
0.004649
0.009557
0.000523
0.005597
0.005119
0.009378
0.004170
0.004675
0.009817
0.001125
0.003236
0.007024
0.000230
0.007990
0.009658
0.003489
0.003076
0.005268
0.000190
0.005739
0.005232
0.008896
0.009526
0.002375
0.003710
0.008917
0.000739
0.008220
0.001228
0.008535
0.001180
0.005866
0.008092
0.001694
0.001464
0.003211
0.001072
0.005624
0.007876
0.000888
0.006739
0.001112
0.007902
0.006959
0.009092
0.007560
0.000448
0.002168
0.002828
0.000627
0.007897
0.008050
0.009513
0.007423
0.000424
0.003223
0.006339
0.001154
0.001443
0.007557
0.009679
0.002613
0.003423
0.007770
0.004297
0.004877
0.000982
0.005358
0.000500
0.008847
0.006237
0.007229
0.009949
0.004139
0.004188
0.009041
0.001699
0.004626
0.001209
0.004517
0.005243
0.009096
0.002567
0.004756
0.006519
0.002981
0.007969
0.002858
0.004125
0.009402
0.000415
0.003803
0.002015
0.003828
0.001574
0.006302
0.008695
0.002545
0.001660
0.009186
0.001393
0.007887
0.006415
0.001342
0.002026
0.000603
0.000383
0.003715
0.005219
0.001582
0.008222
0.000461
0.000678
0.000788
0.005208
0.007187
0.003759
0.003177
0.000046
0.007874
0.002580
0.000451
0.001678
0.004585
0.004269
0.003241
0.000887
0.002964
0.005777
0.002537
0.002150
0.007159
0.000424
0.008555
0.008491
0.002440
0.009148
0.008864
0.006144
0.004367
0.000446
0.004366
0.004818
0.001115
0.005144
0.000026
0.008292
0.008893
0.003193
0.008328
0.006768
0.005762
0.008769
0.008435
0.000347
0.003038
0.001677
0.001224
0.005993
0.007443
0.003751
0.008133
0.004603
0.004166
0.006688
0.003094
0.006595
0.005836
0.001958
0.002740
0.000203
0.002394
0.007096
0.005011
0.003499
0.002240
0.005026
0.001791
0.001133
0.008209
0.000119
0.007891
0.003972
0.008878
0.006326
0.004309
0.001917
0.007993
0.005524
0.007899
0.005436
0.009265
0.006032
0.000039
0.003431
0.002720
0.003122
0.000026
0.008546
0.005070
0.002756
0.008739
0.007454
0.009841
0.003749
0.000953
0.002081
0.008766
0.002735
0.003205
0.006975
0.002844
0.001096
0.000947
0.001722
0.007412
0.005246
0.003629
0.005405
0.000770
0.001528
0.000841
0.000035
0.007550
0.000870
0.003455
0.000270
0.003982
0.003471
0.008806
0.009042
0.006217
0.007545
0.006496
0.006058
0.001294
0.007439
0.008129
0.000060
0.000174
0.001334
0.007025
0.003008
0.002420
0.007962
0.004720
0.009822
0.003209
0.008339
0.005226
0.003968
0.009857
0.006057
0.003993
0.007407
0.006917
0.007439
0.007667
0.000899
0.000910
0.006473
0.009931
0.007117
0.004018
0.006427
0.003175
0.005303
0.003866
0.001304
0.005353
0.004030
0.002628
0.002378
0.007028
0.005038
0.000341
0.001748
0.004859
0.003539
0.000086
0.000086
0.007498
0.009933
0.006133
0.001491
0.007340
0.003050
0.008919
0.005007
0.003940
0.009819
0.001480
0.003871
0.006936
0.005489
0.000298
0.000111
0.000792
0.004154
0.001405
0.006135
0.008174
0.004023
0.008503
0.005202
0.009051
0.008833
0.006940
0.003910
0.002373
0.007016
0.003986
0.009860
0.006949
0.000119
0.001351
0.004288
0.003159
0.000270
0.009285
0.007089
0.000089
0.000766
0.000959
0.007015
0.006244
0.001247
0.007116
0.007026
0.005392
0.008510
0.003161
0.003566
0.002533
0.001664
0.008758
0.001584
0.000497
0.005698
0.005483
0.002860
0.002714
0.009459
0.002720
0.009653
0.009568
0.004061
0.003941
0.002727
0.004321
0.003226
0.009806
0.004400
0.003982
0.000765
0.001415
0.000226
0.002002
0.008521
0.007242
0.007384
0.007031
0.000403
0.000950
0.009554
0.002057
0.009698
0.001138
0.002544
0.005396
0.006611
0.005394
0.008100
0.006070
0.008104
0.007752
0.005638
0.002164
0.001693
0.008356
0.006475
0.004910
0.008161
0.000876
0.008882
0.008917
0.002281
0.009098
0.000919
0.000802
0.006340
0.008293
0.007823
0.006734
0.009233
0.007378
0.008780
0.008931
0.008505
0.001324
0.004327
0.005117
0.006708
0.002427
0.001187
0.004812
0.000180
0.006816
0.006966
0.001863
0.005171
0.003441
0.006763
0.003333
0.004307
0.005644
0.002249
0.006578
0.004742
0.003158
0.007371
0.001083
0.001451
0.005194
0.007806
0.000684
0.002572
0.006587
0.009606
0.001077
0.007901
0.003933
0.006184
0.004609
0.006350
0.007361
0.009411
0.006520
0.004177
0.006377
0.008373
0.009338
0.009808
0.005136
0.002671
0.004115
0.000780
0.004910
0.000694
0.005512
0.008059
0.008054
0.006585
0.009500
0.003248
0.004391
0.000184
0.005810
0.000977
0.009780
0.006877
0.008868
0.003713
0.003061
0.003477
0.000063
0.000422
0.002888
0.006572
0.004589
0.009255
0.004945
0.003927
0.009063
0.000081
0.006588
0.003179
0.000851
0.001499
0.003862
0.006353
0.009547
0.001917
0.002938
0.009047
0.005155
0.007318
0.009221
0.000965
0.008286
0.009001
0.007832
0.007154
0.002714
0.000892
0.000631
0.002766
0.001305
0.003509
0.009329
0.005884
0.002764
0.004274
0.009801
0.001828
0.004344
0.006390
0.004996
0.005185
0.007878
0.008848
0.001538
0.007426
0.000765
0.004466
0.006473
0.005910
0.001784
0.005694
0.006864
0.000069
0.004695
0.004696
0.007213
0.007399
0.005578
0.007835
0.000165
0.006873
0.001344
0.009484
0.002757
0.004099
0.003757
0.002558
0.005916
0.008092
0.008937
0.000912
0.003277
0.006816
0.009751
0.004805
0.004242
0.000516
0.009261
0.000715
0.006416
0.001045
0.006399
0.003280
0.001104
0.001094
0.007966
0.008307
0.008483
0.003544
0.006142
0.008638
0.000417
0.007476
0.008122
0.003163
0.001575
0.001879
0.005711
0.007481
0.009961
0.004649
0.008384
0.003238
0.001465
0.008135
0.008033
0.005696
0.008640
0.007294
0.006401
0.005056
0.008329
0.002800
0.008326
0.009423
0.003884
0.006291
0.007730
0.002367
0.009825
0.003872
0.001006
0.000242
0.001349
0.009118
0.003395
0.002914
0.000997
0.009097
0.000395
0.000959
0.003745
0.008768
0.004187
0.005200
0.006903
0.002220
0.000896
0.005543
0.009505
0.007287
0.000599
0.007833
0.000087
0.008915
0.007256
0.003961
0.005206
0.004987
0.006318
0.005032
0.008849
0.007314
0.005264
0.000198
0.006432
0.008649
0.003101
0.007419
0.007746
0.003486
0.008368
0.001491
0.002254
0.002555
0.006681
0.009147
0.004765
0.007567
0.004690
0.004270
0.004854
0.005279
0.002103
0.004931
0.004194
0.009350
0.008882
0.009390
0.004336
0.005200
0.004422
0.003186
0.002514
0.009676
0.003373
0.008935
0.008325
0.006465
0.006354
0.006071
0.009941
0.004722
0.007552
0.002195
0.007266
0.004234
0.001342
0.002031
0.001801
0.006022
0.006291
0.006645
0.001301
0.008384
0.001576
0.005485
0.007734
0.000458
0.004876
0.002070
0.005647
0.009288
0.005246
0.008151
0.008964
0.008609
0.007086
0.007289
0.005074
0.003440
0.003360
0.005015
0.008152
0.000912
0.007199
0.005418
0.005136
0.008531
0.007440
0.006927
0.004553
0.003731
0.003572
0.005845
0.002115
0.005138
0.001330
0.009839
0.005585
0.006196
0.001909
0.001232
0.005484
0.007145
0.009373
0.004447
0.005754
0.006459
0.001736
0.000828
0.009889
0.005086
0.005832
0.008041
0.005989
0.003032
0.003460
0.001124
0.001563
0.000899
0.008041
0.006106
0.004620
0.001613
0.001951
0.006726
0.006740
0.003271
0.006565
0.002326
0.009457
0.008464
0.003548
0.004940
0.005609
0.002921
0.009377
0.001363
0.009370
0.001114
0.002181
0.009260
0.006190
0.008003
0.007301
0.002178
0.001035
0.000760
0.003293
0.002588
0.001650
0.001334
0.008684
0.006260
0.002937
0.000635
0.002986
0.009667
0.003896
0.009541
0.001993
0.003353
0.008005
0.005531
0.008283
0.003614
0.008442
0.007660
0.004967
0.007812
0.008764
0.007138
0.007072
0.004954
0.005141
0.004373
0.007122
0.006165
0.005123
0.000414
0.008743
0.006763
0.001738
0.007427
0.003023
0.004665
0.008052
0.005999
0.004332
0.001948
0.005540
0.006314
0.005291
0.003545
0.001845
0.003573
0.007149
0.000287
0.001234
0.002116
0.008089
0.009988
0.009243
0.005160
0.004941
0.004384
0.009523
0.002063
0.000549
0.004646
0.002467
0.009282
0.001409
0.004195
0.006708
0.004422
0.008850
0.004760
0.000420
0.003181
0.006698
0.005950
0.009486
0.001988
0.009485
0.001330
0.005552
0.006634
0.001607
0.006776
0.008740
0.009686
0.006763
0.007983
0.004846
0.001704
0.002367
0.004369
0.003757
0.002906
0.009005
0.006215
0.002188
0.000413
0.000410
0.008886
0.004825
0.009250
0.003646
0.005235
0.002431
0.000344
0.001186
0.001917
0.002322
0.000671
0.003237
0.007864
0.007294
0.004834
0.004640
0.006034
0.004519
0.001403
0.004017
0.009355
0.003097
0.006374
0.003724
0.006845
0.009270
0.002729
0.003059
0.001457
0.003132
0.003459
0.000343
0.007947
0.002709
0.003979
0.003183
0.005130
0.004313
0.004358
0.007036
0.006625
0.005019
0.000273
0.004489
0.002313
0.005097
0.009119
0.008337
0.009606
0.000522
0.002354
0.008962
0.003609
0.008718
0.002686
0.000454
0.007987
0.005405
0.003503
0.009435
0.008527
0.006952
0.009768
0.006475
0.009650
0.003747
0.009647
0.004780
0.008051
0.004006
0.001816
0.004676
0.009015
0.002079
0.009155
0.001328
0.007166
0.008275
0.009655
0.006772
0.008787
0.002009
0.005734
0.002396
0.000726
0.008410
0.002839
0.008704
0.003815
0.006332
0.008138
0.002342
0.003284
0.007906
0.008807
0.002934
0.001654
0.008454
0.007704
0.009694
0.002460
0.009510
0.004370
0.001474
0.001589
0.003526
0.002792
0.008745
0.001800
0.002447
0.005518
0.000587
0.004445
0.001252
0.002973
0.005161
0.009651
0.005802
0.003865
0.003466
0.002134
0.002003
0.005798
0.005408
0.009899
0.004605
0.008332
0.001553
0.003059
0.006036
0.001248
0.005509
0.005545
0.005608
0.006973
0.007124
0.009124
0.009755
0.005869
0.000924
0.002201
0.001387
0.001501
0.006637
0.002628
0.004464
0.001798
0.002280
0.000266
0.005653
0.005736
0.002391
0.007646
0.001534
0.007789
0.007546
0.006129
0.006121
0.009089
0.009178
0.002157
0.000336
0.004687
0.007692
0.005934
0.001660
0.004816
0.005058
0.001414
0.000686
0.005972
0.003606
0.002063
0.007464
0.000243
0.004681
0.001928
0.002031
0.006951
0.002184
0.007674
0.002687
0.004565
0.005320
0.004212
0.002354
0.002866
0.000341
0.008465
0.001954
0.009509
0.000622
0.002281
0.004196
0.008304
0.008205
0.005846
0.003121
0.003263
0.007250
0.003796
0.009225
0.000856
0.005849
0.006689
0.001089
0.000530
0.008607
0.003110
0.007471
0.000791
0.000783
0.000158
0.005346
0.006093
0.004360
0.007690
0.008949
0.004691
0.006155
0.000904
0.004200
0.006767
0.003174
0.008386
0.005071
0.001379
0.004231
0.008182
0.004633
0.001481
0.001978
0.003858
0.002327
0.007817
0.000547
0.003406
0.008337
0.009144
0.006505
0.005808
0.009924
0.007279
0.005957
0.005270
0.003372
0.000317
0.002959
0.002321
0.004997
0.009104
0.003215
0.009187
0.005871
0.006379
0.007572
0.000942
0.007748
0.001804
0.009114
0.002381
0.003275
0.001092
0.006229
0.005592
0.008899
0.006766
0.008987
0.007236
0.005910
0.005492
0.003045
0.005834
0.002771
0.008992
0.001104
0.006133
0.009298
0.004053
0.008444
0.004295
0.003157
0.001658
0.003482
0.009018
0.008027
0.001055
0.009950
0.005776
0.002848
0.009064
0.008147
0.006113
0.000156
0.004376
0.001704
0.009045
0.001142
0.000691
0.006281
0.007042
0.006174
0.009316
0.002876
0.008935
0.008308
0.003970
0.005067
0.007606
0.008013
0.003511
0.001901
0.001171
0.005160
0.005374
0.000189
0.003187
0.006418
0.000139
0.008953
0.009257
0.009193
0.007100
0.005370
0.009338
0.001475
0.007064
0.008383
0.002607
0.007745
0.004664
0.009639
0.003919
0.003980
0.002515
0.002854
0.002288
0.006475
0.007911
0.009884
0.004488
0.001423
0.001785
0.005649
0.006572
0.007149
0.005828
0.009749
0.003567
0.005957
0.008702
0.002824
0.005149
0.005802
0.008184
0.004488
0.007267
0.005247
0.002871
0.009865
0.002993
0.007525
0.009504
0.006902
0.001505
0.002019
0.009746
0.003783
0.008483
0.007657
0.003667
0.002971
0.009070
0.005443
0.008610
0.005642
0.002592
0.004438
0.005391
0.006149
0.000394
0.004094
0.008963
0.005533
0.009885
0.007146
0.000021
0.007153
0.002394
0.002882
0.007017
0.005376
0.000407
0.006521
0.002278
0.001902
0.008530
0.002024
0.005676
0.007013
0.009672
0.009333
0.009975
0.008741
0.004776
0.008585
0.004383
0.007357
0.003022
0.009765
0.003506
0.003406
0.003859
0.002469
0.008930
0.003744
0.009605
0.008941
0.000897
0.001999
0.001823
0.007904
0.007365
0.002220
0.004425
0.009634
0.004112
0.002955
0.001658
0.009778
0.009959
0.001330
0.009111
0.009934
0.000071
0.003886
0.008518
0.004444
0.001244
0.001541
0.004209
0.004740
0.004937
0.008058
0.007198
0.003867
0.001802
0.006803
0.002808
0.002688
0.008792
0.004621
0.000592
0.006157
0.006831
0.005008
0.005791
0.000943
0.007953
0.007439
0.000720
0.007912
0.008758
0.009821
0.007845
0.008819
0.003707
0.006364
0.003263
0.004941
0.007894
0.007462
0.009670
0.002832
0.005520
0.006869
0.006689
0.007312
0.003672
0.009487
0.009990
0.002464
0.004108
0.000583
0.008611
0.000938
0.005580
0.004402
0.001871
0.003533
0.001841
0.002581
0.001445
0.000599
0.002402
0.009280
0.009409
0.006099
0.005644
0.002672
0.001040
0.003538
0.000135
0.000710
0.006360
0.005645
0.007569
0.003049
0.002956
0.001241
0.002535
0.002947
0.003695
0.006633
0.003519
0.002306
0.007561
0.009089
0.006698
0.009422
0.002623
0.008529
0.002003
0.004058
0.009118
0.004395
0.003338
0.008527
0.000494
0.008972
0.001199
0.001523
0.002510
0.001323
0.002223
0.008860
0.006958
0.009782
0.001908
0.009905
0.001022
0.004434
0.002851
0.004707
0.001067
0.006360
0.007003
0.008619
0.005450
0.003700
0.008041
0.008062
0.002229
0.000044
0.002120
0.001348
0.004429
0.005448
0.009865
0.004912
0.004420
0.001064
0.006425
0.006920
0.002377
0.008639
0.005779
0.009325
0.008420
0.007678
0.009230
0.009432
0.002112
0.002081
0.004139
0.003169
0.008431
0.001142
0.001787
0.003880
0.004832
0.009818
0.001943
0.007051
0.009852
0.004053
0.008389
0.004281
0.009491
0.008254
0.009183
0.003910
0.009307
0.005608
0.000830
0.001684
0.004247
0.006599
0.001009
0.002667
0.004277
0.000239
0.002099
0.006379
0.002309
0.006229
0.009537
0.000740
0.007360
0.001325
0.004611
0.002192
0.001143
0.006543
0.009234
0.000995
0.000596
0.007623
0.005265
0.000087
0.005877
0.004448
0.003987
0.005184
0.000056
0.004807
0.006858
0.004293
0.001406
0.007857
0.006950
0.005672
0.008086
0.009040
0.002051
0.000395
0.005268
0.001588
0.001126
0.002629
0.002903
0.005726
0.004811
0.004036
0.002270
0.004045
0.005020
0.002856
0.001668
0.000285
0.002932
0.007534
0.004723
0.006909
0.002718
0.004770
0.001716
0.009566
0.009053
0.003111
0.007423
0.006003
0.008774
0.005508
0.005043
0.000825
0.005894
0.000311
0.002403
0.007009
0.002930
0.005296
0.002735
0.007731
0.009322
0.004995
0.001776
0.004342
0.007841
0.003433
0.004617
0.000773
0.000967
0.009331
0.007672
0.003675
0.004100
0.009378
0.003240
0.003153
0.002490
0.000663
0.009146
0.001264
0.006161
0.004189
0.002078
0.002055
0.004491
0.004472
0.009054
0.007411
0.009758
0.001789
0.005141
0.009079
0.006774
0.006907
0.003421
0.004615
0.000340
0.008028
0.005378
0.001297
0.007359
0.003051
0.004962
0.001459
0.002429
0.008193
0.004602
0.004909
0.008846
0.003748
0.006162
0.005007
0.007927
0.008231
0.007052
0.002418
0.002702
0.006106
0.009819
0.002460
0.007885
0.004960
0.001539
0.004659
0.001867
0.004950
0.009264
0.002197
0.002978
0.004642
0.003485
0.000337
0.007683
0.008437
0.001786
0.000112
0.006629
0.006378
0.005011
0.005475
0.000126
0.001173
0.000482
0.008044
0.009394
0.007523
0.000462
0.002097
0.003629
0.000280
0.004546
0.001514
0.005230
0.006076
0.006163
0.007088
0.001026
0.005427
0.009275
0.003994
0.000069
0.002759
0.004321
0.007742
0.001196
0.006097
0.007844
0.007816
0.002475
0.002855
0.003290
0.002592
0.004018
0.003762
0.000636
0.003412
0.001285
0.001087
0.005499
0.004904
0.001358
0.000045
0.006408
0.006578
0.006111
0.002571
0.003666
0.007126
0.007988
0.002941
0.001121
0.008047
0.005690
0.005432
0.005789
0.006876
0.001529
0.003633
0.004692
0.003995
0.006478
0.007972
0.006577
0.000496
0.001734
0.007202
0.003898
0.003010
0.008279
0.009387
0.007904
0.009627
0.009422
0.004312
0.006205
0.005532
0.006872
0.009861
0.002659
0.004860
0.002802
0.003770
0.002907
0.008482
0.009191
0.008686
0.005358
0.000721
0.002320
0.000050
0.004705
0.008788
0.008013
0.001282
0.009274
0.009737
0.008474
0.003172
0.002747
0.006753
0.002559
0.000650
0.006381
0.001980
0.004952
0.002586
0.007503
0.001825
0.002448
0.000162
0.006675
0.005240
0.003921
0.009572
0.003722
0.003113
0.008258
0.009070
0.003824
0.000578
0.009110
0.008519
0.009356
0.007123
0.009791
0.008629
0.006860
0.008265
0.001801
0.009596
0.005019
0.004350
0.000247
0.001399
0.006321
0.005189
0.003975
0.003824
0.007003
0.006413
0.003975
0.003678
0.001652
0.007887
0.003250
0.005364
0.001000
0.001508
0.004434
0.004813
0.002076
0.003545
0.003332
0.001432
0.000668
0.003123
0.000061
0.007518
0.001388
0.001852
0.007114
0.006397
0.006192
0.007351
0.007786
0.002513
0.002540
0.001761
0.006326
0.009533
0.008164
0.000302
0.003211
0.009807
0.008179
0.006451
0.005171
0.009168
0.007949
0.009595
0.003981
0.000026
0.003140
0.007304
0.001447
0.003797
0.000427
0.001498
0.001315
0.001805
0.003341
0.008419
0.008192
0.009523
0.005770
0.005978
0.002036
0.008299
0.007729
0.008352
0.007832
0.005894
0.008644
0.001044
0.005700
0.006823
0.007485
0.000871
0.005991
0.005435
0.000466
0.009963
0.005450
0.003595
0.007266
0.006887
0.007382
0.007683
0.008375
0.008687
0.009478
0.001716
0.007106
0.007670
0.001239
0.002875
0.003648
0.003265
0.001175
0.001377
0.001617
0.008997
0.007261
0.000261
0.000041
0.002961
0.007074
0.007516
0.003822
0.003065
0.002950
0.004278
0.003028
0.008390
0.007863
0.000294
0.005278
0.005245
0.007967
0.003653
0.003933
0.007445
0.005359
0.001039
0.005115
0.006587
0.003904
0.008753
0.009842
0.005069
0.000130
0.001459
0.004066
0.007382
0.001711
0.004097
0.000343
0.008775
0.001613
0.004155
0.001840
0.004553
0.008422
0.004858
0.002944
0.006285
0.005142
0.008211
0.001531
0.003109
0.001864
0.005453
0.000554
0.007213
0.006482
0.005659
0.003800
0.000386
0.004412
0.003642
0.005445
0.004532
0.005091
0.009501
0.001914
0.006792
0.003598
0.002247
0.005567
0.005201
0.006391
0.007397
0.009744
0.004814
0.002256
0.002687
0.001099
0.007388
0.000898
0.002620
0.000497
0.002752
0.008063
0.001041
0.009955
0.004545
0.006690
0.003755
0.004922
0.001102
0.007387
0.000367
0.005625
0.002479
0.009858
0.007529
0.009261
0.003455
0.009766
0.004828
0.008646
0.006157
0.002225
0.008390
0.000971
0.004471
0.001077
0.002060
0.001859
0.001965
0.004670
0.002346
0.004708
0.002733
0.003377
0.004662
0.007269
0.000068
0.008407
0.002191
0.001160
0.005795
0.002547
0.006775
0.008263
0.002405
0.004304
0.007524
0.005850
0.004069
0.002352
0.004496
0.000226
0.004567
0.002886
0.001187
0.009028
0.003953
0.003237
0.000887
0.005908
0.007898
0.003223
0.000616
0.000631
0.006590
0.005268
0.007890
0.006648
0.003676
0.000080
0.007798
0.009461
0.002618
0.004573
0.007724
0.005013
0.008867
0.005248
0.000863
0.002936
0.007590
0.005349
0.003152
0.002156
0.008225
0.004330
0.001184
0.002179
0.007557
0.002061
0.008077
0.005455
0.005273
0.008683
0.006076
0.001863
0.003951
0.003966
0.008501
0.007617
0.004036
0.006299
0.007078
0.006644
0.000872
0.004802
0.001656
0.009729
0.000049
0.002509
0.002665
0.007629
0.007848
0.005807
0.009775
0.006074
0.000137
0.000959
0.008242
0.007684
0.003010
0.006319
0.003139
0.008273
0.005002
0.009205
0.000136
0.008943
0.003170
0.008627
0.006561
0.007196
0.004927
0.003638
0.003840
0.005789
0.008430
0.005486
0.005518
0.008469
0.007985
0.008173
0.006098
0.005833
0.003980
0.005873
0.001907
0.004107
0.006823
0.000150
0.001791
0.009822
0.006459
0.004920
0.008095
0.001461
0.004125
0.008222
0.000404
0.007285
0.006849
0.006955
0.004482
0.001776
0.000593
0.008311
0.007554
0.009013
0.003797
0.003072
0.007482
0.001783
0.001245
0.003580
0.007606
0.005215
0.009444
0.009503
0.009312
0.006266
0.009643
0.001103
0.006089
0.006102
0.006014
0.004184
0.007553
0.000139
0.002406
0.007947
0.007414
0.009245
0.004902
0.001896
0.001020
0.005485
0.000207
0.008565
0.004498
0.003995
0.001637
0.001980
0.005767
0.002871
0.005551
0.003373
0.008076
0.004994
0.002877
0.007388
0.001261
0.002520
0.008481
0.007339
0.008612
0.004495
0.001523
0.006164
0.004624
0.003919
0.004112
0.002038
0.003163
0.009004
0.003924
0.004173
0.004489
0.004122
0.002738
0.008977
0.008106
0.004364
0.000957
0.003874
0.007226
0.006498
0.007237
0.005302
0.001493
0.000114
0.002689
0.002743
0.002624
0.001170
0.000082
0.001236
0.005655
0.001595
0.007390
0.000279
0.005504
0.001501
0.002307
0.008657
0.000505
0.006221
0.002831
0.004984
0.000342
0.005559
0.003961
0.008439
0.009913
0.004908
0.002313
0.007139
0.001406
0.009540
0.002440
0.002889
0.009644
0.005120
0.005622
0.002268
0.006280
0.005694
0.003494
0.001935
0.007280
0.000884
0.002204
0.002784
0.002375
0.004501
0.001441
0.002870
0.000721
0.004262
0.007844
0.001054
0.009811
0.001805
0.009483
0.009724
0.006703
0.001795
0.006863
0.008099
0.001336
0.009293
0.000987
0.000980
0.004413
0.006599
0.003239
0.000693
0.002293
0.006723
0.002618
0.009563
0.007596
0.004812
0.002347
0.009962
0.009302
0.003778
0.002832
0.000024
0.008030
0.000676
0.001067
0.007841
0.002470
0.000550
0.007565
0.009163
0.002336
0.004427
0.007262
0.003661
0.003721
0.008239
0.004631
0.008124
0.004838
0.007860
0.008807
0.007122
0.004583
0.001425
0.006685
0.002179
0.006226
0.009022
0.002140
0.005529
0.002800
0.004962
0.005542
0.000830
0.005628
0.006600
0.008661
0.008088
0.007140
0.006225
0.007251
0.009465
0.000653
0.004512
0.003126
0.004364
0.002752
0.007748
0.002487
0.007580
0.005608
0.001294
0.004702
0.000191
0.002708
0.001387
0.002359
0.008925
0.000409
0.004490
0.004453
0.003199
0.009442
0.009985
0.004019
0.005070
0.006585
0.002679
0.003158
0.003725
0.008895
0.000408
0.003190
0.009538
0.004911
0.006306
0.003901
0.007652
0.004054
0.006378
0.005232
0.009652
0.007662
0.009924
0.009833
0.000370
0.001311
0.002192
0.009285
0.001709
0.006672
0.003738
0.004898
0.006114
0.003723
0.008907
0.001184
0.000308
0.001586
0.004331
0.004023
0.000481
0.004729
0.007203
0.000019
0.009630
0.003509
0.003910
0.007282
0.007553
0.000289
0.002514
0.007206
0.007941
0.002438
0.007039
0.008301
0.003739
0.009221
0.007586
0.005439
0.005893
0.001324
0.000337
0.002007
0.005038
0.009234
0.003181
0.005336
0.000820
0.007502
0.009349
0.001291
0.002231
0.006552
0.001300
0.001862
0.000061
0.005200
0.009134
0.007605
0.005479
0.001648
0.004810
0.003420
0.004077
0.001849
0.001722
0.007806
0.001070
0.009298
0.003245
0.006953
0.000623
0.003572
0.008950
0.005651
0.002805
0.002131
0.000987
0.003615
0.009623
0.000336
0.004896
0.001854
0.006878
0.006186
0.003706
0.006929
0.001386
0.002840
0.004534
0.006856
0.004478
0.009334
0.000276
0.008545
0.001183
0.001988
0.006351
0.002243
0.001286
0.009586
0.009186
0.001899
0.003157
0.008136
0.007540
0.005953
0.000267
0.008517
0.009558
0.009880
0.008843
0.004454
0.001734
0.005721
0.000640
0.005430
0.002650
0.002016
0.008260
0.007174
0.008862
0.002738
0.006508
0.009128
0.001283
0.007681
0.001116
0.007624
0.009914
0.002392
0.007209
0.009099
0.004281
0.000367
0.007235
0.001821
0.006309
0.007492
0.000338
0.005867
0.007372
0.009170
0.000320
0.009095
0.004891
0.000950
0.004525
0.007530
0.002956
0.002785
0.004704
0.001818
0.005513
0.001212
0.000946
0.006785
0.008882
0.002052
0.004409
0.008796
0.004434
0.001618
0.007896
0.008705
0.001975
0.005131
0.000526
0.008274
0.002623
0.000854
0.004141
0.009984
0.000024
0.004451
0.009080
0.004904
0.005391
0.003605
0.002435
0.008337
0.006380
0.007129
0.000155
0.001893
0.008331
0.001090
0.008668
0.007213
0.003132
0.003077
0.006009
0.007556
0.004685
0.003905
0.006261
0.006650
0.009026
0.006777
0.004923
0.001649
0.007621
0.009054
0.001633
0.007635
0.003505
0.000713
0.002539
0.008886
0.004308
0.004964
0.007223
0.000688
0.002093
0.007367
0.002571
0.000424
0.008447
0.001239
0.007627
0.001579
0.004306
0.003636
0.009125
0.008981
0.007531
0.005386
0.005631
0.006556
0.002163
0.000555
0.008195
0.009774
0.009599
0.009818
0.007409
0.003103
0.000530
0.009939
0.001989
0.004829
0.004903
0.009202
0.005507
0.006986
0.006569
0.008068
0.007400
0.005017
0.009297
0.005026
0.006586
0.003603
0.008652
0.005711
0.002585
0.006183
0.001097
0.008206
0.002739
0.003250
0.008750
0.000934
0.003025
0.008349
0.000751
0.000434
0.001452
0.001272
0.000373
0.003431
0.006090
0.005266
0.002633
0.001597
0.002252
0.009193
0.009655
0.009642
0.004209
0.008952
0.004668
0.000795
0.002555
0.003321
0.006496
0.005129
0.009493
0.007583
0.003335
0.002232
0.000833
0.002085
0.003156
0.003848
0.000434
0.003897
0.004272
0.001876
0.005159
0.004635
0.005298
0.001249
0.009891
0.007921
0.002836
0.002143
0.007114
0.002491
0.001785
0.001323
0.001443
0.006443
0.002107
0.003988
0.009753
0.008593
0.009107
0.009247
0.006176
0.002442
0.001479
0.006999
0.004518
0.004625
0.000847
0.004941
0.008512
0.005109
0.006807
0.003671
0.009734
0.002105
0.004911
0.009625
0.000026
0.007737
0.001768
0.007130
0.000228
0.003542
0.008442
0.001661
0.009975
0.000550
0.005639
0.009728
0.009133
0.004746
0.008975
0.005309
0.007178
0.000454
0.002308
0.001696
0.005069
0.003145
0.006627
0.003582
0.008244
0.003434
0.007243
0.007978
0.005530
0.002154
0.007602
0.005546
0.009881
0.009360
0.002675
0.000109
0.002903
0.001117
0.001760
0.002878
0.001657
0.007389
0.002606
0.000790
0.002135
0.001581
0.006088
0.009303
0.002025
0.008386
0.000998
0.007085
0.001531
0.007615
0.000667
0.009764
0.001050
0.007900
0.007742
0.006569
0.000054
0.005344
0.002115
0.009925
0.004705
0.004780
0.000034
0.007597
0.005887
0.001784
0.000475
0.007534
0.009163
0.003071
0.008313
0.001298
0.004642
0.004402
0.000601
0.006658
0.002788
0.001589
0.003743
0.004309
0.009194
0.004399
0.004073
0.000244
0.002299
0.001815
0.006804
0.002343
0.007149
0.008909
0.002268
0.001854
0.003689
0.002292
0.009441
0.009566
0.004067
0.009906
0.007099
0.003230
0.002977
0.005413
0.004518
0.007609
0.009805
0.005109
0.004267
0.002593
0.006688
0.007999
0.006891
0.005882
0.002399
0.000965
0.006116
0.004687
0.002770
0.002920
0.007020
0.009909
0.001829
0.009278
0.001763
0.005507
0.001570
0.001204
0.005073
0.005627
0.001110
0.002172
0.008847
0.004077
0.007575
0.003364
0.001686
0.007379
0.008463
0.005943
0.009962
0.005151
0.003942
0.006853
0.001033
0.006331
0.007808
0.007139
0.001018
0.000578
0.000059
0.008028
0.000487
0.001878
0.007306
0.002239
0.007375
0.008867
0.003433
0.002447
0.004493
0.004533
0.004609
0.003340
0.008600
0.002184
0.006694
0.000286
0.009554
0.005157
0.006219
0.009516
0.000308
0.000161
0.006369
0.001331
0.006482
0.004177
0.008460
0.007490
0.004745
0.008509
0.005519
0.005221
0.000386
0.002825
0.007451
0.007751
0.001692
0.000884
0.000198
0.006175
0.005408
0.004797
0.009505
0.004008
0.006971
0.006200
0.004284
0.006525
0.001357
0.000503
0.006041
0.001655
0.000654
0.002410
0.002976
0.007127
0.006577
0.001436
0.004617
0.001321
0.009934
0.000136
0.006533
0.000320
0.002951
0.003983
0.008061
0.004633
0.004858
0.008249
0.000809
0.000265
0.003046
0.000314
0.004263
0.000017
0.006504
0.008537
0.006532
0.007851
0.009030
0.002573
0.009496
0.009674
0.004973
0.002472
0.006800
0.001549
0.003898
0.001417
0.002861
0.003832
0.001543
0.009384
0.004142
0.004484
0.003367
0.002203
0.009108
0.008214
0.000452
0.009906
0.008470
0.003488
0.000220
0.002732
0.003495
0.006714
0.001269
0.000028
0.004565
0.000299
0.002591
0.004061
0.009963
0.007554
0.006523
0.006763
0.009093
0.000422
0.008170
0.001954
0.004244
0.009704
0.001337
0.008376
0.004188
0.004694
0.000579
0.003296
0.002909
0.001021
0.003202
0.001378
0.004499
0.003412
0.004101
0.007985
0.000126
0.005360
0.008003
0.004681
0.005648
0.000594
0.008732
0.005611
0.008137
0.005255
0.002374
0.007230
0.005667
0.000544
0.009174
0.009901
0.000248
0.000511
0.008277
0.004426
0.005196
0.008846
0.007712
0.008094
0.009857
0.000915
0.009463
0.004357
0.004317
0.003564
0.002342
0.004433
0.008913
0.000344
0.009104
0.004561
0.000928
0.007836
0.000172
0.009055
0.003091
0.002536
0.006285
0.008748
0.003071
0.005459
0.008649
0.003309
0.005960
0.006926
0.007725
0.001156
0.005772
0.005438
0.009240
0.005629
0.006342
0.008703
0.009976
0.000659
0.002267
0.002318
0.005082
0.001180
0.002652
0.004186
0.005732
0.003570
0.002022
0.005894
0.002625
0.005103
0.008420
0.008901
0.003852
0.001491
0.004360
0.002500
0.004789
0.000320
0.009416
0.002514
0.001466
0.005188
0.007942
0.000707
0.000817
0.004284
0.009400
0.000793
0.004933
0.001667
0.003101
0.000015
0.002837
0.005743
0.004192
0.008558
0.009303
0.006204
0.004452
0.001929
0.001307
0.002872
0.000829
0.005149
0.004353
0.005179
0.007639
0.009132
0.005489
0.007055
0.001647
0.006945
0.002243
0.009579
0.007642
0.003050
0.003863
0.007042
0.003834
0.008786
0.008699
0.006925
0.008792
0.001536
0.002668
0.002983
0.000094
0.001971
0.009177
0.004537
0.003890
0.000484
0.007399
0.004709
0.005623
0.001752
0.009878
0.003262
0.000884
0.005368
0.000317
0.002521
0.002313
0.002550
0.002100
0.009945
0.005591
0.005953
0.006987
0.009414
0.004739
0.005686
0.006339
0.003531
0.007212
0.008997
0.006504
0.007296
0.000968
0.005681
0.001832
0.004848
0.006155
0.009221
0.009547
0.001778
0.000973
0.009426
0.005029
0.001847
0.004794
0.005336
0.004358
0.007097
0.007876
0.006448
0.007042
0.003467
0.002401
0.004029
0.002881
0.007130
0.009705
0.009210
0.000661
0.006917
0.008207
0.007155
0.004213
0.009165
0.002836
0.006035
0.004013
0.008981
0.005257
0.003561
0.000758
0.006220
0.002987
0.005778
0.008057
0.007770
0.001114
0.002416
0.004867
0.008980
0.008854
0.001909
0.002446
0.001255
0.005929
0.005317
0.008375
0.005634
0.004527
0.009026
0.002551
0.002734
0.006181
0.006753
0.001899
0.009007
0.002789
0.005902
0.007988
0.008035
0.009453
0.008736
0.004255
0.002440
0.004514
0.002312
0.000210
0.005617
0.004718
0.005068
0.004597
0.003572
0.006967
0.007033
0.004817
0.002896
0.002350
0.003192
0.008519
0.006867
0.002218
0.001070
0.009591
0.008389
0.007813
0.001491
0.007396
0.000602
0.007383
0.005383
0.008627
0.006836
0.004120
0.002882
0.009266
0.008623
0.005184
0.009466
0.004240
0.009893
0.004534
0.008827
0.003465
0.001501
0.005860
0.008272
0.004386
0.008200
0.001465
0.002905
0.005068
0.003673
0.003965
0.004659
0.002062
0.001779
0.006140
0.009448
0.002371
0.003523
0.004831
0.000998
0.000359
0.008941
0.003870
0.009615
0.007564
0.009044
0.009081
0.001804
0.008937
0.003615
0.000632
0.002402
0.005106
0.006482
0.000674
0.009482
0.004682
0.002128
0.002387
0.009740
0.005791
0.006343
0.004399
0.007843
0.008111
0.000539
0.007291
0.000482
0.004052
0.002122
0.001469
0.004401
0.001062
0.005329
0.004016
0.008616
0.004373
0.003097
0.000420
0.003310
0.006702
0.001042
0.005702
0.001808
0.007514
0.006365
0.001290
0.002196
0.008484
0.003667
0.001936
0.004275
0.000010
0.006325
0.002118
0.008111
0.006854
0.009399
0.008583
0.000906
0.001521
0.000052
0.005297
0.002573
0.005372
0.009303
0.001189
0.009735
0.002401
0.001599
0.003045
0.009093
0.002631
0.008736
0.000902
0.000145
0.005102
0.002182
0.002331
0.003586
0.005839
0.004257
0.007851
0.005839
0.000582
0.009959
0.003950
0.007427
0.009358
0.002533
0.008323
0.000878
0.002576
0.003620
0.003441
0.007937
0.002924
0.004620
0.007672
0.005315
0.006210
0.000717
0.004408
0.008831
0.009443
0.005299
0.008966
0.004545
0.007471
0.001297
0.008120
0.003310
0.005544
0.005971
0.009139
0.006116
0.005930
0.003089
0.003543
0.005287
0.005613
0.001866
0.006156
0.008179
0.005476
0.009587
0.006116
0.008390
0.004207
0.003788
0.003704
0.000417
0.004495
0.008102
0.009238
0.003937
0.003402
0.008204
0.008472
0.000873
0.009491
0.006592
0.004173
0.005035
0.002563
0.003312
0.001151
0.008482
0.006391
0.004684
0.003770
0.002004
0.006540
0.009915
0.000182
0.002016
0.009502
0.006288
0.000406
0.003710
0.000076
0.004101
0.004117
0.004561
0.002203
0.003355
0.008488
0.005595
0.001560
0.006960
0.006458
0.001051
0.003552
0.000631
0.006076
0.006105
0.003932
0.007218
0.004588
0.000324
0.001902
0.008347
0.002317
0.008432
0.008263
0.002490
0.000448
0.007765
0.008768
0.000844
0.001474
0.008834
0.004935
0.005581
0.003395
0.007128
0.008927
0.001884
0.002722
0.000486
0.008834
0.009170
0.001527
0.002386
0.009791
0.007594
0.008481
0.003723
0.004811
0.003069
0.004037
0.006703
0.001416
0.006344
0.005135
0.009669
0.008824
0.005573
0.007433
0.007592
0.006407
0.008898
0.006426
0.001342
0.004479
0.009811
0.008460
0.003406
0.001695
0.001182
0.003882
0.000529
0.000352
0.005399
0.002905
0.000143
0.002993
0.001386
0.003856
0.007794
0.004445
0.007883
0.004497
0.005851
0.004227
0.009622
0.005520
0.003050
0.005196
0.002953
0.000642
0.001603
0.001851
0.007058
0.002935
0.006321
0.006869
0.001395
0.009717
0.008554
0.002567
0.003599
0.009072
0.002910
0.008988
0.001977
0.003043
0.001981
0.003353
0.006889
0.009766
0.007788
0.004772
0.004263
0.003640
0.008988
0.003885
0.009150
0.002039
0.009071
0.002103
0.002671
0.000674
0.003944
0.009719
0.003599
0.000265
0.006588
0.004984
0.009972
0.005142
0.007541
0.003571
0.004214
0.000451
0.002559
0.006181
0.003484
0.004531
0.009524
0.000373
0.004296
0.007313
0.005135
0.008549
0.000952
0.004123
0.002434
0.000102
0.006152
0.001505
0.002195
0.008812
0.002169
0.006129
0.008531
0.005758
0.006385
0.005119
0.000742
0.006357
0.000260
0.008274
0.009917
0.004464
0.008715
0.002477
0.000645
0.002199
0.006997
0.000170
0.002562
0.001294
0.007473
0.007687
0.009833
0.008415
0.001810
0.002267
0.008507
0.007952
0.003763
0.000702
0.006764
0.005922
0.006821
0.005295
0.001680
0.003206
0.000413
0.002412
0.009552
0.000663
0.000686
0.009470
0.005118
0.009391
0.001946
0.005753
0.001590
0.008934
0.005913
0.004142
0.000227
0.003385
0.001829
0.000060
0.001800
0.003629
0.002318
0.000307
0.001581
0.006070
0.000999
0.008334
0.001992
0.007810
0.003629
0.003662
0.001015
0.004032
0.006064
0.000568
0.004686
0.006740
0.000037
0.009793
0.006130
0.001973
0.005546
0.007710
0.000907
0.001459
0.001852
0.001124
0.004834
0.003670
0.001175
0.006624
0.007289
0.003482
0.006921
0.008860
0.009543
0.007910
0.007194
0.001535
0.005720
0.000823
0.005187
0.006725
0.004846
0.001251
0.007283
0.009521
0.007981
0.007310
0.009314
0.004111
0.009274
0.004861
0.001821
0.000181
0.006310
0.003662
0.001295
0.001144
0.007323
0.002460
0.007758
0.004612
0.005932
0.004680
0.003472
0.005475
0.002590
0.000666
0.007000
0.008300
0.001479
0.002187
0.005025
0.006315
0.003428
0.002308
0.005836
0.001409
0.009608
0.005150
0.005510
0.008882
0.000011
0.007320
0.009053
0.006311
0.000983
0.000347
0.007445
0.008295
0.002797
0.005203
0.002907
0.008719
0.009873
0.006369
0.004194
0.002463
0.007025
0.001194
0.000763
0.008494
0.003371
0.005778
0.004809
0.006789
0.008076
0.000645
0.008187
0.007685
0.005785
0.003697
0.006567
0.005787
0.001017
0.005619
0.002097
0.001990
0.005957
0.009532
0.000285
0.008744
0.004735
0.003182
0.007463
0.004607
0.009541
0.001657
0.007060
0.006566
0.002840
0.007813
0.005061
0.006201
0.003591
0.009860
0.002990
0.001667
0.000505
0.001178
0.009342
0.006280
0.004865
0.005908
0.002067
0.005872
0.001527
