0.004154
0.007852
0.007474
0.003686
0.008127
0.006218
0.008410
0.001309
0.003680
0.003018
0.000850
0.005327
0.000078
0.007407
0.008157
0.007881
0.002467
0.004359
0.001472
0.002327
0.007339
0.003129
0.002822
0.008506
0.002470
0.009092
0.003371
0.008368
0.001159
0.009233
0.009886
0.005303
0.007084
0.007360
0.008979
0.005211
0.003577
0.007389
0.006510
0.007248
0.000407
0.007351
0.002574
0.000475
0.004757
0.000732
0.008346
0.007215
0.005081
0.009807
0.009532
0.002419
0.002936
0.002354
0.000926
0.005396
0.001446
0.004287
0.003765
0.002596
0.003520
0.003650
0.007889
0.000604
0.001010
0.006867
0.005805
0.004577
0.004257
0.002315
0.001825
0.004653
0.009656
0.004389
0.005118
0.004413
0.005111
0.003464
0.001628
0.000192
0.003271
0.001160
0.002601
0.006197
0.003505
0.003517
0.001593
0.004941
0.007794
0.005348
0.007526
0.001314
0.008988
0.005415
0.001908
0.009988
0.002282
0.007703
0.004566
0.006529
0.000019
0.006381
0.001182
0.009665
0.000770
0.006290
0.004078
0.005871
0.009744
0.005697
0.006053
0.003015
0.006847
0.008645
0.009202
0.000351
0.002162
0.000796
0.005282
0.009946
0.006133
0.002809
0.001260
0.005122
0.008214
0.003158
0.005110
0.000496
0.000861
0.009666
0.007015
0.000870
0.006047
0.008187
0.000535
0.006807
0.004478
0.004603
0.002678
0.004222
0.000300
0.008721
0.007227
0.007137
0.007366
0.006429
0.007478
0.009518
0.007215
0.002760
0.009465
0.003348
0.005559
0.000725
0.008460
0.003773
0.003873
0.003570
0.004259
0.004725
0.003236
0.001274
0.005585
0.009273
0.009451
0.006110
0.006079
0.003929
0.000713
0.008747
0.008141
0.001002
0.007468
0.005368
0.008129
0.004835
0.001797
0.005607
0.004353
0.009002
0.008358
0.003818
0.002351
0.003917
0.004533
0.000811
0.007680
0.008396
0.004371
0.001939
0.003120
0.007597
0.003203
0.008695
0.006869
0.002655
0.004805
0.002948
0.006574
0.005507
0.001696
0.004715
0.006500
0.009154
0.000083
0.004629
0.003989
0.001870
0.000236
0.008332
0.000872
0.008583
0.002149
0.003213
0.002500
0.006672
0.004014
0.000180
0.005068
0.008374
0.002109
0.008178
0.005971
0.005302
0.006873
0.002840
0.007946
0.001678
0.005779
0.004520
0.007175
0.007464
0.009225
0.003675
0.006618
0.009297
0.008293
0.000607
0.001167
0.008519
0.008928
0.002030
0.007102
0.001078
0.005233
0.009592
0.007740
0.009236
0.009762
0.002808
0.007611
0.001871
0.000986
0.003582
0.007163
0.007849
0.006412
0.005109
0.009517
0.002191
0.009619
0.006692
0.009645
0.008843
0.000367
0.006263
0.008141
0.008650
0.006860
0.009298
0.007170
0.005789
0.001328
0.004272
0.006856
0.006551
0.003864
0.004596
0.005787
0.003627
0.007394
0.003398
0.005488
0.008370
0.006970
0.002650
0.006218
0.003382
0.007749
0.005735
0.005563
0.007368
0.002427
0.005208
0.006211
0.002784
0.001471
0.004352
0.001435
0.008321
0.003650
0.008594
0.004110
0.004967
0.002866
0.000967
0.001518
0.006720
0.005553
0.007295
0.000347
0.002947
0.000693
0.005825
0.001316
0.007653
0.008465
0.007525
0.001035
0.006214
0.003260
0.006587
0.003582
0.005677
0.001795
0.009783
0.008451
0.003256
0.004134
0.009876
0.001578
0.007774
0.008470
0.005678
0.002741
0.001336
0.006634
0.004249
0.008046
0.002187
0.001545
0.008383
0.005124
0.002228
0.004208
0.006430
0.009871
0.002673
0.003955
0.000905
0.008876
0.007205
0.007482
0.002458
0.002882
0.009267
0.002241
0.001333
0.002524
0.006365
0.001209
0.004091
0.004139
0.009669
0.009759
0.006870
0.001005
0.006394
0.001119
0.009041
0.008571
0.002654
0.007425
0.003695
0.004872
0.001633
0.000125
0.004742
0.004296
0.004070
0.005638
0.003172
0.001275
0.003120
0.005620
0.004147
0.002387
0.007851
0.005471
0.004901
0.004215
0.006670
0.008982
0.008344
0.006339
0.008742
0.005214
0.007334
0.005135
0.006324
0.006376
0.003706
0.008968
0.003800
0.007391
0.003840
0.005423
0.007507
0.008572
0.009709
0.001577
0.004209
0.002881
0.002842
0.007319
0.008491
0.006979
0.009697
0.006341
0.002450
0.004598
0.000557
0.009109
0.003580
0.008891
0.005448
0.002322
0.004105
0.002783
0.007447
0.000429
0.009148
0.001153
0.009386
0.002949
0.008535
0.003226
0.008362
0.006041
0.001798
0.008071
0.007608
0.005997
0.000951
0.000450
0.003317
0.009432
0.007419
0.003014
0.005773
0.009859
0.007601
0.006320
0.008969
0.001182
0.005211
0.004417
0.003493
0.009306
0.007190
0.000941
0.009724
0.006338
0.002084
0.009111
0.009277
0.000619
0.002337
0.007639
0.006650
0.004125
0.005709
0.004258
0.000122
0.006651
0.004699
0.003429
0.006083
0.002118
0.006433
0.001856
0.001977
0.004034
0.008166
0.000946
0.005206
0.003377
0.005353
0.008689
0.002683
0.002542
0.009620
0.002407
0.008870
0.001704
0.001518
0.008147
0.002313
0.003845
0.005785
0.008953
0.007960
0.001495
0.003211
0.008072
0.008135
0.007900
0.001502
0.004218
0.000018
0.007924
0.006064
0.001985
0.001959
0.004231
0.002921
0.007154
0.007597
0.008264
0.005844
0.000280
0.000806
0.005464
0.002677
0.009666
0.007158
0.004185
0.007813
0.009460
0.008020
0.003598
0.008413
0.005980
0.005083
0.001624
0.004053
0.003218
0.009514
0.005544
0.007426
0.009522
0.003469
0.003490
0.001507
0.005417
0.007711
0.004418
0.002572
0.005308
0.002682
0.008406
0.005578
0.003477
0.003869
0.008246
0.003143
0.001027
0.002431
0.000956
0.000488
0.000452
0.004544
0.008891
0.006422
0.009617
0.000515
0.000475
0.002835
0.000029
0.006009
0.000261
0.009541
0.009468
0.003741
0.001048
0.004885
0.001452
0.005456
0.007447
0.006750
0.008128
0.005852
0.002329
0.001605
0.009712
0.000574
0.004739
0.000739
0.002996
0.005685
0.001217
0.003438
0.000229
0.000108
0.009850
0.009836
0.000613
0.000325
0.002671
0.000632
0.006324
0.002922
0.000174
0.005792
0.006652
0.001212
0.000677
0.008094
0.006659
0.008114
0.004844
0.004787
0.003966
0.007163
0.006382
0.003678
0.007727
0.001121
0.004407
0.000723
0.006796
0.005614
0.004151
0.007015
0.005712
0.004001
0.006852
0.006315
0.004316
0.009512
0.006938
0.000640
0.002434
0.007101
0.006422
0.009076
0.008304
0.007089
0.007171
0.004962
0.005203
0.002015
0.009739
0.009159
0.009168
0.006121
0.002838
0.006895
0.007232
0.007235
0.007608
0.004028
0.002849
0.001759
0.001043
0.008552
0.005750
0.007885
0.004867
0.000065
0.007397
0.001805
0.000695
0.009821
0.008896
0.007107
0.008898
0.007200
0.004196
0.006068
0.002162
0.009389
0.008073
0.001901
0.008549
0.007241
0.008012
0.001386
0.004137
0.005244
0.008611
0.001745
0.009262
0.001461
0.003494
0.000306
0.000012
0.009234
0.008181
0.004869
0.009289
0.005578
0.006664
0.009974
0.005400
0.005560
0.007081
0.004297
0.002760
0.001278
0.000366
0.004912
0.000667
0.008429
0.006803
0.009206
0.005671
0.004815
0.000592
0.009797
0.000059
0.009194
0.001542
0.009312
0.000654
0.005026
0.009608
0.000657
0.004259
0.007789
0.005516
0.003548
0.003367
0.002179
0.003523
0.008757
0.007729
0.000604
0.003054
0.000489
0.001872
0.003410
0.005390
0.002529
0.001839
0.002193
0.001735
0.007499
0.006998
0.002317
0.007296
0.007048
0.001511
0.008828
0.006360
0.002156
0.003854
0.005968
0.002802
0.008103
0.003756
0.008308
0.001652
0.007113
0.000487
0.005164
0.005870
0.008206
0.005758
0.008914
0.008685
0.007620
0.002323
0.004075
0.000149
0.004152
0.006258
0.001874
0.001652
0.003257
0.004181
0.008938
0.000305
0.005682
0.007766
0.006654
0.007828
0.001620
0.002622
0.000630
0.009713
0.006368
0.008928
0.001365
0.003482
0.009404
0.006519
0.009342
0.007610
0.002277
0.008255
0.006295
0.009887
0.000579
0.000370
0.000036
0.004721
0.006618
0.001900
0.006363
0.009865
0.006071
0.005300
0.000170
0.001753
0.003066
0.006814
0.009571
0.004677
0.009426
0.000201
0.004390
0.005795
0.009119
0.005745
0.009266
0.008523
0.002264
0.008608
0.006134
0.004531
0.006863
0.002428
0.004418
0.007432
0.002788
0.004444
0.002153
0.009397
0.006334
0.008506
0.009261
0.002405
0.003806
0.009421
0.004148
0.006863
0.006235
0.003720
0.001539
0.005661
0.003911
0.005919
0.001456
0.003029
0.001664
0.000722
0.001553
0.003917
0.009320
0.007676
0.008438
0.006183
0.000105
0.002856
0.003616
0.002883
0.007290
0.005759
0.002279
0.003624
0.004265
0.001541
0.006019
0.008061
0.000962
0.000168
0.004923
0.007187
0.003878
0.006452
0.002848
0.007778
0.002371
0.004293
0.000808
0.004025
0.005005
0.002351
0.007932
0.004325
0.000027
0.006370
0.000509
0.000121
0.009217
0.004114
0.002994
0.006507
0.009863
0.005264
0.000132
0.004128
0.006795
0.006141
0.002188
0.007746
0.006299
0.007101
0.004933
0.000176
0.003554
0.007770
0.007945
0.005915
0.002064
0.008743
0.009929
0.007059
0.001093
0.007862
0.001384
0.001110
0.004232
0.001883
0.001221
0.003449
0.005987
0.004205
0.009946
0.005850
0.009459
0.000077
0.009968
0.006253
0.006208
0.002156
0.004000
0.002507
0.009248
0.008922
0.002673
0.002801
0.006693
0.000618
0.008706
0.008746
0.009351
0.008636
0.005805
0.000444
0.006497
0.007179
0.001544
0.000729
0.009052
0.002755
0.004168
0.005039
0.006950
0.004113
0.000889
0.006409
0.004180
0.000856
0.002663
0.000389
0.003003
0.006652
0.002886
0.002250
0.005575
0.005549
0.005041
0.002268
0.006157
0.003747
0.001014
0.005508
0.002383
0.006809
0.005942
0.008870
0.003988
0.007476
0.009589
0.003040
0.000231
0.003756
0.008068
0.007171
0.007860
0.008947
0.003580
0.002040
0.009793
0.006233
0.002419
0.002796
0.002885
0.005294
0.005036
0.008450
0.000843
0.000078
0.000717
0.006990
0.003815
0.001721
0.002498
0.006188
0.008520
0.008430
0.005058
0.002508
0.005906
0.004647
0.005538
0.006126
0.008394
0.003606
0.003297
0.006253
0.002553
0.006867
0.008283
0.002347
0.003100
0.000702
0.005133
0.005975
0.005986
0.000169
0.004425
0.006820
0.000237
0.005132
0.003810
0.004042
0.006844
0.006298
0.000230
0.005364
0.004728
0.005278
0.007863
0.000633
0.009915
0.003401
0.006750
0.008309
0.006997
0.000047
0.004562
0.009540
0.006904
0.002845
0.001887
0.009994
0.003538
0.007010
0.005969
0.009514
0.007169
0.000393
0.006334
0.007395
0.005516
0.000144
0.001437
0.002359
0.006431
0.001657
0.007713
0.001159
0.006925
0.005576
0.001783
0.006840
0.008967
0.008522
0.005148
0.005964
0.008559
0.009700
0.005504
0.005463
0.002545
0.007381
0.005457
0.006073
0.004391
0.001425
0.005587
0.001560
0.001808
0.001921
0.008945
0.007314
0.002055
0.000382
0.009663
0.008476
0.002029
0.007377
0.009625
0.008943
0.002952
0.001408
0.005783
0.001919
0.009920
0.000931
0.007873
0.008479
0.000631
0.003377
0.003942
0.003167
0.000758
0.009388
0.009230
0.005139
0.000813
0.004817
0.006689
0.002612
0.006728
0.005634
0.009916
0.008773
0.006006
0.009579
0.007249
0.008025
0.006956
0.006874
0.006968
0.009898
0.008272
0.002751
0.001817
0.008192
0.003673
0.009679
0.006671
0.004294
0.003056
0.000612
0.007451
0.003804
0.009991
0.006680
0.008933
0.000804
0.001497
0.005621
0.003406
0.008215
0.001255
0.003322
0.006988
0.007251
0.002901
0.004237
0.005276
0.009846
0.001110
0.002244
0.009744
0.009372
0.004986
0.001561
0.007564
0.008648
0.001241
0.004234
0.002942
0.004287
0.004837
0.000392
0.008081
0.004827
0.007063
0.007013
0.005621
0.008550
0.002634
0.009017
0.006766
0.003879
0.002338
0.003753
0.001130
0.005229
0.007980
0.006396
0.005075
0.009080
0.008630
0.004819
0.008452
0.003616
0.006371
0.006016
0.002264
0.007602
0.000250
0.005196
0.001888
0.005077
0.005578
0.009959
0.009894
0.002641
0.006972
0.005515
0.001191
0.009596
0.004531
0.007947
0.003476
0.006859
0.001700
0.004596
0.002088
0.009670
0.000992
0.007153
0.008750
0.009612
0.001973
0.007203
0.003228
0.008334
0.003219
0.005482
0.005935
0.003459
0.000678
0.007813
0.008526
0.006246
0.007772
0.008419
0.008877
0.004744
0.003934
0.000068
0.004341
0.008455
0.008005
0.007806
0.005315
0.009695
0.002402
0.007393
0.009365
0.003384
0.004546
0.008115
0.002997
0.006509
0.005318
0.006215
0.004843
0.008526
0.001697
0.000778
0.001985
0.002365
0.008581
0.000511
0.008602
0.006354
0.008920
0.007479
0.001098
0.002854
0.007537
0.005429
0.001309
0.005542
0.003235
0.006614
0.005236
0.005627
0.004007
0.004601
0.009001
0.008543
0.002716
0.001998
0.005052
0.008024
0.008203
0.009885
0.006550
0.009891
0.000663
0.008525
0.002256
0.009235
0.009026
0.000858
0.005588
0.007946
0.008327
0.006676
0.000800
0.005864
0.002105
0.002099
0.001405
0.005330
0.008703
0.006632
0.000957
0.002710
0.001233
0.009948
0.001253
0.003939
0.001946
0.006295
0.001963
0.000149
0.006180
0.008503
0.000040
0.006833
0.007029
0.002287
0.006068
0.006055
0.003135
0.001657
0.004001
0.001461
0.008323
0.004791
0.007315
0.000428
0.006880
0.008710
0.005748
0.005583
0.005342
0.006694
0.008283
0.006565
0.006642
0.009525
0.000504
0.008578
0.005821
0.002457
0.008718
0.002001
0.000960
0.008748
0.008824
0.007979
0.001034
0.004892
0.004034
0.004159
0.006539
0.008025
0.005610
0.004862
0.002816
0.002925
0.005280
0.009686
0.001636
0.001027
0.005269
0.006968
0.007711
0.003552
0.003533
0.004353
0.003077
0.004027
0.002932
0.008888
0.006474
0.001649
0.000888
0.007425
0.000397
0.009703
0.005404
0.001421
0.004595
0.009428
0.005570
0.001134
0.007452
0.001181
0.005986
0.000268
0.004096
0.001266
0.009944
0.005721
0.002283
0.005213
0.002689
0.009984
0.008755
0.006212
0.004338
0.001832
0.000239
0.007259
0.000720
0.006703
0.008898
0.001598
0.004128
0.009285
0.001301
0.009522
0.000707
0.005886
0.008949
0.006267
0.007010
0.006402
0.007438
0.002996
0.006660
0.001534
0.004252
0.006604
0.007246
0.006525
0.001818
0.009925
0.006509
0.000573
0.006137
0.000847
0.002395
0.006366
0.008096
0.003105
0.003070
0.006994
0.004693
0.007188
0.006280
0.005984
0.006709
0.006977
0.001871
0.005659
0.003244
0.008871
0.002060
0.000682
0.001867
0.008710
0.002207
0.006109
0.005314
0.009442
0.002634
0.007122
0.009367
0.009133
0.007685
0.005504
0.009970
0.000079
0.001870
0.008066
0.003174
0.004929
0.005061
0.007857
0.002117
0.001341
0.003841
0.008816
0.008308
0.005702
0.004475
0.001552
0.004573
0.006525
0.002224
0.006431
0.005235
0.004421
0.002540
0.000550
0.003863
0.005164
0.007662
0.003230
0.004298
0.005346
0.008723
0.004268
0.005416
0.000593
0.002334
0.008580
0.005513
0.007385
0.006437
0.007620
0.008716
0.000278
0.006436
0.007023
0.005970
0.000911
0.008565
0.000543
0.007426
0.000790
0.006964
0.002662
0.005201
0.009494
0.003201
0.009053
0.004658
0.000863
0.002283
0.008946
0.006199
0.001007
0.003214
0.001615
0.001590
0.005539
0.000195
0.007093
0.002924
0.006621
0.004712
0.001639
0.006890
0.001149
0.008653
0.002860
0.002050
0.007218
0.003393
0.009466
0.007997
0.000357
0.002128
0.003198
0.009841
0.005319
0.002251
0.004500
0.006172
0.004524
0.003446
0.002372
0.005521
0.006650
0.003977
0.007101
0.002189
0.004162
0.004194
0.005102
0.000783
0.008896
0.006732
0.007663
0.000045
0.005384
0.000523
0.002084
0.002602
0.003906
0.001550
0.000599
0.004253
0.003668
0.003787
0.004095
0.008977
0.006028
0.008585
0.005150
0.000553
0.002031
0.007512
0.006064
0.008671
0.001489
0.003165
0.000859
0.005640
0.007348
0.005952
0.006413
0.006244
0.002683
0.004076
0.006279
0.008057
0.004589
0.008353
0.000659
0.008484
0.009893
0.001248
0.002738
0.003562
0.005025
0.006823
0.002539
0.001053
0.005407
0.007679
0.001596
0.007428
0.005191
0.007649
0.006098
0.006669
0.000814
0.006948
0.002310
0.008152
0.002900
0.008713
0.004397
0.005573
0.002789
0.000676
0.003630
0.007368
0.009019
0.004279
0.005852
0.008912
0.005517
0.008580
0.002474
0.000542
0.005403
0.005003
0.001585
0.000810
0.002681
0.003171
0.008228
0.007862
0.000820
0.004326
0.004531
0.001624
0.001274
0.006831
0.009766
0.004163
0.005544
0.004163
0.009726
0.008323
0.004829
0.003356
0.005691
0.003847
0.007625
0.001543
0.002759
0.003142
0.000122
0.005223
0.003674
0.005515
0.000226
0.005249
0.006315
0.002897
0.008410
0.004542
0.000759
0.009220
0.008858
0.005280
0.000844
0.000132
0.002111
0.000610
0.004286
0.007645
0.004764
0.004012
0.005969
0.009582
0.007358
0.001659
0.003429
0.004984
0.003192
0.006179
0.008116
0.003304
0.001402
0.001790
0.008809
0.001618
0.007030
0.005124
0.004505
0.005440
0.009656
0.005254
0.004659
0.008515
0.000535
0.005493
0.008637
0.002636
0.006094
0.002922
0.000282
0.000857
0.006924
0.006240
0.000439
0.004283
0.007889
0.003859
0.009256
0.001081
0.000038
0.007372
0.004375
0.001430
0.009153
0.003184
0.003038
0.006183
0.008298
0.007533
0.001622
0.007954
0.002787
0.006272
0.006468
0.003311
0.001765
0.005105
0.005937
0.007849
0.008018
0.006209
0.008696
0.004942
0.002449
0.009126
0.009215
0.000338
0.002985
0.008471
0.001409
0.003012
0.005844
0.005774
0.004432
0.004997
0.008948
0.007460
0.001179
0.007245
0.004993
0.002792
0.005199
0.007769
0.009053
0.001668
0.001081
0.000818
0.006763
0.007008
0.008657
0.004781
0.003217
0.007353
0.009713
0.005656
0.006479
0.008928
0.005985
0.009454
0.007399
0.007384
0.002466
0.003243
0.003157
0.006888
0.008229
0.002105
0.004348
0.009399
0.009341
0.009331
0.002190
0.004540
0.007101
0.001244
0.006198
0.008171
0.002052
0.002961
0.005180
0.000710
0.007732
0.008387
0.008053
0.007445
0.004043
0.004532
0.006373
0.000028
0.003986
0.003772
0.007402
0.006442
0.007005
0.000559
0.003330
0.005234
0.002654
0.007669
0.004633
0.001995
0.007000
0.006813
0.006525
0.004101
0.008047
0.002723
0.002272
0.000099
0.005674
0.007442
0.000799
0.003406
0.005829
0.008842
0.000851
0.009862
0.003374
0.007214
0.009880
0.007350
0.000986
0.007282
0.003792
0.007980
0.007831
0.007112
0.003214
0.000485
0.004781
0.007837
0.002470
0.001781
0.004650
0.008986
0.005872
0.002697
0.001709
0.008134
0.002786
0.007373
0.005575
0.003575
0.000779
0.001404
0.002417
0.001620
0.001266
0.005781
0.008824
0.001146
0.003131
0.009799
0.008418
0.006913
0.007780
0.006249
0.004025
0.000994
0.006724
0.008796
0.008821
0.009185
0.000577
0.003471
0.008170
0.006439
0.006158
0.009869
0.004573
0.008935
0.007242
0.000148
0.002510
0.008011
0.001542
0.004917
0.009620
0.002798
0.000698
0.008444
0.003934
0.003819
0.008243
0.002352
0.000731
0.006023
0.008591
0.004746
0.007007
0.005316
0.003542
0.005828
0.004501
0.004109
0.009289
0.002671
0.000548
0.005447
0.002540
0.005111
0.004382
0.009772
0.005249
0.006882
0.007782
0.006781
0.001799
0.007403
0.009569
0.002487
0.005847
0.003504
0.006295
0.004090
0.005846
0.007017
0.000113
0.004437
0.001763
0.007109
0.009743
0.005295
0.002937
0.004244
0.009394
0.002226
0.006904
0.009932
0.007663
0.009434
0.005042
0.002045
0.009206
0.000291
0.008917
0.006988
0.007062
0.000716
0.004391
0.006631
0.003193
0.000238
0.000135
0.009478
0.004318
0.005971
0.006495
0.004420
0.000408
0.008247
0.001529
0.000151
0.003542
0.004456
0.004385
0.002936
0.006672
0.001289
0.002868
0.004335
0.000724
0.007900
0.006370
0.009920
0.008181
0.005288
0.006908
0.005243
0.005994
0.001299
0.001874
0.009177
0.001527
0.001999
0.008656
0.005835
0.007960
0.005151
0.000255
0.008358
0.003398
0.001774
0.008499
0.006930
0.006220
0.002884
0.009856
0.002892
0.004163
0.002723
0.007217
0.004876
0.000623
0.003588
0.004796
0.008794
0.008866
0.001704
0.004037
0.004860
0.002994
0.005901
0.004037
0.004511
0.007890
0.002693
0.000345
0.005850
0.007834
0.000590
0.004208
0.001232
0.002354
0.002707
0.008152
0.008564
0.005580
0.008007
0.001457
0.009733
0.000731
0.008664
0.004609
0.001344
0.002251
0.009395
0.000138
0.001117
0.001100
0.004165
0.005967
0.004083
0.000066
0.009994
0.008584
0.007946
0.002687
0.008919
0.003796
0.000521
0.009499
0.007994
0.001742
0.001854
0.000701
0.009884
0.000418
0.006271
0.007891
0.001864
0.006004
0.008612
0.000528
0.000613
0.009946
0.002769
0.009999
0.000084
0.003876
0.001098
0.004239
0.009833
0.005171
0.004296
0.009827
0.003755
0.002242
0.002514
0.002674
0.006029
0.003024
0.002173
0.004023
0.004756
0.004017
0.004713
0.004640
0.004425
0.000984
0.002531
0.006279
0.006978
0.001142
0.006797
0.007581
0.001088
0.009557
0.007580
0.001163
0.003433
0.008669
0.005392
0.003266
0.003840
0.009678
0.003092
0.007585
0.001920
0.005596
0.000259
0.007939
0.008610
0.002423
0.001962
0.003366
0.006430
0.006665
0.007995
0.000855
0.007639
0.000526
0.007124
0.004617
0.001659
0.003922
0.002198
0.002737
0.003478
0.009769
0.003890
0.006901
0.008437
0.009272
0.000167
0.002277
0.008950
0.003249
0.009853
0.000870
0.008835
0.000112
0.008799
0.007444
0.002525
0.000761
0.000810
0.008945
0.007416
0.008796
0.009790
0.005055
0.009312
0.006914
0.009661
0.000971
0.000835
0.001860
0.003698
0.004304
0.001628
0.007577
0.001205
0.000066
0.006849
0.001362
0.002333
0.005798
0.004601
0.002185
0.006658
0.003436
0.002287
0.005458
0.000880
0.004802
0.006209
0.001680
0.003747
0.003625
0.000476
0.003537
0.008669
0.009778
0.000450
0.008331
0.000748
0.001276
0.000190
0.004436
0.005570
0.001809
0.002013
0.006765
0.001864
0.008852
0.008117
0.004187
0.004650
0.002718
0.006363
0.001309
0.006144
0.008640
0.006756
0.007014
0.003442
0.002965
0.008684
0.007179
0.006580
0.009150
0.000716
0.005249
0.008928
0.001156
0.003579
0.009666
0.002422
0.003760
0.004102
0.007982
0.005559
0.006105
0.004747
0.007413
0.004957
0.002864
0.001600
0.009597
0.005572
0.007953
0.000905
0.001715
0.006593
0.007652
0.008719
0.000035
0.000617
0.007403
0.007204
0.007186
0.006553
0.007910
0.002435
0.005480
0.009056
0.006005
0.005146
0.001478
0.009755
0.009238
0.009450
0.005313
0.005343
0.004197
0.002726
0.000299
0.007050
0.004317
0.009886
0.002622
0.002269
0.000791
0.004327
0.008852
0.008433
0.003046
0.008877
0.009040
0.000449
0.006081
0.006226
0.006992
0.003991
0.008651
0.002472
0.003047
0.004656
0.007609
0.004515
0.004411
0.006846
0.003965
0.009714
0.002189
0.008152
0.002440
0.002478
0.005202
0.006747
0.002364
0.007814
0.009006
0.003145
0.002141
0.007859
0.001578
0.005178
0.006736
0.000618
0.005617
0.002817
0.006834
0.002609
0.006798
0.005486
0.005072
0.009836
0.000142
0.002680
0.004351
0.004543
0.009517
0.008306
0.004257
0.001706
0.006458
0.006687
0.004174
0.001660
0.003434
0.006528
0.009464
0.002440
0.009663
0.001605
0.000299
0.001242
0.006773
0.007024
0.001850
0.002390
0.009831
0.008674
0.004989
0.006630
0.004160
0.000061
0.006465
0.004292
0.002731
0.000817
0.008824
0.002248
0.009113
0.003081
0.003943
0.005571
0.009758
0.008107
0.007221
0.003192
0.004635
0.006685
0.005622
0.004299
0.008280
0.005910
0.005530
0.005053
0.002935
0.007370
0.007433
0.002766
0.006044
0.002422
0.009386
0.000204
0.002473
0.005852
0.004486
0.005194
0.006658
0.003310
0.007431
0.005771
0.006381
0.001375
0.001342
0.006139
0.009472
0.008553
0.009320
0.004107
0.005238
0.004942
0.008396
0.003517
0.000852
0.003926
0.008560
0.003777
0.001296
0.005993
0.006533
0.007330
0.008405
0.005919
0.007523
0.000877
0.001771
0.002009
0.006061
0.008419
0.005309
0.003492
0.004190
0.001690
0.004857
0.005522
0.007819
0.004329
0.004075
0.007139
0.008426
0.009302
0.002081
0.006822
0.002820
0.002923
0.000748
0.001380
0.006690
0.002034
0.007363
0.003224
0.009353
0.005767
0.009133
0.006877
0.006635
0.000904
0.008876
0.002695
0.009313
0.004185
0.006178
0.003503
0.005864
0.001034
0.009015
0.003683
0.005353
0.003090
0.000822
0.003779
0.002392
0.002893
0.000601
0.005202
0.005806
0.001339
0.006572
0.002496
0.003362
0.003935
0.005710
0.002716
0.009692
0.004843
0.009582
0.006327
0.005737
0.008458
0.009012
0.005050
0.002643
0.005189
0.008543
0.008497
0.006214
0.007558
0.002180
0.001567
0.000648
0.002992
0.005336
0.003030
0.005875
0.005927
0.008223
0.001680
0.007256
0.004795
0.004166
0.000619
0.008719
0.009866
0.003325
0.008411
0.004708
0.002907
0.004738
0.000445
0.001365
0.003750
0.005485
0.003998
0.008929
0.004028
0.002495
0.005143
0.001586
0.004666
0.006700
0.002224
0.007648
0.002036
0.005245
0.003522
0.007954
0.003467
0.005192
0.005210
0.008252
0.009349
0.005819
0.006971
0.009214
0.009134
0.005382
0.003923
0.002041
0.000120
0.004358
0.003396
0.003860
0.009833
0.007384
0.002789
0.003861
0.009870
0.007922
0.005437
0.004535
0.004622
0.007651
0.002183
0.006648
0.002896
0.005695
0.004602
0.006353
0.000888
0.009803
0.004604
0.000236
0.005622
0.001575
0.009441
0.004756
0.006948
0.003364
0.006786
0.007058
0.007712
0.000183
0.000918
0.007545
0.007557
0.003697
0.001406
0.007427
0.001619
0.006832
0.001962
0.006231
0.004483
0.004135
0.002879
0.007369
0.009820
0.007471
0.003721
0.000708
0.007274
0.008316
0.000934
0.002896
0.009881
0.000375
0.007641
0.006829
0.003729
0.004427
0.003887
0.001441
0.004600
0.004794
0.008975
0.002157
0.008481
0.000381
0.009574
0.000099
0.007203
0.001536
0.006320
0.001687
0.005661
0.009189
0.009045
0.005481
0.006660
0.002767
0.006179
0.003934
0.001083
0.007103
0.006820
0.000964
0.007468
0.004461
0.007783
0.001197
0.008878
0.001669
0.002628
0.003478
0.006453
0.001603
0.005625
0.004934
0.001974
0.005199
0.005024
0.009168
0.006724
0.001344
0.000854
0.002385
0.000533
0.009890
0.007856
0.007183
0.002656
0.004035
0.001117
0.003729
0.001139
0.007926
0.004683
0.008597
0.002387
0.002465
0.009784
0.001265
0.004125
0.002412
0.004733
0.000578
0.004006
0.000358
0.005502
0.005970
0.005546
0.000526
0.005138
0.002271
0.001859
0.005982
0.004646
0.002382
0.005872
0.002502
0.009555
0.008518
0.006527
0.000671
0.002247
0.007656
0.008588
0.006920
0.006253
0.000974
0.009375
0.006038
0.002229
0.003500
0.008440
0.006952
0.004068
0.002446
0.007300
0.009560
0.008406
0.002846
0.000086
0.003544
0.005107
0.001935
0.009516
0.009743
0.004307
0.005387
0.002245
0.003862
0.003906
0.008762
0.004523
0.006143
0.006418
0.003111
0.003062
0.002672
0.004075
0.002438
0.008700
0.006294
0.005928
0.007140
0.003246
0.009985
0.009576
0.000546
0.009545
0.007982
0.003382
0.009621
0.001526
0.008479
0.001557
0.001041
0.008222
0.005854
0.006419
0.000467
0.009706
0.000324
0.009220
0.004229
0.006457
0.005638
0.007330
0.009509
0.008300
0.001405
0.001947
0.006999
0.007689
0.007865
0.004139
0.000936
0.007850
0.003715
0.001472
0.007395
0.001697
0.004844
0.007017
0.003212
0.003324
0.008563
0.004243
0.001546
0.004417
0.000662
0.002003
0.004123
0.000977
0.001223
0.008342
0.007424
0.006851
0.005672
0.006933
0.005151
0.007067
0.008870
0.002150
0.004756
0.006735
0.006279
0.005682
0.004585
0.009984
0.007144
0.001980
0.001680
0.001988
0.008987
0.004882
0.005302
0.007550
0.009116
0.006838
0.001967
0.009768
0.008832
0.006080
0.000745
0.000055
0.004422
0.008158
0.006896
0.000094
0.005091
0.002046
0.007151
0.003961
0.004186
0.001907
0.000696
0.000465
0.007579
0.005271
0.000449
0.004723
0.007242
0.002120
0.006701
0.006229
0.006992
0.002003
0.003779
0.006108
0.008831
0.005736
0.005876
0.007663
0.001816
0.006610
0.007708
0.006228
0.004768
0.004604
0.006312
0.009850
0.006640
0.003462
0.003811
0.000827
0.005359
0.004497
0.001282
0.002938
0.009759
0.001721
0.007650
0.007000
0.003831
0.004351
0.003229
0.000823
0.006344
0.006998
0.006921
0.005176
0.002734
0.002796
0.002839
0.004540
0.009397
0.000547
0.000768
0.004165
0.005141
0.007070
0.004015
0.001781
0.000532
0.007816
0.002598
0.005881
0.002313
0.003870
0.008808
0.002072
0.005581
0.006459
0.009062
0.009402
0.000810
0.002291
0.000225
0.007144
0.009278
0.007136
0.002320
0.002012
0.009922
0.005149
0.006542
0.009318
0.005686
0.007300
0.003483
0.000828
0.004369
0.007488
0.002599
0.004891
0.005304
0.005187
0.000772
0.007607
0.009047
0.009570
0.009668
0.004628
0.006029
0.008730
0.004030
0.006829
0.001020
0.004245
0.003973
0.000299
0.001381
0.006283
0.002301
0.001302
0.001432
0.008832
0.000621
0.007109
0.006132
0.004094
0.007926
0.000501
0.001582
0.000525
0.005382
0.006876
0.005702
0.006144
0.004483
0.004749
0.005714
0.004151
0.009367
0.001743
0.002881
0.003397
0.008562
0.003891
0.007632
0.002535
0.004180
0.009003
0.008808
0.006471
0.000305
0.000240
0.005303
0.000916
0.007339
0.001435
0.005000
0.005266
0.001926
0.006573
0.005781
0.007299
0.003449
0.001483
0.003443
0.007922
0.006222
0.009147
0.002073
0.005589
0.000890
0.004944
0.008976
0.009442
0.008825
0.006608
0.001977
0.003005
0.005611
0.000786
0.009465
0.005906
0.001016
0.004768
0.006812
0.008345
0.006193
0.001813
0.003611
0.008110
0.008376
0.009382
0.005408
0.001825
0.000865
0.008841
0.009737
0.007076
0.007988
0.001810
0.002665
0.008868
0.006743
0.001641
0.008311
0.005568
0.008240
0.000288
0.008563
0.003850
0.001064
0.008029
0.009747
0.002070
0.002797
0.006559
0.000415
0.008980
0.008362
0.004016
0.007089
0.006737
0.003397
0.002498
0.008552
0.004252
0.001339
0.008289
0.001328
0.009317
0.000099
0.003984
0.008185
0.006832
0.005615
0.006495
0.002400
0.003854
0.006774
0.000964
0.007695
0.007827
0.008982
0.007441
0.009887
0.001779
0.004000
0.000302
0.000759
0.002362
0.004307
0.007838
0.009089
0.007695
0.000336
0.007641
0.001946
0.001664
0.005930
0.003265
0.000981
0.006019
0.007238
0.009156
0.002851
0.002853
0.005651
0.005241
0.006697
0.002425
0.006195
0.004392
0.000252
0.005177
0.001834
0.000139
0.006946
0.005824
0.000430
0.007695
0.008176
0.004728
0.005533
0.007265
0.002422
0.005859
0.004906
0.004359
0.007514
0.000836
0.007614
0.008485
0.006845
0.004852
0.007641
0.009685
0.007695
0.003292
0.004927
0.004392
0.005707
0.001122
0.008774
0.005949
0.006289
0.000608
0.006077
0.003235
0.006421
0.006498
0.000930
0.004597
0.001225
0.006454
0.001862
0.003638
0.002313
0.006757
0.007987
0.009817
0.007583
0.005600
0.008302
0.004428
0.000452
0.005942
0.004113
0.008137
0.009224
0.009030
0.002529
0.004931
0.000152
0.001303
0.000879
0.006431
0.001901
0.006947
0.009656
0.008312
0.003444
0.000586
0.002909
0.004660
0.007030
0.004761
0.008288
0.009333
0.001518
0.006274
0.009150
0.009091
0.001874
0.007452
0.003519
0.002316
0.003394
0.007622
0.000453
0.002618
0.006652
0.002971
0.007539
0.006794
0.004264
0.008408
0.003224
0.006155
0.005355
0.002881
0.004467
0.008789
0.003457
0.007366
0.003449
0.000487
0.002126
0.001737
0.009810
0.003634
0.008001
0.008960
0.002726
0.009866
0.006412
0.006234
0.002182
0.009796
0.003856
0.002625
0.002414
0.000508
0.005586
0.009942
0.007292
0.009840
0.008351
0.000516
0.005995
0.003705
0.003387
0.000462
0.002495
0.006834
0.007818
0.005934
0.007311
0.009934
0.007661
0.007121
0.003568
0.005662
0.006082
0.006284
0.005527
0.002493
0.002518
0.007699
0.002289
0.006365
0.000324
0.004693
0.006863
0.005900
0.004635
0.004155
0.005740
0.002986
0.004661
0.001735
0.006681
0.008038
0.002187
0.009166
0.004872
0.009994
0.005100
0.002182
0.009928
0.002761
0.009294
0.003497
0.008413
0.005375
0.009771
0.003940
0.007859
0.002289
0.001639
0.000148
0.008644
0.001953
0.004831
0.005507
0.007842
0.009456
0.009652
0.003582
0.002442
0.004313
0.005308
0.009114
0.002350
0.007484
0.008280
0.007212
0.007479
0.003380
0.009384
0.007407
0.006131
0.008678
0.000904
0.004543
0.004053
0.000674
0.008473
0.001912
0.002953
0.000112
0.002050
0.001597
0.002054
0.006870
0.007094
0.009887
0.006327
0.006745
0.003469
0.008759
0.001058
0.008767
0.007873
0.003398
0.006251
0.006152
0.000610
0.003730
0.009522
0.009984
0.001137
0.005653
0.008662
0.002031
0.000196
0.002716
0.002695
0.008658
0.004617
0.005638
0.008760
0.006657
0.007225
0.000814
0.003527
0.004319
0.000701
0.009844
0.001064
0.004160
0.008603
0.002112
0.002927
0.006476
0.005500
0.009168
0.002628
0.006100
0.002897
0.002150
0.006085
0.004024
0.007793
0.004747
0.006045
0.007978
0.007453
0.008730
0.006637
0.002070
0.004368
0.005397
0.008717
0.001593
0.006201
0.002244
0.005902
0.006892
0.002088
0.006956
0.001052
0.000692
0.009058
0.003969
0.007157
0.004559
0.003137
0.009775
0.000659
0.006024
0.001925
0.006733
0.000048
0.009708
0.001481
0.006083
0.007686
0.008924
0.004812
0.004323
0.000994
0.009170
0.009710
0.009701
0.000764
0.005911
0.001945
0.006656
0.002803
0.004023
0.003612
0.003846
0.004705
0.002671
0.007805
0.001862
0.007219
0.000942
0.001637
0.007868
0.006955
0.003552
0.004601
0.006993
0.003260
0.006072
0.003076
0.000946
0.004996
0.007878
0.005259
0.005979
0.007049
0.004968
0.005680
0.007802
0.000879
0.007615
0.004458
0.003673
0.001638
0.008060
0.007509
0.006333
0.000731
0.005314
0.008185
0.007940
0.006245
0.009813
0.005808
0.003201
0.003365
0.000409
0.000194
0.006615
0.006471
0.003260
0.007551
0.001467
0.001138
0.002809
0.007436
0.008177
0.007767
0.003116
0.005980
0.008637
0.000731
0.000438
0.002309
0.002359
0.008488
0.009808
0.008683
0.009209
0.005121
0.006868
0.007149
0.001367
0.006681
0.002957
0.004557
0.000045
0.003356
0.004741
0.006650
0.009817
0.007991
0.004201
0.001284
0.009120
0.007000
0.008710
0.007297
0.004767
0.001826
0.003277
0.003404
0.002547
0.003704
0.005703
0.004896
0.002192
0.005511
0.003579
0.001401
0.000632
0.000447
0.008540
0.001989
0.007118
0.001497
0.006536
0.007153
0.004843
0.001277
0.003803
0.004660
0.009258
0.007994
0.005935
0.008378
0.004994
0.004645
0.005675
0.009751
0.006461
0.008941
0.003154
0.008998
0.002646
0.008847
0.003895
0.004828
0.004358
0.007464
0.006219
0.004980
0.007901
0.004760
0.006958
0.005018
0.006247
0.003494
0.002171
0.001090
0.004762
0.005964
0.005740
0.004020
0.003958
0.001675
0.002398
0.008942
0.006310
0.008063
0.008692
0.002771
0.007004
0.001847
0.001769
0.009640
0.000694
0.005654
0.004468
0.005041
0.003117
0.000687
0.000021
0.001018
0.005437
0.006969
0.006026
0.001684
0.000464
0.008187
0.002764
0.005215
0.004152
0.008494
0.009225
0.008100
0.000169
0.001623
0.007042
0.006469
0.009676
0.005734
0.009230
0.006680
0.007571
0.000999
0.006320
0.008254
0.006643
0.000788
0.003296
0.009750
0.001465
0.003307
0.000768
0.006892
0.000276
0.006784
0.008565
0.000730
0.004972
0.001329
0.005936
0.009113
0.009813
0.005161
0.007213
0.009972
0.006774
0.004255
0.006441
0.006450
0.009979
0.005671
0.003130
0.007550
0.006660
0.009439
0.005804
0.003303
0.000227
0.009090
0.003054
0.001681
0.002397
0.003812
0.008563
0.002663
0.000597
0.007128
0.003383
0.005558
0.008447
0.009308
0.004672
0.008260
0.004469
0.001885
0.008232
0.001243
0.006130
0.004673
0.007683
0.006109
0.000344
0.000812
0.003659
0.006994
0.000251
0.009454
0.000298
0.000468
0.008544
0.003342
0.002139
0.000940
0.007144
0.000702
0.003593
0.007731
0.007820
0.006966
0.003289
0.006267
0.006274
0.007951
0.004527
0.000743
0.009826
0.002759
0.001976
0.005956
0.007422
0.009649
0.002065
0.007756
0.000461
0.005714
0.004751
0.000702
0.005168
0.005039
0.001160
0.003712
0.008371
0.003290
0.004642
0.005515
0.003982
0.008225
0.003245
0.001802
0.005191
0.006524
0.008060
0.001465
0.004475
0.002587
0.002198
0.004300
0.005337
0.004164
0.000256
0.002759
0.003813
0.002311
0.000515
0.004264
0.008016
0.005256
0.004956
0.003184
0.000295
0.006107
0.006886
0.008655
0.009386
0.001528
0.004170
0.003368
0.009743
0.007405
0.005160
0.004934
0.003929
0.003220
0.006390
0.008394
0.005797
0.008578
0.002694
0.001134
0.002742
0.002940
0.003883
0.006546
0.005241
0.004388
0.000810
0.003257
0.009634
0.005756
0.006431
0.009918
0.001863
0.003317
0.008574
0.001249
0.004835
0.002743
0.004607
0.004578
0.000148
0.009758
0.009503
0.004067
0.002978
0.005892
0.002461
0.008765
0.004470
0.005145
0.009889
0.007202
0.008075
0.003772
0.003748
0.003317
0.008150
0.004548
0.006564
0.007784
0.000304
0.002995
0.007702
0.002157
0.006302
0.006276
0.003396
0.001136
0.009009
0.007993
0.005705
0.009148
0.007751
0.005207
0.003215
0.000729
0.001099
0.005666
0.009485
0.005559
0.000812
0.009374
0.002762
0.008877
0.003146
0.006500
0.002194
0.001296
0.001047
0.008747
0.009070
0.001341
0.001742
0.006772
0.003487
0.008034
0.003048
0.006873
0.009160
0.002057
0.004867
0.004865
0.001205
0.002618
0.000072
0.004410
0.003337
0.001161
0.000076
0.002822
0.006711
0.000878
0.002196
0.009463
0.009745
0.005332
0.005962
0.001939
0.006618
0.006999
0.000686
0.005688
0.008330
0.002418
0.002460
0.001818
0.000452
0.005498
0.008681
0.009602
0.007545
0.003548
0.004467
0.008740
0.006156
0.004529
0.003150
0.009483
0.005680
0.003216
0.002305
0.002391
0.004084
0.004491
0.001854
0.003829
0.009813
0.007806
0.005757
0.006431
0.004805
0.006434
0.002119
0.003135
0.008842
0.004569
0.004943
0.009284
0.000066
0.003624
0.008886
0.007601
0.007162
0.003352
0.006341
0.003317
0.007871
0.009481
0.002800
0.003551
0.002697
0.005095
0.005932
0.006771
0.009576
0.007776
0.000600
0.009389
0.005581
0.006347
0.005820
0.000386
0.002781
0.007929
0.003512
0.001623
0.002498
0.008444
0.000906
0.002554
0.002068
0.009782
0.000156
0.009220
0.003134
0.006487
0.002537
0.001005
0.005968
0.005328
0.004546
0.008655
0.000423
0.000478
0.005426
0.009990
0.008244
0.006016
0.009379
0.003825
0.002363
0.005199
0.004202
0.005134
0.003129
0.007703
0.006747
0.005617
0.006148
0.007643
0.008161
0.008206
0.007425
0.008307
0.007426
0.000560
0.004794
0.009953
0.001555
0.000762
0.005281
0.006091
0.009406
0.005694
0.006560
0.004832
0.005684
0.004804
0.000847
0.005063
0.008619
0.003200
0.000262
0.002821
0.008324
0.003381
0.000524
0.005071
0.008988
0.006662
0.002714
0.007150
0.004868
0.000139
0.005457
0.002294
0.000688
0.000251
0.002248
0.002233
0.001002
0.007519
0.008315
0.000408
0.003213
0.004875
0.005230
0.008887
0.009668
0.006067
0.003950
0.008288
0.009257
0.004202
0.001109
0.007582
0.007573
0.001623
0.002652
0.006562
0.008275
0.005356
0.003711
0.003144
0.005485
0.009158
0.005428
0.006164
0.009399
0.007666
0.008387
0.000402
0.005185
0.006702
0.000800
0.008387
0.001576
0.006020
